0 0 0.00585607 0.193696 0.427579 0.10777 0.00447284 0.00197053 0.0213591 0.210872 0 0 0 0 0 0 0 0 0 0 0 972
0 0 0.00465946 0.193538 0.429877 0.101279 0.00445012 0.00194352 0.0221728 0.207079 0 0 0 0 0 0 0 0 0 0 0 1022
0 0 0.00362756 0.194232 0.424812 0.0974994 0.00443999 0.00190269 0.0231786 0.201467 0 0 0 0 0 0 0 0 0 0 0 1072
0 0 0.00316501 0.195057 0.422089 0.0986577 0.0044569 0.00188238 0.0234082 0.198505 0 0 0 0 0 0 0 0 0 0 0 1122
0 0 0.00276311 0.196181 0.420796 0.098721 0.00444566 0.00187841 0.0229507 0.197512 0 0 0 0 0 0 0 0 0 0 0 1174
0 0 0.00256492 0.197257 0.424408 0.09343 0.0044239 0.00187357 0.0235352 0.196794 0 0 0 0 0 0 0 0 0 0 0 1226
0 0 0.00239117 0.198011 0.41957 0.0918042 0.00444067 0.00186555 0.0234925 0.195224 0 0 0 0 0 0 0 0 0 0 0 1278
0 0 0.00239117 0.198011 0.41957 0.0918042 0.00444067 0.00186555 0.0234925 0.195224 0 0 0 0 0 0 0 0 0 0 0 1330
0 0 0.00243446 0.201054 0.416045 0.0950175 0.00449235 0.00184782 0.0236075 0.194277 0 0 0 0 0 0 0 0 0 0 0 1384
0 0 0.00253724 0.202348 0.395678 0.0983534 0.00452804 0.00182577 0.0234876 0.192495 0 0 0 0 0 0 0 0 0 0 0 1436
0 0 0.00260065 0.201818 0.395445 0.104857 0.00454025 0.00182829 0.0232634 0.192811 0 0 0 0 0 0 0 0 0 0 0 1489
0 0 0.00270805 0.200674 0.404189 0.0945363 0.00456373 0.00183278 0.0232539 0.193702 0 0 0 0 0 0 0 0 0 0 0 1540
0 0 0.0026476 0.198591 0.421835 0.0916894 0.00456842 0.00184162 0.0233631 0.195013 0 0 0 0 0 0 0 0 0 0 0 1590
0 0 0.00257197 0.197487 0.431565 0.0925777 0.0045637 0.00187791 0.0228093 0.199207 0 0 0 0 0 0 0 0 0 0 0 1644
0 0 0.0026133 0.19782 0.439104 0.0987207 0.00456209 0.00192044 0.0219841 0.204203 0 0 0 0 0 0 0 0 0 0 0 1696
0 0 0.0026133 0.19782 0.439104 0.0987207 0.00456209 0.00192044 0.0219841 0.204203 0 0 0 0 0 0 0 0 0 0 0 1749
0 0 0.00276774 0.200265 0.457178 0.115334 0.00454723 0.00202305 0.0202686 0.216329 0 0 0 0 0 0 0 0 0 0 0 1803
0 0 0.00304603 0.207414 0.492316 0.159758 0.00452005 0.00224125 0.0171212 0.243468 0 0 0 0 0 0 0 0 0 0 0 1854
0 0 0.00380045 0.21359 0.564844 0.279602 0.00445979 0.00268644 0.0130251 0.296589 0 0 0 0 0 0 0 0 0 0 0 1907
0 0 0.00594545 0.219209 0.723531 0.811542 0.00436047 0.00377075 0.00773107 0.432595 0 0 0 0 0 0 0 0 0 0 0 1958
0 0 0.00995543 0.222247 0.939574 2.894 0.00408183 0.00621864 0.00396047 0.681311 0 0 0 0 0 0 0 0 0 0 0 2010
0 0 0.0125555 0.233454 1.00762 6.95566 0.00345586 0.0119022 0.00219685 0.940843 0 0 0 0 0 0 0 0 0 0 0 2061
0 0 0.0124763 0.157413 0.823929 16.389 0.00219319 0.0465769 0.000886651 1.31479 5.71972 0 0 0 0 0 0 0 0 0 0 2114
0 0 0.00518402 0.0500676 0.336714 18.8783 0.00083673 0.514749 0.000311167 1.39651 21.2031 0 0 0 0 0 0 0 0 0 0 2168
0 0 0.00169691 0.0110413 0.10542 32.6201 0.000231391 11.705 7.26081e-05 1.58974 41.7884 0 0 0 0 0 0 0 0 0 0 2233
0 0 0.00169691 0.0110413 0.10542 32.6201 0.000231391 11.705 7.26081e-05 1.58974 41.7884 0 0 0 0 0 0 0 0 0 0 2337
0 0 0.000173798 0.00101068 0.0128513 97.1331 3.17515e-05 93.6269 1.3468e-05 1.29396 74.0561 0 0 0 0 0 0 0 0 0 0 2389
0 0 0.000125487 0.00115856 0.0117686 95.6313 3.81188e-05 86.9752 2.80543e-05 0.881732 70.6339 0 0 0 0 0 0 0 0 0 0 2441
0 0 0.000145654 0.00283559 0.0182287 79.4753 8.39523e-05 39.1513 0.000120958 0.547242 57.386 0 0 0 0 0 0 0 0 0 0 2491
0 0 0.000145654 0.00283559 0.0182287 79.4753 8.39523e-05 39.1513 0.000120958 0.547242 57.386 0 0 0 0 0 0 0 0 0 0 2544
0 0 0.000182413 0.00586289 0.0277851 47.2178 0.000162334 8.56026 0.000381731 0.395029 46.3111 0 0 0 0 0 0 0 0 0 0 2597
0 0 0.000742747 0.0473055 0.136287 1.61058 0.000957049 0.0751052 0.00395845 0.302427 16.2927 0 0 0 0 0 0 0 0 0 0 2652
0 0 0.000742747 0.0473055 0.136287 1.61058 0.000957049 0.0751052 0.00395845 0.302427 16.2927 0 0 0 0 0 0 0 0 0 0 2704
0 0 0.00125795 0.0918566 0.241993 0.39751 0.00181699 0.0138926 0.00887919 0.279117 5.70703 0 0 0 0 0 0 0 0 0 0 2758
0 0 0.00176033 0.147508 0.356356 0.145502 0.00282325 0.00407175 0.0162497 0.256756 0 0 0 0 0 0 0 0 0 0 0 2809
0 0 0.00198647 0.176533 0.414474 0.103352 0.0032235 0.00248097 0.0210377 0.254586 0 0 0 0 0 0 0 0 0 0 0 2864
0 0 0.00212412 0.188301 0.439818 0.100993 0.0033001 0.00209329 0.0221547 0.256083 0 0 0 0 0 0 0 0 0 0 0 2915
0 0 0.00214675 0.191795 0.447947 0.100282 0.00321886 0.00198434 0.0230192 0.263883 0 0 0 0 0 0 0 0 0 0 0 2970
0 0 0.00209759 0.192617 0.44851 0.0984689 0.00314297 0.0019456 0.0241029 0.27042 0 0 0 0 0 0 0 0 0 0 0 3027
0 0 0.00204494 0.192904 0.443131 0.0931235 0.00319942 0.00190598 0.0251897 0.263783 0 0 0 0 0 0 0 0 0 0 0 3081
0 0 0.00200337 0.192953 0.439781 0.0901652 0.00330238 0.00188581 0.0260635 0.256232 0 0 0 0 0 0 0 0 0 0 0 3134
0 0 0.00199776 0.192984 0.436592 0.0876129 0.00319736 0.00186856 0.02632 0.253676 0 0 0 0 0 0 0 0 0 0 0 3185
0 0 0.00194651 0.193015 0.432521 0.0977281 0.0031566 0.00184821 0.0281901 0.248996 0 0 0 0 0 0 0 0 0 0 0 3237
0 0 0.00190597 0.19305 0.431902 0.126289 0.00296243 0.00184372 0.0321343 0.253184 0 0 0 0 0 0 0 0 0 0 0 3291
0 0 0.00190597 0.19305 0.431902 0.126289 0.00296243 0.00184372 0.0321343 0.253184 0 0 0 0 0 0 0 0 0 0 0 3342
0 0 0.00192268 0.193031 0.429958 0.203103 0.00233855 0.00183545 0.0375725 0.269123 0 0 0 0 0 0 0 0 0 0 0 3393
0 0 0.00190728 0.192968 0.42884 0.194823 0.00233798 0.00183259 0.0386349 0.274664 0 0 0 0 0 0 0 0 0 0 0 3446
0 0 0.00216505 0.193008 0.427192 0.168044 0.00250134 0.00182418 0.0355 0.262819 0 0 0 0 0 0 0 0 0 0 0 3498
0 0 0.00216505 0.193008 0.427192 0.168044 0.00250134 0.00182418 0.0355 0.262819 0 0 0 0 0 0 0 0 0 0 0 3551
0 0 0.00341059 0.193057 0.427043 0.115741 0.00269822 0.00182201 0.0316454 0.265943 0 0 0 0 0 0 0 0 0 0 0 3606
0 0 0.00678059 0.19307 0.427394 0.0995842 0.00274316 0.00182215 0.0328023 0.279907 0 0 0 0 0 0 0 0 0 0 0 3657
0 0 0.00678059 0.19307 0.427394 0.0995842 0.00274316 0.00182215 0.0328023 0.279907 0 0 0 0 0 0 0 0 0 0 0 3711
0 0 0.00884693 0.19326 0.430408 0.0914819 0.00254893 0.00181737 0.0321127 0.296795 0 0 0 0 0 0 0 0 0 0 0 3764
0 0 0.00884532 0.193651 0.438383 0.0885757 0.00255997 0.00180513 0.0324708 0.299167 0 0 0 0 0 0 0 0 0 0 0 3818
0 0 0.0071809 0.194096 0.452476 0.0881371 0.00278495 0.00179355 0.0367448 0.301312 0 0 0 0 0 0 0 0 0 0 0 3870
0 0 0.00631557 0.194742 0.466533 0.0879033 0.00295402 0.00177934 0.0380089 0.295632 0 0 0 0 0 0 0 0 0 0 0 3925
0 0 0.00563632 0.194915 0.48113 0.0901717 0.00286477 0.00178222 0.044006 0.324583 0 0 0 0 0 0 0 0 0 0 0 3980
0 0 0.00641253 0.195448 0.445887 0.0874433 0.00273953 0.00176621 0.0438634 0.329907 0 0 0 0 0 0 0 0 0 0 0 4032
0 0 0.00615732 0.195013 0.432146 0.0863852 0.00237868 0.00177915 0.0435999 0.360614 0 0 0 0 0 0 0 0 0 0 0 4085
0 0 0.00573431 0.194893 0.43114 0.0861719 0.00199156 0.00178399 0.0417841 0.394682 0 0 0 0 0 0 0 0 0 0 0 4138
0 0 0.00541525 0.194669 0.430155 0.085063 0.00181896 0.00178697 0.0393535 0.405851 0 0 0 0 0 0 0 0 0 0 0 4190
0 0 0.00541525 0.194669 0.430155 0.085063 0.00181896 0.00178697 0.0393535 0.405851 0 0 0 0 0 0 0 0 0 0 0 4243
0 0 0.00522445 0.194722 0.429006 0.0842783 0.00173808 0.00178145 0.0368498 0.402643 0 0 0 0 0 0 0 0 0 0 0 4295
0 0 0.00682243 0.195054 0.428627 0.084607 0.00167682 0.00177079 0.0353614 0.400725 0 0 0 0 0 0 0 0 0 0 0 4347
0 0 0.00777869 0.195741 0.428754 0.0859284 0.00171942 0.00175067 0.0345939 0.386595 0 0 0 0 0 0 0 0 0 0 0 4400
0 0 0.00616209 0.19716 0.429075 0.088047 0.00167437 0.0017065 0.039033 0.402901 0 0 0 0 0 0 0 0 0 0 0 4458
0 0 0.00365097 0.198852 0.432421 0.0910382 0.00152333 0.00166016 0.0489838 0.457987 0 0 0 0 0 0 0 0 0 0 0 4511
0 0 0.00171046 0.198886 0.430782 0.0912551 0.00126671 0.00165936 0.0799003 0.636725 0 0 0 0 0 0 0 0 0 0 0 4563
0 0 0.0010921 0.199197 0.430281 0.0927645 0.00112209 0.00165659 0.115799 0.809865 0 0 0 0 0 0 0 0 0 0 0 4617
0 0 0.00111524 0.200549 0.436175 0.100309 0.00110055 0.00164129 0.117634 0.829506 0 0 0 0 0 0 0 0 0 0 0 4667
0 0 0.000800711 0.199825 0.44306 0.105264 0.00157134 0.00169076 0.210565 0.915298 0 0 0 0 0 0 0 0 0 0 0 4722
0 0 0.000594965 0.197892 0.448457 0.106399 0.00196946 0.00177026 0.329015 1.04126 0 0 0 0 0 0 0 0 0 0 0 4773
0 0 0.00045272 0.19642 0.447673 0.10272 0.00248101 0.00181406 0.517005 1.1391 -1.72932 0 0 0 0 0 0 0 0 0 0 4823
0 0 0.00045272 0.19642 0.447673 0.10272 0.00248101 0.00181406 0.517005 1.1391 -1.72932 0 0 0 0 0 0 0 0 0 0 4876
0 0 0.000473768 0.195463 0.446906 0.100234 0.00268243 0.00184077 0.446723 1.03261 -0.996674 0 0 0 0 0 0 0 0 0 0 4930
0 0 0.000533626 0.194459 0.44906 0.100525 0.00241075 0.00187822 0.331057 0.987641 0 0 0 0 0 0 0 0 0 0 0 4984
0 0 0.000877941 0.194025 0.451952 0.10232 0.00215264 0.00190406 0.117944 0.681594 0 0 0 0 0 0 0 0 0 0 0 5038
0 0 0.00125889 0.193728 0.448871 0.0990047 0.00196233 0.00190198 0.0568895 0.516458 0 0 0 0 0 0 0 0 0 0 0 5092
0 0 0.00124046 0.193714 0.446574 0.0969971 0.00223538 0.00189303 0.0590579 0.482259 0 0 0 0 0 0 0 0 0 0 0 5144
0 0 0.00111823 0.193751 0.436879 0.0890384 0.00241803 0.00185144 0.0758293 0.494626 0 0 0 0 0 0 0 0 0 0 0 5198
0 0 0.00126747 0.193644 0.433917 0.08635 0.00220939 0.00184462 0.0594109 0.470851 0 0 0 0 0 0 0 0 0 0 0 5252
0 0 0.00126174 0.193413 0.432742 0.0850595 0.00215368 0.00184492 0.0604951 0.501765 0 0 0 0 0 0 0 0 0 0 0 5303
0 0 0.00126174 0.193413 0.432742 0.0850595 0.00215368 0.00184492 0.0604951 0.501765 0 0 0 0 0 0 0 0 0 0 0 5355
0 0 0.00135744 0.193235 0.435598 0.0870422 0.00269273 0.00186193 0.0558497 0.539221 0 0 0 0 0 0 0 0 0 0 0 5408
0 0 0.00215738 0.193213 0.437916 0.0889284 0.0104621 0.00187146 0.0342798 0.607335 0 0 0 0 0 0 0 0 0 0 0 5460
0 0 0.00428617 0.193085 0.439669 0.0902249 0.0836252 0.00188172 0.0168326 0.714024 0 0 0 0 0 0 0 0 0 0 0 5513
0 0 0.00840566 0.19289 0.440568 0.090842 1.03405 0.00188854 0.00957339 0.9274 0 0 0 0 0 0 0 0 0 0 0 5564
0 0 0.0138994 0.192794 0.446014 0.0952912 5.94197 0.00191118 0.00576358 0.987296 0 0 0 0 0 0 0 0 0 0 0 5617
0 0 0.0215734 0.192645 0.454407 0.102457 13.7805 0.00194597 0.00308579 0.945132 0 0 0 0 0 0 0 0 0 0 0 5673
0 0 0.0277213 0.192434 0.460273 0.108308 25.9804 0.00197776 0.00232262 1.01101 0 0 0 0 0 0 0 0 0 0 0 5725
0 0 0.0298691 0.19223 0.474291 0.122274 30.0841 0.0020399 0.0020267 1.09636 0 0 0 0 0 0 0 0 0 0 0 5779
0 0 0.0344582 0.191978 0.485036 0.134869 31.4746 0.00208677 0.00150103 1.09061 0 0 0 0 0 0 0 0 0 0 0 5835
0 0 0.0307973 0.191961 0.480293 0.13198 23.2258 0.00205581 0.00165613 1.07078 0 0 0 0 0 0 0 0 0 0 0 5890
0 0 0.0190879 0.192018 0.479579 0.133549 8.17261 0.00204154 0.00281942 1.02261 0 0 0 0 0 0 0 0 0 0 0 5944
0 0 0.0165765 0.192161 0.473701 0.130344 7.99686 0.00199008 0.00353548 1.03398 0 0 0 0 0 0 0 0 0 0 0 5998
0 0 0.0159752 0.192288 0.465209 0.121641 6.44479 0.001948 0.00370039 1.01202 0 0 0 0 0 0 0 0 0 0 0 6053
0 0 0.0158848 0.192419 0.459744 0.11706 6.61396 0.00191265 0.00391246 1.10221 0 0 0 0 0 0 0 0 0 0 0 6105
0 0 0.0158848 0.192419 0.459744 0.11706 6.61396 0.00191265 0.00391246 1.10221 0 0 0 0 0 0 0 0 0 0 0 6157
0 0 0.0170737 0.192503 0.457984 0.120637 15.9616 0.0018625 0.00438489 1.50191 0 0 0 0 0 0 0 0 0 0 0 6211
0 0 0.0159599 0.192508 0.458443 0.126097 18.9114 0.00183102 0.00509423 1.80371 0 0 0 0 0 0 0 0 0 0 0 6265
0 0 0.0124854 0.192451 0.463466 0.138237 26.3502 0.00181192 0.0080973 2.18832 0 0 0 0 0 0 0 0 0 0 0 6315
0 0 0.00639554 0.192447 0.466435 0.148979 35.5351 0.00178466 0.0288147 3.31249 -3.95968 0 0 0 0 0 0 0 0 0 0 6369
0 0 0.00570131 0.192635 0.463186 0.153423 45.0026 0.00172053 0.0362886 3.66781 -5.64155 0 0 0 0 0 0 0 0 0 0 6424
0 0 0.00597845 0.192762 0.464876 0.160555 46.6019 0.00169805 0.0325351 3.88857 -5.42085 0 0 0 0 0 0 0 0 0 0 6476
0 0 0.0052596 0.192853 0.471666 0.179443 49.4084 0.00167864 0.037193 4.10377 -6.35473 0 0 0 0 0 0 0 0 0 0 6527
0 0 0.00536693 0.192954 0.490701 0.231322 51.1663 0.00166885 0.0281922 4.08903 -5.5253 0 0 0 0 0 0 0 0 0 0 6579
0 0 0.00467524 0.193067 0.509381 0.281013 51.576 0.00169284 0.031645 4.64855 -6.53072 0 0 0 0 0 0 0 0 0 0 6632
0 0 0.00455654 0.193211 0.516152 0.305834 50.1871 0.00168449 0.029908 4.65373 -6.33396 0 0 0 0 0 0 0 0 0 0 6683
0 0 0.00455654 0.193211 0.516152 0.305834 50.1871 0.00168449 0.029908 4.65373 -6.33396 0 0 0 0 0 0 0 0 0 0 6734
0 0 0.00352325 0.193195 0.534707 0.419759 50.6458 0.00160572 0.0341923 5.7402 -7.66685 0 0 0 0 0 0 0 0 0 0 6786
0 0 0.00437054 0.193175 0.537567 0.418708 47.56 0.00162728 0.0227675 5.10771 -5.55105 0 0 0 0 0 0 0 0 0 0 6842
0 0 0.00705193 0.193218 0.561479 0.455242 43.1311 0.00176913 0.00936117 3.94685 -1.15942 0 0 0 0 0 0 0 0 0 0 6896
0 0 0.00829711 0.193282 0.623768 0.655477 35.3217 0.00200947 0.00549629 3.59828 0 0 0 0 0 0 0 0 0 0 0 6949
0 0 0.00645216 0.193274 0.646167 0.814784 32.5898 0.00201013 0.00698134 4.11821 -0.179611 0 0 0 0 0 0 0 0 0 0 7002
0 0 0.00631448 0.193276 0.725676 1.40394 30.2268 0.00216277 0.0049671 5.00503 0 0 0 0 0 0 0 0 0 0 0 7056
0 0 0.00342605 0.193254 0.731049 1.71336 21.8596 0.00201091 0.0103901 6.56636 -3.00004 0 0 0 0 0 0 0 0 0 0 7108
0 0 0.00258392 0.193183 0.760302 2.42339 15.838 0.00191559 0.0105996 7.37038 -3.16623 0 0 0 0 0 0 0 0 0 0 7159
0 0 0.00200635 0.193111 0.86929 5.29748 9.63903 0.00192934 0.00731496 9.57973 -2.33418 0 0 0 0 0 0 0 0 0 0 7212
0 0 0.00200635 0.193111 0.86929 5.29748 9.63903 0.00192934 0.00731496 9.57973 -2.33418 0 0 0 0 0 0 0 0 0 0 7265
0 0 0.00141329 0.193027 0.877968 10.4345 6.01065 0.00141892 0.00407816 13.0334 -0.422363 0 0 0 0 0 0 0 0 0 0 7322
0 0 0.000803705 0.192996 0.884176 16.0386 3.99742 0.00115706 0.00503049 18.2817 -1.92991 0 0 0 0 0 0 0 0 0 0 7375
0 0 0.000458508 0.193005 0.848671 18.3037 4.47208 0.000959542 0.00979061 24.8211 -5.68544 0 0 0 0 0 0 0 0 0 0 7431
0 0 0.000361503 0.192912 0.769997 15.9543 4.43553 0.00078828 0.0132393 27.2031 -6.8541 0 0 0 0 0 0 0 0 0 0 7483
0 0 0.000176473 0.192808 0.764825 18.7435 0.684168 0.000709059 0.0208491 25.6223 -6.40227 0 0 0 0 0 0 0 0 0 0 7537
0 0 0.000155952 0.192735 0.709347 17.74 0.887708 0.000592537 0.0230778 28.828 -7.24461 0 0 0 0 0 0 0 0 0 0 7588
0 0 0.000228748 0.192739 0.678158 12.0502 1.59911 0.000642019 0.0224071 25.039 -7.04865 0 0 0 0 0 0 0 0 0 0 7643
0 0 0.000211 0.192799 0.629066 8.0096 0.907906 0.000638451 0.0318969 19.633 -6.74426 0 0 0 0 0 0 0 0 0 0 7699
0 0 7.34037e-05 0.192859 0.693896 34.0023 0.0619078 0.000372514 0.0106405 31.3004 -1.46207 0 0 0 0 0 0 0 0 0 0 7752
0 0 2.77374e-05 0.19292 0.67005 45.4288 0.00449854 0.000270695 0.0126753 31.636 0 0 0 0 0 0 0 0 0 0 0 7807
0 0 2.92649e-05 0.192922 0.627883 35.7062 0.00198362 0.000271225 0.012854 23.9274 0 0 0 0 0 0 0 0 0 0 0 7860
0 0 2.92649e-05 0.192922 0.627883 35.7062 0.00198362 0.000271225 0.012854 23.9274 0 0 0 0 0 0 0 0 0 0 0 7910
0 0 2.7394e-05 0.192981 0.602245 35.7734 0.00103911 0.000240593 0.0101774 22.3251 0 0 0 0 0 0 0 0 0 0 0 7964
0 0 1.98718e-05 0.19304 0.581584 35.1646 0.00104817 0.000220543 0.0166924 25.3581 0 0 0 0 0 0 0 0 0 0 0 8015
0 0 1.79225e-05 0.193057 0.57271 46.2575 0.00126308 0.000170926 0.0100275 32.8999 0 0 0 0 0 0 0 0 0 0 0 8068
0 0 1.27501e-05 0.193044 0.552028 49.6066 0.000932072 0.000144831 0.0121162 36.8189 0 0 0 0 0 0 0 0 0 0 0 8119
0 0 1.23253e-05 0.193049 0.525566 53.4756 0.000989707 0.000117471 0.00853618 40.7534 0 0 0 0 0 0 0 0 0 0 0 8170
0 0 1.31332e-05 0.193021 0.510851 55.9695 0.00515524 0.000103498 0.00940327 53.2653 0 0 0 0 0 0 0 0 0 0 0 8220
0 0 1.17241e-05 0.192979 0.465539 48.6469 0.0377629 9.11392e-05 0.0223155 66.3435 -6.35273 0 0 0 0 0 0 0 0 0 0 8274
0 0 2.07246e-05 0.192951 0.468169 49.337 0.548498 9.13284e-05 0.0166547 76.28 -9.39117 0 0 0 0 0 0 0 0 0 0 8327
0 0 2.44003e-05 0.192912 0.462285 48.454 1.92254 8.95376e-05 0.0181324 81.5368 -11.8731 0 0 0 0 0 0 0 0 0 0 8378
0 0 0 0 0 0 0 0 0 0 0 0 0 0 0 0 0 0 0 0 0 8428
0 0 0 0 0 0 0 0 0 0 0 0 0 0 0 0 0 0 0 0 0 8480
0 0 0 0 0 0 0 0 0 0 0 0 0 0 0 0 0 0 0 0 0 8532
0 0 0 0 0 0 0 0 0 0 0 0 0 0 0 0 0 0 0 0 0 8587
0 0 0 0 0 0 0 0 0 0 0 0 0 0 0 0 0 0 0 0 0 8640
0 0 0 0 0 0 0 0 0 0 0 0 0 0 0 0 0 0 0 0 0 8695
0 0 0 0 0 0 0 0 0 0 0 0 0 0 0 0 0 0 0 0 0 8751
0 0 6.39001e-06 0.193035 0.480139 54.0245 0.0339923 8.95407e-05 0.0752755 88.2434 -14.3216 0 0 0 0 0 0 0 0 0 0 8804
0 0 3.7386e-06 0.193238 0.475983 48.2074 0.00308706 9.72922e-05 0.140909 82.3727 -12.9637 0 0 0 0 0 0 0 0 0 0 8855
0 0 0 0 0 0 0 0 0 0 0 0 0 0 0 0 0 0 0 0 0 8906
0 0 0 0 0 0 0 0 0 0 0 0 0 0 0 0 0 0 0 0 0 8960
0 0 1.22254e-06 0.192911 0.469505 48.8289 5.48935e-05 9.25329e-05 0.42174 86.3927 -13.4248 0 0 0 0 0 0 0 0 0 0 9016
0 0 1.13437e-06 0.192836 0.493724 49.2486 4.54293e-05 0.000105994 0.604478 88.8328 -15.4386 0 0 0 0 0 0 0 0 0 0 9070
0 0 0 0 0 0 0 0 0 0 0 0 0 0 0 0 0 0 0 0 0 9121
0 0 0 0 0 0 0 0 0 0 0 0 0 0 0 0 0 0 0 0 0 9172
0 0 0 0 0 0 0 0 0 0 0 0 0 0 0 0 0 0 0 0 0 9223
0 0 0 0 0 0 0 0 0 0 0 0 0 0 0 0 0 0 0 0 0 9274
0 0 0 0 0 0 0 0 0 0 0 0 0 0 0 0 0 0 0 0 0 9325
0 0 0 0 0 0 0 0 0 0 0 0 0 0 0 0 0 0 0 0 0 9380
0 0 0 0 0 0 0 0 0 0 0 0 0 0 0 0 0 0 0 0 0 9435
0 0 0 0 0 0 0 0 0 0 0 0 0 0 0 0 0 0 0 0 0 9486
0 0 0 0 0 0 0 0 0 0 0 0 0 0 0 0 0 0 0 0 0 9538
0 0 0 0 0 0 0 0 0 0 0 0 0 0 0 0 0 0 0 0 0 9590
0 0 0 0 0 0 0 0 0 0 0 0 0 0 0 0 0 0 0 0 0 9643
0 0 7.78672e-05 0.1928 0.442184 36.0901 0.000182913 0.00188409 61.8619 9.6536 -93.7 0 0 0 0 0 0 0 0 0 0 9694
0 0 0 0 0 0 0 0 0 0 0 0 0 0 0 0 0 0 0 0 0 9744
0 0 0 0 0 0 0 0 0 0 0 0 0 0 0 0 0 0 0 0 0 9796
0 0 7.69704e-05 0.193032 0.445119 47.1137 0.000164044 0.0018983 64.9922 9.72044 -98.4781 0 0 0 0 0 0 0 0 0 0 9848
0 0 0 0 0 0 0 0 0 0 0 0 0 0 0 0 0 0 0 0 0 9901
0 0 0 0 0 0 0 0 0 0 0 0 0 0 0 0 0 0 0 0 0 9953
0 0 0 0 0 0 0 0 0 0 0 0 0 0 0 0 0 0 0 0 0 10006
0 0 0 0 0 0 0 0 0 0 0 0 0 0 0 0 0 0 0 0 0 10056
0 0 0 0 0 0 0 0 0 0 0 0 0 0 0 0 0 0 0 0 0 10108
0 0 0 0 0 0 0 0 0 0 0 0 0 0 0 0 0 0 0 0 0 10162
0 0 0 0 0 0 0 0 0 0 0 0 0 0 0 0 0 0 0 0 0 10215
0 0 0 0 0 0 0 0 0 0 0 0 0 0 0 0 0 0 0 0 0 10269
0 0 0 0 0 0 0 0 0 0 0 0 0 0 0 0 0 0 0 0 0 10319
0 0 0 0 0 0 0 0 0 0 0 0 0 0 0 0 0 0 0 0 0 10372
0 0 0 0 0 0 0 0 0 0 0 0 0 0 0 0 0 0 0 0 0 10425
0 0 0 0 0 0 0 0 0 0 0 0 0 0 0 0 0 0 0 0 0 10479
0 0 0.00361153 0.199805 0.603394 1.54469 0.00177275 0.00252698 0.0402932 0.36521 -20.1559 0 0 0 0 0 0 0 0 0 0 10529
0 0 0 0 0 0 0 0 0 0 0 0 0 0 0 0 0 0 0 0 0 10579
0 0 0 0 0 0 0 0 0 0 0 0 0 0 0 0 0 0 0 0 0 10632
0 0 0 0 0 0 0 0 0 0 0 0 0 0 0 0 0 0 0 0 0 10688
0 0 0 0 0 0 0 0 0 0 0 0 0 0 0 0 0 0 0 0 0 10743
0 0 0 0 0 0 0 0 0 0 0 0 0 0 0 0 0 0 0 0 0 10798
0 0 0.00244177 0.281946 0.477885 1.32601 0.0022687 0.00202763 0.0513372 0.228521 -18.8033 0 0 0 0 0 0 0 0 0 0 10849
0 0 0 0 0 0 0 0 0 0 0 0 0 0 0 0 0 0 0 0 0 10901
0 0 0.00255843 0.496068 0.499962 2.18477 0.00205284 0.00208499 0.0602929 0.23412 -23.5627 0 0 0 0 0 0 0 0 0 0 10951
0 0 0.00238577 1.33292 0.477576 3.43185 0.00184059 0.0020056 0.0764832 0.222332 -28.3189 0 0 0 0 0 0 0 0 0 0 11007
0 0 0.00238577 1.33292 0.477576 3.43185 0.00184059 0.0020056 0.0764832 0.222332 -28.3189 0 0 0 0 0 0 0 0 0 0 11060
0 0 0.00238577 1.33292 0.477576 3.43185 0.00184059 0.0020056 0.0764832 0.222332 -28.3189 0 0 0 0 0 0 0 0 0 0 11116
0 0 0.00238577 1.33292 0.477576 3.43185 0.00184059 0.0020056 0.0764832 0.222332 -28.3189 0 0 0 0 0 0 0 0 0 0 11168
0 0 0.00238577 1.33292 0.477576 3.43185 0.00184059 0.0020056 0.0764832 0.222332 -28.3189 0 0 0 0 0 0 0 0 0 0 11219
0 0 0.00334557 3.68642 0.573715 11.512 0.00135304 0.00243474 0.0853331 0.289333 -42.6943 0 0 0 0 0 0 0 0 0 0 11271
0 0 0.00334557 3.68642 0.573715 11.512 0.00135304 0.00243474 0.0853331 0.289333 -42.6943 0 0 0 0 0 0 0 0 0 0 11322
0 0 0.0027402 0.54395 0.518162 3.72224 0.00177039 0.00218392 0.0679011 0.250502 -29.061 0 0 0 0 0 0 0 0 0 0 11374
0 0 0.0026999 0.284282 0.516292 0.745339 0.0025275 0.00216899 0.038742 0.251686 -10.6267 0 0 0 0 0 0 0 0 0 0 11425
0 0 0 0 0 0 0 0 0 0 0 0 0 0 0 0 0 0 0 0 0 11478
0 0 0 0 0 0 0 0 0 0 0 0 0 0 0 0 0 0 0 0 0 11529
0 0 0 0 0 0 0 0 0 0 0 0 0 0 0 0 0 0 0 0 0 11582
0 0 0 0 0 0 0 0 0 0 0 0 0 0 0 0 0 0 0 0 0 11635
0 0 0 0 0 0 0 0 0 0 0 0 0 0 0 0 0 0 0 0 0 11687
0 0 0 0 0 0 0 0 0 0 0 0 0 0 0 0 0 0 0 0 0 11737
0 0 0 0 0 0 0 0 0 0 0 0 0 0 0 0 0 0 0 0 0 11790
0 0 0 0 0 0 0 0 0 0 0 0 0 0 0 0 0 0 0 0 0 11840
0 0 0 0 0 0 0 0 0 0 0 0 0 0 0 0 0 0 0 0 0 11894
0 0 0 0 0 0 0 0 0 0 0 0 0 0 0 0 0 0 0 0 0 11946
0 0 0.0220657 0.154925 0.195215 3.53981 0.00335789 0.00345239 0.0111232 0.257131 -6.44584 0 0 0 0 0 0 0 0 0 0 11996
0 0 0.0182303 0.122441 0.232585 7.57461 0.00301488 0.00568401 0.0105148 0.24661 -4.13396 0 0 0 0 0 0 0 0 0 0 12049
0 0 0.0182303 0.122441 0.232585 7.57461 0.00301488 0.00568401 0.0105148 0.24661 -4.13396 0 0 0 0 0 0 0 0 0 0 12101
0 0 0.0266448 0.125259 0.26269 18.7516 0.00325199 0.0053049 0.011582 0.236696 -8.60419 0 0 0 0 0 0 0 0 0 0 12153
0 0 0.0179439 0.121892 0.323536 14.321 0.0033127 0.0055992 0.0121291 0.23201 -5.39851 0 0 0 0 0 0 0 0 0 0 12207
0 0 0.0142257 0.117733 0.351627 11.1242 0.00327471 0.00618465 0.0110687 0.237959 -3.87548 0 0 0 0 0 0 0 0 0 0 12258
0 0 0.01259 0.107666 0.330649 10.2496 0.00347306 0.007242 0.00934789 0.224345 -5.33015 0 0 0 0 0 0 0 0 0 0 12310
0 0 0.013039 0.130421 0.370167 7.59396 0.00418219 0.00451924 0.00973756 0.207442 -11.2814 0 0 0 0 0 0 0 0 0 0 12363
0 0 0.0129587 0.144869 0.420908 6.11225 0.00471797 0.00354729 0.0103633 0.203244 -12.893 0 0 0 0 0 0 0 0 0 0 12416
0 0 0.025757 0.157417 0.439252 13.7241 0.00533121 0.00293127 0.0123877 0.200341 -16.6788 0 0 0 0 0 0 0 0 0 0 12470
0 0 0.025757 0.157417 0.439252 13.7241 0.00533121 0.00293127 0.0123877 0.200341 -16.6788 0 0 0 0 0 0 0 0 0 0 12521
0 0 0.0770655 0.169503 0.278819 25.3013 0.00587316 0.00248692 0.0120568 0.199699 -23.4635 0 0 0 0 0 0 0 0 0 0 12573
0 0 0.716301 0.180814 0.0504007 30.6336 0.00643045 0.00214112 0.0064204 0.197261 -40.243 0 0 0 0 0 0 0 0 0 0 12626
0 0 2.97538 0.187664 0.0188303 35.1057 0.00655151 0.00195991 0.00414186 0.195071 -51.7892 0 0 0 0 0 0 0 0 0 0 12676
0 0 5.5116 0.190308 0.0137306 45.5491 0.00589175 0.00189187 0.00309645 0.193551 -59.3093 0 0 0 0 0 0 0 0 0 0 12726
0 0 6.45169 0.191936 0.012584 49.1437 0.00535469 0.00184987 0.00221759 0.192303 -67.2429 0 0 0 0 0 0 0 0 0 0 12781
0 0 6.73977 0.192712 0.0131535 49.948 0.00509078 0.0018368 0.00207211 0.192623 -68.93 0 0 0 0 0 0 0 0 0 0 12832
0 0 6.73977 0.192712 0.0131535 49.948 0.00509078 0.0018368 0.00207211 0.192623 -68.93 0 0 0 0 0 0 0 0 0 0 12883
0 0 6.84595 0.193105 0.0143055 50.0873 0.00498364 0.00183579 0.00184761 0.193577 -71.302 0 0 0 0 0 0 0 0 0 0 12933
0 0 6.95811 0.19337 0.0146218 50.0958 0.00487424 0.00183339 0.00160353 0.193858 -74.3007 0 0 0 0 0 0 0 0 0 0 12984
0 0 6.52585 0.193643 0.01204 50.0743 0.00492547 0.00183397 0.00201036 0.194696 -68.6002 0 0 0 0 0 0 0 0 0 0 13034
0 0 5.99892 0.193734 0.008437 50.0538 0.00518943 0.00183004 0.0026216 0.195464 -61.624 0 0 0 0 0 0 0 0 0 0 13087
0 0 5.43145 0.193468 0.00649278 49.9271 0.00541676 0.00182872 0.00364492 0.196108 -53.3209 0 0 0 0 0 0 0 0 0 0 13137
0 0 4.07819 0.193261 0.00598836 49.4699 0.00607997 0.00183218 0.00402176 0.19894 -47.0374 0 0 0 0 0 0 0 0 0 0 13189
0 0 2.67367 0.193142 0.00554823 48.0317 0.00635322 0.00183376 0.00410049 0.200067 -42.0922 0 0 0 0 0 0 0 0 0 0 13239
0 0 0.842504 0.193113 0.0063195 37.8296 0.00741365 0.00183236 0.00433033 0.203031 -30.4465 0 0 0 0 0 0 0 0 0 0 13291
0 0 0.0781483 0.19334 0.0294929 5.20996 0.00754546 0.00183038 0.00756494 0.203093 -11.5523 0 0 0 0 0 0 0 0 0 0 13341
0 0 0.00450678 0.193333 0.308342 0.212033 0.0064304 0.00182994 0.0177916 0.199826 0 0 0 0 0 0 0 0 0 0 0 13391
0 0 0.00450678 0.193333 0.308342 0.212033 0.0064304 0.00182994 0.0177916 0.199826 0 0 0 0 0 0 0 0 0 0 0 13441
0 0 0.00241829 0.193597 0.483724 0.169155 0.00627868 0.00183029 0.0212997 0.199544 0 0 0 0 0 0 0 0 0 0 0 13492
0 0 0.00203693 0.193546 0.526112 0.205172 0.00460303 0.00182947 0.0239394 0.193833 0 0 0 0 0 0 0 0 0 0 0 13544
0 0 0.00203693 0.193546 0.526112 0.205172 0.00460303 0.00182947 0.0239394 0.193833 0 0 0 0 0 0 0 0 0 0 0 13593
0 0 0.00199453 0.193401 0.536418 0.217189 0.00450096 0.00183044 0.0240772 0.194716 0 0 0 0 0 0 0 0 0 0 0 13643
0 0 0.00200975 0.193148 0.534228 0.211893 0.00439328 0.00183202 0.0241281 0.19686 0 0 0 0 0 0 0 0 0 0 0 13694
0 0 0.00206249 0.193008 0.518562 0.184303 0.00423276 0.00183536 0.0241497 0.201487 0 0 0 0 0 0 0 0 0 0 0 13745
0 0 0.00214374 0.192925 0.563694 0.26059 0.00390751 0.00184329 0.0241657 0.212022 0 0 0 0 0 0 0 0 0 0 0 13795
0 0 0.00236587 0.192895 0.619867 0.383042 0.00320691 0.00185527 0.023987 0.240579 0 0 0 0 0 0 0 0 0 0 0 13847
0 0 0.00393741 0.192911 0.652058 0.405623 0.002331 0.001914 0.0228124 0.305988 0 0 0 0 0 0 0 0 0 0 0 13897
0 0 0.00588894 0.192928 0.585223 0.259318 0.00131805 0.00191122 0.0230007 0.431764 0 0 0 0 0 0 0 0 0 0 0 13949
0 0 0.00626092 0.192976 0.528751 0.172584 0.000641085 0.00188721 0.023447 0.652224 0 0 0 0 0 0 0 0 0 0 0 14000
0 0 0.00806824 0.193011 0.558729 0.161452 0.000299279 0.00201494 0.0210748 1.1294 0 0 0 0 0 0 0 0 0 0 0 14051
0 0 0.00578219 0.193129 0.527719 0.135383 0.000202999 0.00198662 0.0214668 1.39541 0 0 0 0 0 0 0 0 0 0 0 14101
0 0 0.00578219 0.193129 0.527719 0.135383 0.000202999 0.00198662 0.0214668 1.39541 0 0 0 0 0 0 0 0 0 0 0 14152
0 0 0.00578879 0.193305 0.520308 0.123512 0.00017782 0.00200053 0.0210717 1.52575 0 0 0 0 0 0 0 0 0 0 0 14202
0 0 0.00497437 0.1936 0.48394 0.110859 0.000169558 0.00189723 0.0227224 1.45863 0 0 0 0 0 0 0 0 0 0 0 14253
0 0 0.0045152 0.193658 0.496884 0.117935 0.00016973 0.0019812 0.0208259 1.54495 0 0 0 0 0 0 0 0 0 0 0 14304
0 0 0.00290508 0.193754 0.483819 0.120643 0.00016668 0.00195629 0.0211351 1.53439 0 0 0 0 0 0 0 0 0 0 0 14355
0 0 0.00277601 0.193921 0.479926 0.132757 0.000165927 0.00195688 0.0210702 1.54214 0 0 0 0 0 0 0 0 0 0 0 14407
0 0 0.00257719 0.194358 0.476275 0.154812 0.000166485 0.00194018 0.0212541 1.53019 0 0 0 0 0 0 0 0 0 0 0 14457
0 0 0.00255393 0.194247 0.477872 0.215675 0.000166381 0.00197123 0.0206637 1.56143 0 0 0 0 0 0 0 0 0 0 0 14509
