0 0 0.00207316 0.192645 0.46131 0.101366 0.00161722 0.00187281 0.0229954 0.369659 0 0 0 0 0 0 0 0 0 0 0 2278
0 0 0.00212366 0.192641 0.490166 0.124716 0.00159867 0.00189825 0.0223616 0.381378 0 0 0 0 0 0 0 0 0 0 0 2330
0 0 0.00207963 0.192646 0.546131 0.210129 0.00180421 0.00187731 0.0225908 0.354791 0 0 0 0 0 0 0 0 0 0 0 2385
0 0 0.00206236 0.192652 0.734774 0.784057 0.00217677 0.00186892 0.0223233 0.327234 0 0 0 0 0 0 0 0 0 0 0 2438
0 0 0.00205116 0.192651 1.59794 20.176 0.00252491 0.00185368 0.0225215 0.29859 0 0 0 0 0 0 0 0 0 0 0 2490
0 0 0.00207018 0.19263 3.84828 92.7118 0.0030675 0.00186247 0.0224426 0.263167 0 0 0 0 0 0 0 0 0 0 0 2544
0 0 0.00216071 0.192586 7.11756 99.5362 0.00326887 0.00186792 0.0227133 0.247075 0 0 0 0 0 0 0 0 0 0 0 2597
0 0 0.002543 0.192516 9.14629 99.8496 0.00364831 0.00189387 0.0222995 0.23107 0 0 0 0 0 0 0 0 0 0 0 2648
0 0 0.00367029 0.192458 9.73275 99.8873 0.0040471 0.00189728 0.0218937 0.216922 0 0 0 0 0 0 0 0 0 0 0 2699
0 0 0.00367029 0.192458 9.73275 99.8873 0.0040471 0.00189728 0.0218937 0.216922 0 0 0 0 0 0 0 0 0 0 0 2751
0 0 0.00519848 0.192405 10.052 99.8986 0.00426885 0.00189649 0.0220382 0.209578 0 0 0 0 0 0 0 0 0 0 0 2804
0 0 0.00312445 0.192368 10.0527 99.9058 0.00436214 0.00187567 0.0229049 0.203631 0 0 0 0 0 0 0 0 0 0 0 2856
0 0 0.00246236 0.192367 9.9911 99.9085 0.00442956 0.00186554 0.0232886 0.200263 0 0 0 0 0 0 0 0 0 0 0 2909
0 0 0.00229388 0.192332 10.0172 99.9116 0.00447983 0.00186194 0.0234207 0.198193 0 0 0 0 0 0 0 0 0 0 0 2962
0 0 0.00213558 0.19237 9.98523 99.9116 0.00450125 0.00185463 0.023584 0.1966 0 0 0 0 0 0 0 0 0 0 0 3013
0 0 0.00203151 0.19237 9.86841 99.9082 0.00450981 0.00184652 0.0237669 0.19511 0 0 0 0 0 0 0 0 0 0 0 3066
0 0 0.00203151 0.19237 9.86841 99.9082 0.00450981 0.00184652 0.0237669 0.19511 0 0 0 0 0 0 0 0 0 0 0 3116
0 0 0.00200721 0.192332 9.87616 99.9093 0.00451983 0.00184383 0.0238566 0.194256 0 0 0 0 0 0 0 0 0 0 0 3169
0 0 0.0020029 0.192156 9.80643 99.9075 0.00451842 0.00184255 0.0239611 0.193388 0 0 0 0 0 0 0 0 0 0 0 3221
0 0 0.00202118 0.191917 9.74437 99.9031 0.00451517 0.0018466 0.0239656 0.193067 0 0 0 0 0 0 0 0 0 0 0 3272
0 0 0.00204135 0.191903 9.40055 99.8824 0.00451624 0.00184493 0.0240241 0.192723 0 0 0 0 0 0 0 0 0 0 0 3323
0 0 0.00205866 0.192014 9.06417 99.8643 0.00451625 0.00184197 0.0240554 0.192633 0 0 0 0 0 0 0 0 0 0 0 3373
0 0 0.00206214 0.191138 9.10479 99.8665 0.00450002 0.00186203 0.023924 0.192803 0 0 0 0 0 0 0 0 0 0 0 3424
0 0 0.00206214 0.191138 9.10479 99.8665 0.00450002 0.00186203 0.023924 0.192803 0 0 0 0 0 0 0 0 0 0 0 3476
0 0 0.00219869 0.18842 9.10966 99.8731 0.00443395 0.00193334 0.0233578 0.194791 0 0 0 0 0 0 0 0 0 0 0 3529
0 0 0.0026453 0.180189 8.72686 99.8489 0.00425452 0.00220557 0.021078 0.204495 0 0 0 0 0 0 0 0 0 0 0 3582
0 0 0.0042062 0.169853 9.04453 99.8209 0.00401427 0.00285817 0.0157312 0.245592 0 0 0 0 0 0 0 0 0 0 0 3640
0 0 0.00970552 0.164869 10.1508 99.6544 0.00390472 0.00413657 0.00872934 0.373824 0 0 0 0 0 0 0 0 0 0 0 3689
0 0 0.0349525 0.141469 15.1801 99.7324 0.00333828 0.0098684 0.00285472 0.788154 0 0 0 0 0 0 0 0 0 0 0 3742
0 0 0.0794078 0.102348 16.2026 99.776 0.00242639 0.0275299 0.00118605 1.24668 2.81315 0 0 0 0 0 0 0 0 0 0 3796
0 0 0.18036 0.046922 12.2796 99.8251 0.00122177 0.203867 0.000339892 1.90753 13.787 0 0 0 0 0 0 0 0 0 0 3850
0 0 0.133406 0.0116354 4.51083 99.8328 0.000364479 4.60516 7.932e-05 2.3088 33.6151 0 0 0 0 0 0 0 0 0 0 3903
0 0 0.0402353 0.00202294 1.05752 99.843 8.36568e-05 69.2775 1.57358e-05 2.55786 58.2472 0 0 0 0 0 0 0 0 0 0 3957
0 0 0.00466792 0.000313514 0.218583 99.868 1.88735e-05 99.2488 2.97242e-06 2.9125 85.4601 0 0 0 0 0 0 0 0 0 0 4010
0 0 0.00162549 0.000157722 0.124421 99.8853 1.34833e-05 99.8316 1.60633e-06 3.33241 97.5064 0 0 0 0 0 0 0 0 0 0 4061
0 0 0.000943102 0.000125014 0.102169 99.8938 1.43464e-05 99.8973 1.33221e-06 3.8306 99.309 0 0 0 0 0 0 0 0 0 0 4112
0 0 0.000565107 0.000122573 0.100739 99.9 1.49249e-05 99.9003 1.37019e-06 3.78692 99.7025 0 0 0 0 0 0 0 0 0 0 4164
0 0 0.000565107 0.000122573 0.100739 99.9 1.49249e-05 99.9003 1.37019e-06 3.78692 99.7025 0 0 0 0 0 0 0 0 0 0 4218
0 0 0.000379026 0.000114092 0.0950798 99.9107 1.27145e-05 99.9124 1.35766e-06 4.59228 99.7735 0 0 0 0 0 0 0 0 0 0 4271
0 0 0.000258559 0.000110906 0.0915376 99.9154 1.03219e-05 99.9131 1.46522e-06 5.21441 99.6631 0 0 0 0 0 0 0 0 0 0 4326
0 0 0.000266053 0.000109179 0.0993584 99.9185 7.69703e-06 99.9157 1.45826e-06 6.39555 99.1227 0 0 0 0 0 0 0 0 0 0 4378
0 0 0.000349149 0.000108243 0.116643 99.9196 6.09586e-06 99.9174 1.43998e-06 7.52493 98.0667 0 0 0 0 0 0 0 0 0 0 4429
0 0 0.000232311 0.00010838 0.186443 99.9198 4.79253e-06 99.9143 1.54106e-06 8.27875 94.9521 0 0 0 0 0 0 0 0 0 0 4483
0 0 0.000168532 0.000108828 0.177645 99.9199 5.4082e-06 99.9127 1.57512e-06 7.66772 95.11 0 0 0 0 0 0 0 0 0 0 4536
0 0 0.000106245 0.000109263 0.109348 99.92 5.78142e-06 99.9074 1.73471e-06 6.93036 97.8201 0 0 0 0 0 0 0 0 0 0 4587
0 0 0.000105348 0.000109578 0.0824615 99.9199 6.58481e-06 99.9082 1.69372e-06 6.56216 99.7245 0 0 0 0 0 0 0 0 0 0 4642
0 0 0.000122624 0.000109936 0.0822143 99.9199 7.12085e-06 99.9085 1.67059e-06 6.35 99.7843 0 0 0 0 0 0 0 0 0 0 4694
0 0 7.36316e-05 0.000110866 0.0779069 99.9199 8.6261e-06 99.9011 1.87885e-06 5.28174 99.6294 0 0 0 0 0 0 0 0 0 0 4746
0 0 7.36316e-05 0.000110866 0.0779069 99.9199 8.6261e-06 99.9011 1.87885e-06 5.28174 99.6294 0 0 0 0 0 0 0 0 0 0 4798
0 0 7.9591e-05 0.00011279 0.0918428 99.9191 1.19682e-05 99.9122 1.4367e-06 5.35451 99.6752 0 0 0 0 0 0 0 0 0 0 4851
0 0 5.82058e-05 0.000114401 0.088909 99.9182 1.24031e-05 99.9051 1.58556e-06 4.67858 99.8319 0 0 0 0 0 0 0 0 0 0 4906
0 0 5.82058e-05 0.000114401 0.088909 99.9182 1.24031e-05 99.9051 1.58556e-06 4.67858 99.8319 0 0 0 0 0 0 0 0 0 0 4956
0 0 6.0718e-05 0.000116397 0.0919516 99.9177 1.35692e-05 99.9031 1.56194e-06 4.48165 99.8363 0 0 0 0 0 0 0 0 0 0 5008
0 0 6.616e-05 0.00011647 0.0959043 99.9172 1.5611e-05 99.9075 1.4285e-06 4.34333 99.8913 0 0 0 0 0 0 0 0 0 0 5063
0 0 7.1874e-05 0.000117335 0.100427 99.9178 1.58736e-05 99.9093 1.34185e-06 4.43534 99.9031 0 0 0 0 0 0 0 0 0 0 5118
0 0 6.92997e-05 0.000118937 0.100628 99.9188 1.8627e-05 99.9054 1.3881e-06 3.95185 99.8974 0 0 0 0 0 0 0 0 0 0 5173
0 0 6.64516e-05 0.000121729 0.100002 99.9183 1.96857e-05 99.8977 1.48408e-06 3.5641 99.9105 0 0 0 0 0 0 0 0 0 0 5226
0 0 6.86452e-05 0.00012548 0.102448 99.9158 1.21676e-05 99.8912 1.51383e-06 3.57365 99.9401 0 0 0 0 0 0 0 0 0 0 5279
0 0 6.86452e-05 0.00012548 0.102448 99.9158 1.21676e-05 99.8912 1.51383e-06 3.57365 99.9401 0 0 0 0 0 0 0 0 0 0 5332
0 0 6.86452e-05 0.00012548 0.102448 99.9158 1.21676e-05 99.8912 1.51383e-06 3.57365 99.9401 0 0 0 0 0 0 0 0 0 0 5386
0 0 6.03277e-05 0.000116975 0.0923782 99.9115 1.64239e-05 99.9035 1.50807e-06 2.32485 99.9476 0 0 0 0 0 0 0 0 0 0 5440
0 0 6.03277e-05 0.000116975 0.0923782 99.9115 1.64239e-05 99.9035 1.50807e-06 2.32485 99.9476 0 0 0 0 0 0 0 0 0 0 5494
0 0 6.20332e-05 0.000114744 0.0937436 99.9137 1.55945e-05 99.9097 1.41434e-06 2.29162 99.9293 0 0 0 0 0 0 0 0 0 0 5548
0 0 5.78461e-05 0.000117651 0.090865 99.9124 1.29906e-05 99.8998 1.57958e-06 2.17876 99.9086 0 0 0 0 0 0 0 0 0 0 5599
0 0 4.73089e-05 0.000118215 0.0817546 99.9131 1.30981e-05 99.8868 1.94124e-06 1.92991 99.8747 0 0 0 0 0 0 0 0 0 0 5652
0 0 4.39768e-05 0.000121544 0.0794154 99.9137 1.08251e-05 99.8732 2.17229e-06 1.8892 99.7439 0 0 0 0 0 0 0 0 0 0 5705
0 0 4.39768e-05 0.000121544 0.0794154 99.9137 1.08251e-05 99.8732 2.17229e-06 1.8892 99.7439 0 0 0 0 0 0 0 0 0 0 5756
0 0 4.39768e-05 0.000121544 0.0794154 99.9137 1.08251e-05 99.8732 2.17229e-06 1.8892 99.7439 0 0 0 0 0 0 0 0 0 0 5808
0 0 4.39768e-05 0.000121544 0.0794154 99.9137 1.08251e-05 99.8732 2.17229e-06 1.8892 99.7439 0 0 0 0 0 0 0 0 0 0 5859
0 0 4.39768e-05 0.000121544 0.0794154 99.9137 1.08251e-05 99.8732 2.17229e-06 1.8892 99.7439 0 0 0 0 0 0 0 0 0 0 5912
0 0 6.37582e-05 0.000125169 0.0986714 99.9144 1.45466e-05 99.8876 1.26714e-06 2.4886 98.9282 0 0 0 0 0 0 0 0 0 0 5966
0 0 6.42825e-05 0.000127462 0.102515 99.9156 3.78526e-05 99.8826 9.96812e-07 2.95888 99.5713 0 0 0 0 0 0 0 0 0 0 6019
0 0 5.5687e-05 0.000126502 0.0933014 99.9168 2.44513e-05 99.8757 1.21047e-06 3.00445 99.687 0 0 0 0 0 0 0 0 0 0 6070
0 0 5.59501e-05 0.000136916 0.0965918 99.9179 7.91488e-06 99.8468 1.91429e-06 2.82351 99.6583 0 0 0 0 0 0 0 0 0 0 6121
0 0 4.96292e-05 0.000146423 0.0929033 99.9158 6.92257e-06 99.805 2.70815e-06 2.0516 99.8429 0 0 0 0 0 0 0 0 0 0 6180
0 0 3.43011e-05 0.000151289 0.0743743 99.9075 5.67473e-06 99.7399 4.15603e-06 1.52615 99.8264 0 0 0 0 0 0 0 0 0 0 6231
0 0 2.21012e-05 0.000159593 0.0597138 99.9084 6.0021e-06 99.6186 7.14898e-06 1.00286 98.8607 0 0 0 0 0 0 0 0 0 0 6287
0 0 2.21012e-05 0.000159593 0.0597138 99.9084 6.0021e-06 99.6186 7.14898e-06 1.00286 98.8607 0 0 0 0 0 0 0 0 0 0 6339
0 0 2.21012e-05 0.000159593 0.0597138 99.9084 6.0021e-06 99.6186 7.14898e-06 1.00286 98.8607 0 0 0 0 0 0 0 0 0 0 6391
0 0 1.85918e-05 0.00015326 0.0544971 99.9173 6.29671e-06 99.6222 7.97781e-06 1.07323 99.431 0 0 0 0 0 0 0 0 0 0 6446
0 0 1.85918e-05 0.00015326 0.0544971 99.9173 6.29671e-06 99.6222 7.97781e-06 1.07323 99.431 0 0 0 0 0 0 0 0 0 0 6496
0 0 1.56919e-05 0.000161344 0.0506048 99.9191 3.37869e-06 99.5218 1.04769e-05 1.47063 98.2871 0 0 0 0 0 0 0 0 0 0 6549
0 0 1.51992e-05 0.000150799 0.0486208 99.919 4.14692e-06 99.5944 9.53699e-06 1.38748 99.9386 0 0 0 0 0 0 0 0 0 0 6601
0 0 1.51992e-05 0.000150799 0.0486208 99.919 4.14692e-06 99.5944 9.53699e-06 1.38748 99.9386 0 0 0 0 0 0 0 0 0 0 6650
0 0 2.06037e-05 0.000155143 0.0581494 99.9188 5.1629e-06 99.6297 7.39027e-06 1.43934 99.6451 0 0 0 0 0 0 0 0 0 0 6705
0 0 3.29275e-05 0.000171485 0.0776295 99.9153 7.65607e-06 99.6261 5.50637e-06 1.47735 97.6348 0 0 0 0 0 0 0 0 0 0 6756
0 0 0 0 0 0 0 0 0 0 0 0 0 0 0 0 0 0 0 0 0 6808
0 0 0 0 0 0 0 0 0 0 0 0 0 0 0 0 0 0 0 0 0 6862
0 0 0 0 0 0 0 0 0 0 0 0 0 0 0 0 0 0 0 0 0 6917
0 0 2.14682e-05 0.000186575 0.0638708 99.9147 7.17915e-06 99.4136 9.71723e-06 0.939326 95.6698 0 0 0 0 0 0 0 0 0 0 6973
0 0 2.25661e-05 0.000189349 0.0658183 99.9143 8.47649e-06 99.4072 9.45384e-06 0.924101 95.42 0 0 0 0 0 0 0 0 0 0 7027
0 0 2.63999e-05 0.000196767 0.0722754 99.9125 9.62032e-06 99.3972 8.63206e-06 0.948503 94.5711 0 0 0 0 0 0 0 0 0 0 7079
0 0 2.18504e-05 0.000199458 0.0654181 99.9115 8.09463e-06 99.3082 1.06168e-05 0.934092 93.8924 0 0 0 0 0 0 0 0 0 0 7130
0 0 2.70048e-05 0.000200942 0.0734136 99.9102 1.00966e-05 99.3697 8.73426e-06 0.972889 94.0877 0 0 0 0 0 0 0 0 0 0 7183
0 0 3.93027e-05 0.000160264 0.082748 99.9128 8.93987e-06 99.7172 4.0111e-06 1.58229 98.7481 0 0 0 0 0 0 0 0 0 0 7235
0 0 5.72213e-05 0.000137883 0.0954922 99.9136 1.01977e-05 99.8448 2.1275e-06 2.44184 99.6925 0 0 0 0 0 0 0 0 0 0 7287
0 0 5.72213e-05 0.000137883 0.0954922 99.9136 1.01977e-05 99.8448 2.1275e-06 2.44184 99.6925 0 0 0 0 0 0 0 0 0 0 7338
0 0 5.66841e-05 0.000130503 0.0927488 99.9134 9.81059e-06 99.865 1.96505e-06 2.47149 99.7928 0 0 0 0 0 0 0 0 0 0 7392
0 0 6.40576e-05 0.000122084 0.0954995 99.9139 1.16373e-05 99.893 1.57434e-06 2.65015 99.7653 0 0 0 0 0 0 0 0 0 0 7445
0 0 6.40576e-05 0.000122084 0.0954995 99.9139 1.16373e-05 99.893 1.57434e-06 2.65015 99.7653 0 0 0 0 0 0 0 0 0 0 7499
0 0 6.68591e-05 0.000122192 0.0956888 99.909 1.22731e-05 99.8943 1.53762e-06 2.48209 99.7675 0 0 0 0 0 0 0 0 0 0 7549
0 0 6.31641e-05 0.00011846 0.0901563 99.9045 1.39225e-05 99.8991 1.5313e-06 2.21362 99.471 0 0 0 0 0 0 0 0 0 0 7600
0 0 6.30274e-05 0.000117062 0.0882109 99.906 1.35357e-05 99.9006 1.55588e-06 2.18188 99.618 0 0 0 0 0 0 0 0 0 0 7653
0 0 6.86842e-05 0.000114446 0.0882735 99.91 1.15266e-05 99.9068 1.4959e-06 2.39642 99.7472 0 0 0 0 0 0 0 0 0 0 7704
0 0 6.58889e-05 0.000112049 0.0862026 99.914 1.1357e-05 99.9089 1.527e-06 2.57889 99.6542 0 0 0 0 0 0 0 0 0 0 7761
0 0 5.92733e-05 0.000110087 0.0834899 99.9165 1.22459e-05 99.9109 1.56016e-06 2.88301 99.7948 0 0 0 0 0 0 0 0 0 0 7817
0 0 6.21679e-05 0.000109695 0.0865627 99.917 1.21887e-05 99.9153 1.43342e-06 3.09002 99.7327 0 0 0 0 0 0 0 0 0 0 7867
0 0 6.04902e-05 0.00010973 0.0851381 99.917 1.16655e-05 99.9138 1.47749e-06 3.14825 99.7028 0 0 0 0 0 0 0 0 0 0 7919
0 0 6.05432e-05 0.000110105 0.085292 99.9165 1.21257e-05 99.9132 1.47384e-06 3.1566 99.6275 0 0 0 0 0 0 0 0 0 0 7969
0 0 5.96228e-05 0.000109575 0.0844638 99.9173 1.07082e-05 99.9139 1.48585e-06 3.55106 99.7482 0 0 0 0 0 0 0 0 0 0 8021
0 0 5.18283e-05 0.000109875 0.0790383 99.9169 7.83234e-06 99.9072 1.70504e-06 3.6127 99.8734 0 0 0 0 0 0 0 0 0 0 8072
0 0 5.12289e-05 0.000109745 0.0786266 99.9172 8.85927e-06 99.9073 1.70913e-06 3.51803 99.8365 0 0 0 0 0 0 0 0 0 0 8126
0 0 5.72016e-05 0.000109693 0.0839452 99.9173 1.01791e-05 99.9131 1.52705e-06 3.77742 99.8673 0 0 0 0 0 0 0 0 0 0 8176
0 0 5.9854e-05 0.000109794 0.0872679 99.9172 7.05355e-06 99.9156 1.4426e-06 5.14592 99.8331 0 0 0 0 0 0 0 0 0 0 8229
0 0 6.39213e-05 0.000109921 0.0895853 99.917 6.84477e-06 99.919 1.33347e-06 5.61813 99.8914 0 0 0 0 0 0 0 0 0 0 8282
0 0 6.78691e-05 0.000109981 0.0912356 99.9169 5.76715e-06 99.9202 1.29692e-06 6.0779 99.8957 0 0 0 0 0 0 0 0 0 0 8332
0 0 6.9867e-05 0.000110385 0.0909648 99.9164 5.3562e-06 99.9188 1.32004e-06 6.14761 99.8066 0 0 0 0 0 0 0 0 0 0 8385
0 0 7.35637e-05 0.000110748 0.0919593 99.9158 4.53769e-06 99.9188 1.30381e-06 6.59606 99.8291 0 0 0 0 0 0 0 0 0 0 8437
0 0 7.76058e-05 0.000111518 0.0913294 99.9146 3.50868e-06 99.9169 1.33116e-06 7.09142 99.8172 0 0 0 0 0 0 0 0 0 0 8488
0 0 9.06907e-05 0.000112824 0.0927845 99.9126 4.42725e-06 99.9128 1.40164e-06 6.71889 99.6747 0 0 0 0 0 0 0 0 0 0 8540
0 0 0.000124349 0.000114631 0.101472 99.91 4.09361e-06 99.9143 1.29444e-06 7.38912 99.4837 0 0 0 0 0 0 0 0 0 0 8593
0 0 0.000145048 0.000114096 0.0987061 99.9107 4.12152e-06 99.9164 1.25464e-06 7.49635 99.7961 0 0 0 0 0 0 0 0 0 0 8649
0 0 0.000116904 0.000116314 0.0991003 99.9073 4.67125e-06 99.9118 1.302e-06 6.83575 99.7336 0 0 0 0 0 0 0 0 0 0 8699
0 0 0.000116904 0.000116314 0.0991003 99.9073 4.67125e-06 99.9118 1.302e-06 6.83575 99.7336 0 0 0 0 0 0 0 0 0 0 8750
0 0 0.000124794 0.000118563 0.102782 99.9069 5.90908e-06 99.908 1.32395e-06 6.01301 99.716 0 0 0 0 0 0 0 0 0 0 8800
0 0 0.000229241 0.000119848 0.106965 99.9081 6.39879e-06 99.9072 1.2998e-06 6.02977 99.651 0 0 0 0 0 0 0 0 0 0 8854
0 0 0.000235206 0.000119343 0.104045 99.9087 6.86282e-06 99.9084 1.28559e-06 5.80126 99.8267 0 0 0 0 0 0 0 0 0 0 8903
0 0 0.000245515 0.00011945 0.107146 99.9103 8.06601e-06 99.9077 1.29866e-06 5.20187 99.6562 0 0 0 0 0 0 0 0 0 0 8955
0 0 0.000285266 0.000118651 0.104674 99.9124 6.21223e-06 99.9094 1.283e-06 5.76057 99.7597 0 0 0 0 0 0 0 0 0 0 9007
0 0 0.000224236 0.000120515 0.10591 99.9136 6.66867e-06 99.906 1.308e-06 5.87961 99.7678 0 0 0 0 0 0 0 0 0 0 9061
0 0 0.000150017 0.000120618 0.105759 99.9127 7.19518e-06 99.9064 1.29405e-06 5.87066 99.832 0 0 0 0 0 0 0 0 0 0 9112
0 0 0.000122024 0.000119549 0.104054 99.9117 6.00571e-06 99.9078 1.29545e-06 6.18965 99.8188 0 0 0 0 0 0 0 0 0 0 9163
0 0 0.000137547 0.000118734 0.104301 99.912 6.23997e-06 99.9095 1.27632e-06 5.78751 99.7629 0 0 0 0 0 0 0 0 0 0 9214
0 0 0.000116644 0.00011715 0.1035 99.9144 7.96376e-06 99.912 1.25805e-06 4.60388 99.4975 0 0 0 0 0 0 0 0 0 0 9265
0 0 0.000116644 0.00011715 0.1035 99.9144 7.96376e-06 99.912 1.25805e-06 4.60388 99.4975 0 0 0 0 0 0 0 0 0 0 9318
0 0 0.000115519 0.000118646 0.104095 99.9164 8.70756e-06 99.9085 1.26666e-06 4.4376 98.6636 0 0 0 0 0 0 0 0 0 0 9369
0 0 0.000124787 0.000119044 0.104187 99.9152 1.09784e-05 99.908 1.27322e-06 4.12698 98.6589 0 0 0 0 0 0 0 0 0 0 9421
0 0 0.000150878 0.000120575 0.103952 99.9166 1.15497e-05 99.9032 1.35091e-06 4.23237 98.3044 0 0 0 0 0 0 0 0 0 0 9474
0 0 0.000161951 0.000120531 0.101617 99.9163 1.30985e-05 99.9023 1.39703e-06 4.03562 98.7459 0 0 0 0 0 0 0 0 0 0 9528
0 0 0.000171758 0.000117281 0.0996621 99.9139 1.1635e-05 99.9091 1.334e-06 4.01887 99.3974 0 0 0 0 0 0 0 0 0 0 9583
0 0 0.000143464 0.000117805 0.100639 99.913 1.31079e-05 99.9087 1.32782e-06 3.59663 99.4884 0 0 0 0 0 0 0 0 0 0 9638
0 0 0.000121269 0.000120327 0.103092 99.9131 1.52819e-05 99.9045 1.34868e-06 3.24916 99.4093 0 0 0 0 0 0 0 0 0 0 9693
0 0 0.000137628 0.000116903 0.10104 99.9139 1.59071e-05 99.9107 1.30528e-06 3.26119 99.7073 0 0 0 0 0 0 0 0 0 0 9750
0 0 0.000178465 0.000116217 0.0979034 99.9101 1.42846e-05 99.9103 1.33548e-06 3.36982 99.6858 0 0 0 0 0 0 0 0 0 0 9800
0 0 0.000147616 0.00011711 0.101335 99.9109 1.40371e-05 99.9052 1.44614e-06 3.16581 99.3476 0 0 0 0 0 0 0 0 0 0 9853
0 0 0.00015552 0.000121342 0.100683 99.9129 1.19091e-05 99.8964 1.53035e-06 3.3712 99.5863 0 0 0 0 0 0 0 0 0 0 9906
0 0 0.00015552 0.000121342 0.100683 99.9129 1.19091e-05 99.8964 1.53035e-06 3.3712 99.5863 0 0 0 0 0 0 0 0 0 0 9961
0 0 0.000136326 0.000122178 0.0937213 99.9095 1.12362e-05 99.889 1.69941e-06 3.15492 99.6965 0 0 0 0 0 0 0 0 0 0 10015
0 0 0.000123585 0.0001237 0.101813 99.9067 1.41201e-05 99.8904 1.59661e-06 2.88677 99.4549 0 0 0 0 0 0 0 0 0 0 10066
0 0 0.000103221 0.000122822 0.108598 99.9045 1.41778e-05 99.8966 1.46795e-06 2.96315 99.2892 0 0 0 0 0 0 0 0 0 0 10120
0 0 0.000126306 0.000123288 0.104791 99.9069 1.64585e-05 99.8977 1.4217e-06 2.74551 99.6985 0 0 0 0 0 0 0 0 0 0 10170
0 0 0.000173342 0.000121699 0.103231 99.904 1.34481e-05 99.9009 1.39877e-06 2.90972 99.7342 0 0 0 0 0 0 0 0 0 0 10223
0 0 0.000173342 0.000121699 0.103231 99.904 1.34481e-05 99.9009 1.39877e-06 2.90972 99.7342 0 0 0 0 0 0 0 0 0 0 10274
0 0 0.000135041 0.000122977 0.10052 99.8969 1.20722e-05 99.8988 1.40635e-06 3.20597 99.7454 0 0 0 0 0 0 0 0 0 0 10326
0 0 0.000120836 0.000123076 0.0992991 99.8967 8.67755e-06 99.898 1.42404e-06 3.59154 99.8124 0 0 0 0 0 0 0 0 0 0 10378
0 0 0.000117063 0.000123638 0.0987932 99.8959 8.49667e-06 99.897 1.42725e-06 3.62947 99.8143 0 0 0 0 0 0 0 0 0 0 10433
0 0 0.00016687 0.000127439 0.10395 99.8899 1.23424e-05 99.8904 1.42856e-06 3.02348 99.0579 0 0 0 0 0 0 0 0 0 0 10483
0 0 0.00016687 0.000127439 0.10395 99.8899 1.23424e-05 99.8904 1.42856e-06 3.02348 99.0579 0 0 0 0 0 0 0 0 0 0 10535
0 0 0.000138607 0.00013431 0.115922 99.8788 1.3072e-05 99.8722 1.46545e-06 2.63196 96.3793 0 0 0 0 0 0 0 0 0 0 10585
0 0 0.000124869 0.000130724 0.118862 99.8849 1.48582e-05 99.8817 1.37462e-06 2.65702 95.6662 0 0 0 0 0 0 0 0 0 0 10639
0 0 0.000113005 0.000130672 0.146331 99.8851 1.74667e-05 99.8812 1.08354e-06 2.5086 87.8961 0 0 0 0 0 0 0 0 0 0 10691
0 0 0.000110501 0.000135091 0.106425 99.8786 2.24625e-05 99.8746 1.1362e-06 2.34694 90.595 0 0 0 0 0 0 0 0 0 0 10744
0 0 0.000113428 0.00013127 0.0844333 99.8853 2.5963e-05 99.8866 8.94369e-07 2.34921 88.7513 0 0 0 0 0 0 0 0 0 0 10796
0 0 9.80369e-05 0.000129806 0.0706742 99.8884 3.14347e-05 99.8909 8.88526e-07 2.31627 89.0646 0 0 0 0 0 0 0 0 0 0 10848
0 0 9.80369e-05 0.000129806 0.0706742 99.8884 3.14347e-05 99.8909 8.88526e-07 2.31627 89.0646 0 0 0 0 0 0 0 0 0 0 10901
0 0 8.78456e-05 0.000126621 0.0515658 99.8937 3.50789e-05 99.8966 8.37414e-07 2.2536 85.9283 0 0 0 0 0 0 0 0 0 0 10954
0 0 8.03889e-05 0.000130869 0.0443356 99.8886 4.09191e-05 99.8916 9.79589e-07 2.23941 86.127 0 0 0 0 0 0 0 0 0 0 11006
0 0 7.72624e-05 0.000129419 0.0333699 99.8893 4.6629e-05 99.8927 1.32135e-06 2.22136 94.968 0 0 0 0 0 0 0 0 0 0 11061
0 0 7.68812e-05 0.000127549 0.0262039 99.8932 4.75989e-05 99.8981 1.29143e-06 2.22494 95.8204 0 0 0 0 0 0 0 0 0 0 11113
0 0 7.48137e-05 0.000123898 0.020456 99.897 4.92625e-05 99.9023 1.30397e-06 2.21124 98.5909 0 0 0 0 0 0 0 0 0 0 11164
0 0 7.48137e-05 0.000123898 0.020456 99.897 4.92625e-05 99.9023 1.30397e-06 2.21124 98.5909 0 0 0 0 0 0 0 0 0 0 11218
0 0 7.24495e-05 0.000120544 0.0203958 99.9016 5.09866e-05 99.9068 1.23551e-06 2.18857 98.2096 0 0 0 0 0 0 0 0 0 0 11270
0 0 6.86092e-05 0.000117404 0.0262246 99.906 5.17332e-05 99.9099 1.25663e-06 2.13198 98.6581 0 0 0 0 0 0 0 0 0 0 11322
0 0 7.10591e-05 0.000116746 0.0287624 99.907 5.64451e-05 99.9126 1.11842e-06 2.1792 96.756 0 0 0 0 0 0 0 0 0 0 11380
0 0 7.31579e-05 0.000116396 0.0289071 99.9076 5.67999e-05 99.9141 1.01983e-06 2.20669 94.9529 0 0 0 0 0 0 0 0 0 0 11429
0 0 7.45779e-05 0.000114537 0.0353877 99.9104 5.6368e-05 99.9179 9.62336e-07 2.23386 94.4842 0 0 0 0 0 0 0 0 0 0 11482
0 0 8.23314e-05 0.00011245 0.0374373 99.9132 5.70916e-05 99.9214 8.77634e-07 2.25334 93.5544 0 0 0 0 0 0 0 0 0 0 11533
0 0 9.13412e-05 0.000110686 0.0402133 99.9157 5.81118e-05 99.9239 1.05444e-06 2.24787 97.3871 0 0 0 0 0 0 0 0 0 0 11585
0 0 0.000104903 0.000110028 0.0392217 99.9166 5.7441e-05 99.9248 1.07961e-06 2.24719 97.929 0 0 0 0 0 0 0 0 0 0 11637
0 0 0.000131015 0.000109951 0.0453243 99.9167 5.68071e-05 99.9246 1.09251e-06 2.23473 98.1916 0 0 0 0 0 0 0 0 0 0 11691
0 0 0.000108169 0.000111509 0.0408783 99.9145 5.62127e-05 99.9205 1.14501e-06 2.16431 98.114 0 0 0 0 0 0 0 0 0 0 11742
0 0 0.000108169 0.000111509 0.0408783 99.9145 5.62127e-05 99.9205 1.14501e-06 2.16431 98.114 0 0 0 0 0 0 0 0 0 0 11795
0 0 8.08882e-05 0.000116449 0.0366383 99.9074 5.53939e-05 99.9073 1.13823e-06 1.99043 95.0551 0 0 0 0 0 0 0 0 0 0 11845
0 0 4.65496e-05 0.000127287 0.0262375 99.8904 4.66831e-05 99.856 2.24374e-06 1.42362 98.2627 0 0 0 0 0 0 0 0 0 0 11896
0 0 1.71272e-05 0.000151872 0.0134632 99.847 3.52384e-05 99.617 8.317e-06 0.630563 98.87 0 0 0 0 0 0 0 0 0 0 11948
0 0 7.70074e-06 0.0001934 0.0103396 99.7581 2.90584e-05 98.889 2.85045e-05 0.298496 94.0357 0 0 0 0 0 0 0 0 0 0 12004
0 0 7.21497e-06 0.000301421 0.0129309 99.4455 3.10064e-05 96.4056 6.62259e-05 0.213665 86.8596 0 0 0 0 0 0 0 0 0 0 12055
0 0 1.40294e-05 0.000716139 0.023001 97.222 4.82406e-05 79.6545 0.000155869 0.199163 74.0514 0 0 0 0 0 0 0 0 0 0 12185
0 0 0.000124271 0.00891161 0.105082 23.3239 0.000316944 1.64032 0.00149962 0.193022 38.3243 0 0 0 0 0 0 0 0 0 0 12236
0 0 0.00045479 0.0389416 0.242674 3.75079 0.00109309 0.0695103 0.00550372 0.191681 17.6737 0 0 0 0 0 0 0 0 0 0 12288
0 0 0.00108818 0.102944 0.350775 0.496771 0.00251939 0.0084131 0.0131233 0.189517 3.95859 0 0 0 0 0 0 0 0 0 0 12342
0 0 0.00155033 0.14762 0.392738 0.189161 0.00350898 0.00360856 0.0186315 0.187894 0 0 0 0 0 0 0 0 0 0 0 12396
0 0 0.00155033 0.14762 0.392738 0.189161 0.00350898 0.00360856 0.0186315 0.187894 0 0 0 0 0 0 0 0 0 0 0 12450
0 0 0.0021217 0.189422 0.428422 0.0985607 0.00446796 0.00189536 0.0257704 0.17886 0 0 0 0 0 0 0 0 0 0 0 12500
0 0 0.0021217 0.189422 0.428422 0.0985607 0.00446796 0.00189536 0.0257704 0.17886 0 0 0 0 0 0 0 0 0 0 0 12553
0 0 0.00228544 0.197055 0.430031 0.109779 0.00453007 0.00170873 0.0289091 0.172844 0 0 0 0 0 0 0 0 0 0 0 12608
0 0 0.00257374 0.203915 0.431807 0.185309 0.00431998 0.00152661 0.0374321 0.160452 0 0 0 0 0 0 0 0 0 0 0 12659
0 0 0.00286882 0.209542 0.431802 0.493749 0.00367469 0.0013882 0.0565268 0.148831 -3.91605 0 0 0 0 0 0 0 0 0 0 12713
0 0 0.00334736 0.217122 0.429841 2.80116 0.00268144 0.00122182 0.115283 0.132927 -22.8556 0 0 0 0 0 0 0 0 0 0 12766
0 0 0.00399593 0.225902 0.428747 11.3109 0.00210924 0.00106147 0.215826 0.117061 -38.6115 0 0 0 0 0 0 0 0 0 0 12818
0 0 0.006536 0.252157 0.428318 42.3048 0.00188279 0.000721354 0.53229 0.0822379 -55.5628 0 0 0 0 0 0 0 0 0 0 12871
0 0 0.00698133 0.25593 0.428696 47.6486 0.00186093 0.000686885 0.595896 0.0787549 -57.6531 0 0 0 0 0 0 0 0 0 0 12926
0 0 0.00859868 0.268071 0.428926 50.2595 0.00205388 0.000584769 0.697986 0.0680068 -57.7 0 0 0 0 0 0 0 0 0 0 12977
0 0 0.00859868 0.268071 0.428926 50.2595 0.00205388 0.000584769 0.697986 0.0680068 -57.7 0 0 0 0 0 0 0 0 0 0 13030
0 0 0.00897976 0.270648 0.428217 51.4209 0.00208236 0.000565217 0.727762 0.0659159 -57.9882 0 0 0 0 0 0 0 0 0 0 13082
0 0 0.00669063 0.253053 0.428097 28.0576 0.00219683 0.000714643 0.43032 0.0817279 -48.4127 0 0 0 0 0 0 0 0 0 0 13133
0 0 0.006185 0.248276 0.427838 16.9515 0.00242988 0.00076189 0.326453 0.0866057 -41.5764 0 0 0 0 0 0 0 0 0 0 13186
0 0 0.00494427 0.235739 0.428186 3.23756 0.00322524 0.000913627 0.151114 0.102331 -22.532 0 0 0 0 0 0 0 0 0 0 13239
0 0 0.0040305 0.224523 0.42846 1.82081 0.00325363 0.00108223 0.108176 0.119562 -17.1032 0 0 0 0 0 0 0 0 0 0 13292
0 0 0.00336194 0.215256 0.429075 0.364961 0.00425961 0.0012519 0.0548887 0.136583 0 0 0 0 0 0 0 0 0 0 0 13343
0 0 0.00329795 0.214433 0.428456 0.286759 0.0044724 0.00126497 0.0504101 0.137943 0 0 0 0 0 0 0 0 0 0 0 13395
0 0 0.00329795 0.214433 0.428456 0.286759 0.0044724 0.00126497 0.0504101 0.137943 0 0 0 0 0 0 0 0 0 0 0 13448
0 0 0.00329938 0.214675 0.42812 0.199844 0.00489033 0.0012566 0.0448293 0.137063 0 0 0 0 0 0 0 0 0 0 0 13499
0 0 0.0029019 0.209431 0.427776 0.146387 0.00493502 0.00136801 0.0379406 0.148308 0 0 0 0 0 0 0 0 0 0 0 13552
0 0 0.00280947 0.208507 0.430644 0.133193 0.0050114 0.0013881 0.0369879 0.151119 0 0 0 0 0 0 0 0 0 0 0 13603
0 0 0.00268303 0.207508 0.429448 0.12356 0.00507016 0.00141068 0.0365781 0.154639 0 0 0 0 0 0 0 0 0 0 0 13658
0 0 0.00246689 0.206727 0.428314 0.11855 0.00523463 0.00142859 0.0406078 0.16253 0 0 0 0 0 0 0 0 0 0 0 13712
0 0 0.00220815 0.206371 0.42676 0.11861 0.00549246 0.00143589 0.0498896 0.173741 0 0 0 0 0 0 0 0 0 0 0 13766
0 0 0.00215867 0.20516 0.426227 0.114959 0.00543794 0.00146502 0.048307 0.176606 0 0 0 0 0 0 0 0 0 0 0 13816
0 0 0.00193435 0.204025 0.425643 0.112895 0.00562646 0.00149202 0.0563547 0.189043 0 0 0 0 0 0 0 0 0 0 0 13867
0 0 0.0017027 0.199544 0.424624 0.102827 0.00554152 0.00160829 0.0554059 0.206071 0 0 0 0 0 0 0 0 0 0 0 13920
0 0 0.00176323 0.196341 0.423253 0.0947434 0.00520522 0.00169388 0.0425888 0.202751 0 0 0 0 0 0 0 0 0 0 0 13970
0 0 0.00176323 0.196341 0.423253 0.0947434 0.00520522 0.00169388 0.0425888 0.202751 0 0 0 0 0 0 0 0 0 0 0 14021
0 0 0.0016748 0.193947 0.421723 0.100472 0.00517111 0.00176023 0.0404408 0.20969 0 0 0 0 0 0 0 0 0 0 0 14072
0 0 0.00164507 0.192719 0.419776 0.0965895 0.0051848 0.00178783 0.0406866 0.211441 0 0 0 0 0 0 0 0 0 0 0 14125
0 0 0.00170759 0.192036 0.417413 0.0883008 0.00510526 0.00179723 0.039072 0.206059 0 0 0 0 0 0 0 0 0 0 0 14176
0 0 0.00165048 0.189332 0.411629 0.0882946 0.00512402 0.00185366 0.0409146 0.208545 0 0 0 0 0 0 0 0 0 0 0 14226
0 0 0.00161665 0.183599 0.400177 0.0903339 0.00495665 0.00198555 0.0392086 0.207754 0 0 0 0 0 0 0 0 0 0 0 14281
0 0 0.00156202 0.183897 0.400416 0.0902894 0.00504969 0.00197834 0.0426379 0.212163 0 0 0 0 0 0 0 0 0 0 0 14334
0 0 0 0 0 0 0 0 0 0 0 0 0 0 0 0 0 0 0 0 0 14385
0 0 0.0014379 0.184557 0.402869 0.0902905 0.00521377 0.00197749 0.0501277 0.223884 0 0 0 0 0 0 0 0 0 0 0 14436
0 0 0.0014379 0.184557 0.402869 0.0902905 0.00521377 0.00197749 0.0501277 0.223884 0 0 0 0 0 0 0 0 0 0 0 14488
0 0 0.00112925 0.18137 0.398521 0.0932486 0.00564684 0.00208029 0.0749119 0.25671 0 0 0 0 0 0 0 0 0 0 0 14538
0 0 0 0 0 0 0 0 0 0 0 0 0 0 0 0 0 0 0 0 0 14589
0 0 0 0 0 0 0 0 0 0 0 0 0 0 0 0 0 0 0 0 0 14642
0 0 0 0 0 0 0 0 0 0 0 0 0 0 0 0 0 0 0 0 0 14695
0 0 0 0 0 0 0 0 0 0 0 0 0 0 0 0 0 0 0 0 0 14747
0 0 0 0 0 0 0 0 0 0 0 0 0 0 0 0 0 0 0 0 0 14797
0 0 0 0 0 0 0 0 0 0 0 0 0 0 0 0 0 0 0 0 0 14848
0 0 0 0 0 0 0 0 0 0 0 0 0 0 0 0 0 0 0 0 0 14903
0 0 0 0 0 0 0 0 0 0 0 0 0 0 0 0 0 0 0 0 0 14958
0 0 0 0 0 0 0 0 0 0 0 0 0 0 0 0 0 0 0 0 0 15009
0 0 0 0 0 0 0 0 0 0 0 0 0 0 0 0 0 0 0 0 0 15061
0 0 0.00143006 0.20139 0.445966 0.145111 0.00460812 0.002015 0.0492775 0.26001 0 0 0 0 0 0 0 0 0 0 0 15114
0 0 0 0 0 0 0 0 0 0 0 0 0 0 0 0 0 0 0 0 0 15168
0 0 0 0 0 0 0 0 0 0 0 0 0 0 0 0 0 0 0 0 0 15221
0 0 0 0 0 0 0 0 0 0 0 0 0 0 0 0 0 0 0 0 0 15273
0 0 0 0 0 0 0 0 0 0 0 0 0 0 0 0 0 0 0 0 0 15323
0 0 0.00209522 0.201471 0.434447 0.512102 0.00296919 0.00195537 0.0469635 0.210627 -7.60989 0 0 0 0 0 0 0 0 0 0 15376
0 0 0.00211909 0.197494 0.429802 0.706248 0.00273751 0.00195532 0.0448195 0.207491 -14.2923 0 0 0 0 0 0 0 0 0 0 15428
0 0 0 0 0 0 0 0 0 0 0 0 0 0 0 0 0 0 0 0 0 15482
0 0 0.00214269 0.196464 0.427927 0.775186 0.00268316 0.00189746 0.0556171 0.202478 -11.7376 0 0 0 0 0 0 0 0 0 0 15536
0 0 0.00213778 0.195765 0.425228 0.963412 0.00254256 0.00187311 0.0608294 0.199329 -13.9097 0 0 0 0 0 0 0 0 0 0 15587
0 0 0 0 0 0 0 0 0 0 0 0 0 0 0 0 0 0 0 0 0 15637
0 0 0 0 0 0 0 0 0 0 0 0 0 0 0 0 0 0 0 0 0 15688
0 0 0 0 0 0 0 0 0 0 0 0 0 0 0 0 0 0 0 0 0 15739
0 0 0 0 0 0 0 0 0 0 0 0 0 0 0 0 0 0 0 0 0 15793
0 0 0 0 0 0 0 0 0 0 0 0 0 0 0 0 0 0 0 0 0 15848
0 0 0 0 0 0 0 0 0 0 0 0 0 0 0 0 0 0 0 0 0 15901
0 0 0.00194789 0.190653 0.42359 1.53828 0.00224668 0.00189723 0.0731113 0.202285 -19.2553 0 0 0 0 0 0 0 0 0 0 15951
0 0 0.00197855 0.189134 0.421114 1.4749 0.0022147 0.00193053 0.0693551 0.201432 -18.3564 0 0 0 0 0 0 0 0 0 0 16007
0 0 0.00201219 0.190563 0.424206 1.14589 0.00232158 0.00189382 0.0631026 0.202823 -15.5121 0 0 0 0 0 0 0 0 0 0 16062
0 0 0.00199334 0.191014 0.424607 0.864099 0.00240074 0.00187917 0.0579288 0.207357 -12.3697 0 0 0 0 0 0 0 0 0 0 16114
0 0 0.00205533 0.191896 0.426106 0.786378 0.0023322 0.00185844 0.0549395 0.211707 -11.2557 0 0 0 0 0 0 0 0 0 0 16164
0 0 0.00206931 0.192686 0.426936 0.689138 0.00232766 0.00183676 0.0521947 0.214681 -9.76501 0 0 0 0 0 0 0 0 0 0 16217
0 0 0.00210332 0.192938 0.426829 0.48973 0.00236045 0.00182714 0.0462567 0.222358 -5.88804 0 0 0 0 0 0 0 0 0 0 16269
0 0 0.00211099 0.192968 0.426951 0.305493 0.00260338 0.00182589 0.0392264 0.224083 -0.578949 0 0 0 0 0 0 0 0 0 0 16322
0 0 0.00211099 0.192968 0.426951 0.305493 0.00260338 0.00182589 0.0392264 0.224083 -0.578949 0 0 0 0 0 0 0 0 0 0 16376
0 0 0.00206629 0.192961 0.427388 0.173597 0.00315009 0.00182682 0.0321565 0.21661 0 0 0 0 0 0 0 0 0 0 0 16430
0 0 0.00205787 0.192941 0.428315 0.106809 0.00356018 0.00182916 0.0269385 0.215497 0 0 0 0 0 0 0 0 0 0 0 16481
0 0 0.002031 0.192895 0.429199 0.0886932 0.00373933 0.0018308 0.0251108 0.214568 0 0 0 0 0 0 0 0 0 0 0 16536
0 0 0.00204016 0.192829 0.436315 0.0832853 0.00384104 0.00183547 0.0242729 0.212943 0 0 0 0 0 0 0 0 0 0 0 16588
0 0 0.00206233 0.192623 0.493144 0.0923116 0.00396002 0.00184491 0.0237416 0.210461 0 0 0 0 0 0 0 0 0 0 0 16638
0 0 0.00206303 0.192309 0.455653 0.0865653 0.00385128 0.00185603 0.0236603 0.215001 0 0 0 0 0 0 0 0 0 0 0 16690
0 0 0.00211108 0.192785 0.452181 0.0890052 0.00380126 0.00186196 0.0235414 0.219424 0 0 0 0 0 0 0 0 0 0 0 16741
0 0 0.00218482 0.19331 0.462359 0.0953608 0.00389002 0.00187279 0.0232393 0.22035 0 0 0 0 0 0 0 0 0 0 0 16791
0 0 0.00228689 0.1946 0.461911 0.101835 0.00406914 0.00184983 0.0234327 0.214969 0 0 0 0 0 0 0 0 0 0 0 16844
0 0 0.00228689 0.1946 0.461911 0.101835 0.00406914 0.00184983 0.0234327 0.214969 0 0 0 0 0 0 0 0 0 0 0 16898
0 0 0.00242398 0.197987 0.454346 0.105094 0.00421546 0.00172509 0.0256312 0.200566 0 0 0 0 0 0 0 0 0 0 0 16948
0 0 0.00237125 0.199072 0.443811 0.100615 0.00440006 0.00166644 0.0275916 0.191279 0 0 0 0 0 0 0 0 0 0 0 16999
0 0 0.00216948 0.197973 0.443113 0.0965634 0.00448833 0.00168971 0.0298313 0.197539 0 0 0 0 0 0 0 0 0 0 0 17053
0 0 0.00200682 0.197449 0.434046 0.0932073 0.0046941 0.00168197 0.0339013 0.198616 0 0 0 0 0 0 0 0 0 0 0 17104
0 0 0.00202638 0.198295 0.43079 0.0937718 0.00485726 0.00164889 0.0358971 0.193472 0 0 0 0 0 0 0 0 0 0 0 17158
0 0 0 0 0 0 0 0 0 0 0 0 0 0 0 0 0 0 0 0 0 17210
0 0 0 0 0 0 0 0 0 0 0 0 0 0 0 0 0 0 0 0 0 17263
0 0 0 0 0 0 0 0 0 0 0 0 0 0 0 0 0 0 0 0 0 17315
0 0 0 0 0 0 0 0 0 0 0 0 0 0 0 0 0 0 0 0 0 17368
0 0 0 0 0 0 0 0 0 0 0 0 0 0 0 0 0 0 0 0 0 17419
0 0 0 0 0 0 0 0 0 0 0 0 0 0 0 0 0 0 0 0 0 17471
0 0 0.00126613 0.1555 0.351134 0.123438 0.00433126 0.00288721 0.0392396 0.226871 0 0 0 0 0 0 0 0 0 0 0 17521
0 0 0.00147774 0.165581 0.376124 0.110083 0.00433487 0.00250232 0.0354178 0.213634 0 0 0 0 0 0 0 0 0 0 0 17572
0 0 0.00149978 0.173655 0.391865 0.101291 0.0045701 0.00225374 0.0407846 0.217384 0 0 0 0 0 0 0 0 0 0 0 17626
0 0 0.00165901 0.180173 0.417688 0.0995641 0.00454321 0.00206819 0.0390428 0.207836 0 0 0 0 0 0 0 0 0 0 0 17678
0 0 0.00177289 0.185809 0.428935 0.11642 0.00456681 0.00191669 0.0419215 0.200006 0 0 0 0 0 0 0 0 0 0 0 17728
0 0 0.0017444 0.180578 0.400503 0.111276 0.00439585 0.00208365 0.0369843 0.198785 0 0 0 0 0 0 0 0 0 0 0 17780
0 0 0.0017444 0.180578 0.400503 0.111276 0.00439585 0.00208365 0.0369843 0.198785 0 0 0 0 0 0 0 0 0 0 0 17833
0 0 0.00172037 0.177382 0.386842 0.113312 0.00427725 0.00217583 0.0357758 0.197661 0 0 0 0 0 0 0 0 0 0 0 17883
0 0 0.00172037 0.177382 0.386842 0.113312 0.00427725 0.00217583 0.0357758 0.197661 0 0 0 0 0 0 0 0 0 0 0 17935
0 0 0.00173974 0.176976 0.3851 0.116835 0.00419926 0.00221115 0.0335899 0.195256 0 0 0 0 0 0 0 0 0 0 0 17988
0 0 0.00181164 0.180893 0.384954 0.140141 0.00422976 0.00212973 0.0315208 0.191927 0 0 0 0 0 0 0 0 0 0 0 18038
0 0 0.0019506 0.189824 0.395335 0.171825 0.00446431 0.00189833 0.0337847 0.186517 0 0 0 0 0 0 0 0 0 0 0 18088
0 0 0.00205978 0.193735 0.396866 0.163766 0.00455486 0.00180837 0.0350539 0.180982 0 0 0 0 0 0 0 0 0 0 0 18140
0 0 0.00203894 0.195031 0.3943 0.142763 0.00478809 0.00173653 0.0428479 0.183846 0 0 0 0 0 0 0 0 0 0 0 18192
0 0 0.00225736 0.205991 0.401942 0.152079 0.00531703 0.00146861 0.0568901 0.173927 0 0 0 0 0 0 0 0 0 0 0 18247
0 0 0.00322885 0.227782 0.410704 0.218197 0.00621723 0.00106158 0.0856332 0.134913 0 0 0 0 0 0 0 0 0 0 0 18299
0 0 0.00337517 0.232464 0.41536 0.234147 0.00644007 0.000995716 0.09483 0.130044 0 0 0 0 0 0 0 0 0 0 0 18350
0 0 0.00450144 0.252547 0.421067 0.331366 0.00755432 0.000750101 0.146716 0.10442 0 0 0 0 0 0 0 0 0 0 0 18402
0 0 0.00450144 0.252547 0.421067 0.331366 0.00755432 0.000750101 0.146716 0.10442 0 0 0 0 0 0 0 0 0 0 0 18451
0 0 0.00497958 0.266224 0.424012 0.428699 0.00869369 0.000622985 0.239355 0.0951187 -2.29909 0 0 0 0 0 0 0 0 0 0 18501
0 0 0.00404771 0.275952 0.42515 0.466102 0.0110836 0.000556903 0.510237 0.105623 -7.03765 0 0 0 0 0 0 0 0 0 0 18552
0 0 0.00401959 0.280746 0.425763 0.549931 0.0116041 0.000526055 0.646522 0.104955 -9.71023 0 0 0 0 0 0 0 0 0 0 18603
0 0 0.0036043 0.273426 0.426979 0.531955 0.0109734 0.000572555 0.626635 0.113672 -8.99476 0 0 0 0 0 0 0 0 0 0 18656
0 0 0.0043494 0.273812 0.429446 0.507348 0.00969833 0.000592477 0.384233 0.102695 -6.14364 0 0 0 0 0 0 0 0 0 0 18708
0 0 0.00398545 0.253961 0.432266 0.348491 0.00730878 0.000802497 0.147349 0.114157 -1.12841 0 0 0 0 0 0 0 0 0 0 18760
0 0 0.00398545 0.253961 0.432266 0.348491 0.00730878 0.000802497 0.147349 0.114157 -1.12841 0 0 0 0 0 0 0 0 0 0 18810
0 0 0.00314365 0.242768 0.433915 0.397363 0.0062674 0.000999261 0.0939428 0.136635 -4.24874 0 0 0 0 0 0 0 0 0 0 18862
0 0 0.00281777 0.238292 0.440021 4.00036 0.00558975 0.00115978 0.0402552 0.152542 -15.9189 0 0 0 0 0 0 0 0 0 0 18914
0 0 0.00245613 0.228744 0.440897 25.6983 0.00474634 0.00141983 0.0162738 0.175558 -26.5374 0 0 0 0 0 0 0 0 0 0 18965
0 0 0.0025634 0.225878 0.464389 10.568 0.0039685 0.0017325 0.0144225 0.206307 -23.8729 0 0 0 0 0 0 0 0 0 0 19018
0 0 0.00261171 0.224035 0.472013 5.77849 0.0037663 0.00184142 0.0156967 0.219923 -22.2642 0 0 0 0 0 0 0 0 0 0 19073
0 0 0.00280245 0.233941 0.488362 1.33328 0.0036706 0.00202822 0.0170203 0.239365 -13.6423 0 0 0 0 0 0 0 0 0 0 19123
0 0 0.00247094 0.230668 0.430848 4.20663 0.00360332 0.00199745 0.0138516 0.234333 -20.8666 0 0 0 0 0 0 0 0 0 0 19174
0 0 0.0022093 0.243385 0.377391 15.1358 0.003449 0.0019165 0.0132012 0.227887 -31.9563 0 0 0 0 0 0 0 0 0 0 19225
0 0 0.00207643 0.266319 0.327679 20.0876 0.00366407 0.00190979 0.0181275 0.253812 -38.1296 0 0 0 0 0 0 0 0 0 0 19279
0 0 0.00160211 0.260796 0.313126 38.7186 0.0040278 0.00196267 0.0276221 0.31569 -48.8704 0 0 0 0 0 0 0 0 0 0 19333
0 0 0.00185814 0.260194 0.232802 40.4397 0.00409314 0.00195999 0.0364534 0.344713 -55.6957 0 0 0 0 0 0 0 0 0 0 19383
0 0 0.00185814 0.260194 0.232802 40.4397 0.00409314 0.00195999 0.0364534 0.344713 -55.6957 0 0 0 0 0 0 0 0 0 0 19434
0 0 0 0 0 0 0 0 0 0 0 0 0 0 0 0 0 0 0 0 0 19484
0 0 0 0 0 0 0 0 0 0 0 0 0 0 0 0 0 0 0 0 0 19536
0 0 0 0 0 0 0 0 0 0 0 0 0 0 0 0 0 0 0 0 0 19585
0 0 0 0 0 0 0 0 0 0 0 0 0 0 0 0 0 0 0 0 0 19635
0 0 0.000596267 0.293208 0.267645 2.1561 0.00506954 0.00193907 0.934763 0.600839 -59.8958 0 0 0 0 0 0 0 0 0 0 19686
0 0 0.00068182 0.282475 0.349347 2.58632 0.00407349 0.00203798 0.742163 0.521646 -48.1367 0 0 0 0 0 0 0 0 0 0 19740
0 0 0.00108281 0.275788 0.41049 2.35073 0.00310817 0.0021128 0.261139 0.385775 -36.104 0 0 0 0 0 0 0 0 0 0 19792
0 0 0.00164253 0.277889 0.425031 1.56108 0.00271314 0.0020721 0.0997553 0.284176 -24.9097 0 0 0 0 0 0 0 0 0 0 19844
0 0 0 0 0 0 0 0 0 0 0 0 0 0 0 0 0 0 0 0 0 19897
0 0 0 0 0 0 0 0 0 0 0 0 0 0 0 0 0 0 0 0 0 19949
0 0 0.00228425 0.264453 0.473192 0.880113 0.00277094 0.00209332 0.0328243 0.250738 -24.1956 0 0 0 0 0 0 0 0 0 0 20002
0 0 0 0 0 0 0 0 0 0 0 0 0 0 0 0 0 0 0 0 0 20055
0 0 0 0 0 0 0 0 0 0 0 0 0 0 0 0 0 0 0 0 0 20105
0 0 0.00443236 0.242334 0.575569 44.87 0.00325452 0.00284486 0.00395243 0.37077 -38.6935 0 0 0 0 0 0 0 0 0 0 20156
0 0 0.00430575 0.252701 0.460209 48.6756 0.00346731 0.00275635 0.00338717 0.354291 -37.6409 0 0 0 0 0 0 0 0 0 0 20209
0 0 0 0 0 0 0 0 0 0 0 0 0 0 0 0 0 0 0 0 0 20263
0 0 0 0 0 0 0 0 0 0 0 0 0 0 0 0 0 0 0 0 0 20319
0 0 0.0396156 0.236605 0.323248 48.8372 0.00455733 0.00291874 0.00365727 0.458378 -38.0289 0 0 0 0 0 0 0 0 0 0 20371
0 0 0.0396156 0.236605 0.323248 48.8372 0.00455733 0.00291874 0.00365727 0.458378 -38.0289 0 0 0 0 0 0 0 0 0 0 20421
0 0 0.15051 0.24225 0.233736 46.5207 0.0055716 0.00312821 0.00551565 0.628303 -43.9237 0 0 0 0 0 0 0 0 0 0 20473
0 0 0.192941 0.251859 0.196064 46.5677 0.0077148 0.00325439 0.0119324 0.93711 -52.9824 0 0 0 0 0 0 0 0 0 0 20524
0 0 0 0 0 0 0 0 0 0 0 0 0 0 0 0 0 0 0 0 0 20580
0 0 0 0 0 0 0 0 0 0 0 0 0 0 0 0 0 0 0 0 0 20632
0 0 0.15673 0.279632 0.828436 27.5982 0.0128003 0.00264239 0.093093 1.11702 -39.4174 0 0 0 0 0 0 0 0 0 0 20683
0 0 0.182389 0.277838 1.20247 32.5788 0.013817 0.00238015 0.105248 1.01838 -37.8136 0 0 0 0 0 0 0 0 0 0 20737
0 0 0.163373 0.26134 1.4979 11.6607 0.0128492 0.00225872 0.11655 0.859947 -29.5166 0 0 0 0 0 0 0 0 0 0 20787
0 0 0.125684 0.24281 2.08432 6.25873 0.0111565 0.00253807 0.0727008 0.852856 -22.8586 0 0 0 0 0 0 0 0 0 0 20837
0 0 0.0518268 0.244843 2.29362 4.51505 0.011594 0.00220414 0.107728 0.706874 -10.1465 0 0 0 0 0 0 0 0 0 0 20887
0 0 0.0143769 0.244196 2.32261 4.91075 0.0119704 0.00221591 0.115107 0.716086 -3.33067 0 0 0 0 0 0 0 0 0 0 20937
0 0 0.0119104 0.242103 2.14848 6.17981 0.0103388 0.00231319 0.0523921 0.617039 0 0 0 0 0 0 0 0 0 0 0 20989
0 0 0.0119104 0.242103 2.14848 6.17981 0.0103388 0.00231319 0.0523921 0.617039 0 0 0 0 0 0 0 0 0 0 0 21039
0 0 0.0144973 0.262297 1.73765 9.85942 0.0141977 0.00173837 0.0769344 0.507043 -0.42836 0 0 0 0 0 0 0 0 0 0 21093
0 0 0.0143342 0.257926 1.5712 8.82568 0.0185807 0.00176255 0.0555621 0.496705 0 0 0 0 0 0 0 0 0 0 0 21145
0 0 0.0165196 0.259145 1.5058 10.3515 0.0512747 0.00180922 0.0338857 0.558887 0 0 0 0 0 0 0 0 0 0 0 21198
0 0 0.0226545 0.264824 1.60133 17.0523 0.630387 0.00197611 0.0117835 0.821616 0 0 0 0 0 0 0 0 0 0 0 21251
0 0 0.0186102 0.262342 1.27451 9.83164 0.47206 0.00195347 0.0101534 0.690091 0 0 0 0 0 0 0 0 0 0 0 21307
0 0 0.0350386 0.278985 1.1707 9.54732 3.06739 0.00163249 0.0045808 0.617716 0 0 0 0 0 0 0 0 0 0 0 21360
0 0 0.0480901 0.280808 1.34632 13.1113 11.0745 0.00232577 0.00141695 1.01727 0 0 0 0 0 0 0 0 0 0 0 21414
0 0 0.0232564 0.288016 1.31545 24.5187 3.58109 0.00290217 0.00177875 1.15655 0 0 0 0 0 0 0 0 0 0 0 21465
0 0 0.0151356 0.2974 1.3449 37.1279 1.96504 0.00365946 0.00162055 1.4187 0 0 0 0 0 0 0 0 0 0 0 21517
0 0 0.0137558 0.298872 1.29249 39.9473 1.08017 0.00321551 0.00257219 1.17937 0 0 0 0 0 0 0 0 0 0 0 21568
0 0 0.0114374 0.298432 1.3174 38.7403 2.15665 0.00421044 0.00133765 1.79058 0 0 0 0 0 0 0 0 0 0 0 21619
0 0 0.00972144 0.29273 1.52769 33.5445 0.982596 0.00522284 0.00135655 2.79205 0 0 0 0 0 0 0 0 0 0 0 21670
0 0 0.00631118 0.308451 1.58105 41.1733 0.146107 0.00504297 0.00284821 3.43946 0 0 0 0 0 0 0 0 0 0 0 21724
0 0 0.00360036 0.323041 2.01344 55.9895 0.198041 0.00537677 0.00360572 9.08902 0 0 0 0 0 0 0 0 0 0 0 21775
0 0 0.00154602 0.307739 2.03444 77.4687 0.0635404 0.003558 0.00301534 17.2928 0 0 0 0 0 0 0 0 0 0 0 21827
0 0 0.000360478 0.282773 2.09746 88.6394 0.0128844 0.00306566 0.0266608 31.0145 -7.59834 0 0 0 0 0 0 0 0 0 0 21879
0 0 0.000252173 0.286716 2.02921 92.3348 0.0121082 0.00271736 0.0316553 34.7477 -8.55896 0 0 0 0 0 0 0 0 0 0 21933
0 0 0.000252173 0.286716 2.02921 92.3348 0.0121082 0.00271736 0.0316553 34.7477 -8.55896 0 0 0 0 0 0 0 0 0 0 21983
0 0 0.000184392 0.263012 1.92614 93.9381 0.0139122 0.00250215 0.0340717 37.6473 -9.28313 0 0 0 0 0 0 0 0 0 0 22035
0 0 0.00012548 0.239858 1.98813 96.6189 0.00728191 0.00198796 0.024713 48.6947 -9.55752 0 0 0 0 0 0 0 0 0 0 22085
0 0 6.85621e-05 0.224275 2.06916 98.3852 0.00544685 0.00150977 0.0188911 63.8536 -13.4817 0 0 0 0 0 0 0 0 0 0 22138
0 0 5.92282e-05 0.219843 1.90665 97.8786 0.00460081 0.00158395 0.0351777 58.2078 -16.2469 0 0 0 0 0 0 0 0 0 0 22192
0 0 5.07089e-05 0.21253 2.00146 98.2558 0.00435467 0.00156627 0.0374212 64.1155 -16.0051 0 0 0 0 0 0 0 0 0 0 22244
0 0 5.38633e-05 0.204301 1.98746 98.0302 0.00548973 0.00162968 0.0419976 62.0891 -15.4691 0 0 0 0 0 0 0 0 0 0 22295
0 0 3.60114e-05 0.193112 1.88435 98.8079 0.00379181 0.00129834 0.0421242 67.1177 -13.395 0 0 0 0 0 0 0 0 0 0 22346
0 0 1.33444e-05 0.187261 1.78041 99.5436 0.00296372 0.000835353 0.0429423 79.9572 -14.841 0 0 0 0 0 0 0 0 0 0 22400
0 0 1.38538e-05 0.188096 1.83593 99.5192 0.00301783 0.000834873 0.0465689 79.8511 -15.7724 0 0 0 0 0 0 0 0 0 0 22464
0 0 2.48982e-05 0.185668 1.88574 99.3453 0.00212154 0.000988239 0.0332501 73.4323 -13.9302 0 0 0 0 0 0 0 0 0 0 22519
0 0 0 0 0 0 0 0 0 0 0 0 0 0 0 0 0 0 0 0 0 22571
0 0 0 0 0 0 0 0 0 0 0 0 0 0 0 0 0 0 0 0 0 22625
0 0 0 0 0 0 0 0 0 0 0 0 0 0 0 0 0 0 0 0 0 22676
0 0 0.000893564 0.194223 0.738023 62.2472 0.00601542 0.00255272 0.0292588 1.17745 -18.822 0 0 0 0 0 0 0 0 0 0 22728
0 0 0.00208829 0.195571 0.51192 50.6818 0.00562738 0.00214014 0.0444826 0.363665 0 0 0 0 0 0 0 0 0 0 0 22783
0 0 0 0 0 0 0 0 0 0 0 0 0 0 0 0 0 0 0 0 0 22834
0 0 0 0 0 0 0 0 0 0 0 0 0 0 0 0 0 0 0 0 0 22884
0 0 0 0 0 0 0 0 0 0 0 0 0 0 0 0 0 0 0 0 0 22936
0 0 0 0 0 0 0 0 0 0 0 0 0 0 0 0 0 0 0 0 0 22988
0 0 0 0 0 0 0 0 0 0 0 0 0 0 0 0 0 0 0 0 0 23040
0 0 0 0 0 0 0 0 0 0 0 0 0 0 0 0 0 0 0 0 0 23093
0 0 0 0 0 0 0 0 0 0 0 0 0 0 0 0 0 0 0 0 0 23148
0 0 0 0 0 0 0 0 0 0 0 0 0 0 0 0 0 0 0 0 0 23201
0 0 0 0 0 0 0 0 0 0 0 0 0 0 0 0 0 0 0 0 0 23250
0 0 0 0 0 0 0 0 0 0 0 0 0 0 0 0 0 0 0 0 0 23301
0 0 0 0 0 0 0 0 0 0 0 0 0 0 0 0 0 0 0 0 0 23355
0 0 0 0 0 0 0 0 0 0 0 0 0 0 0 0 0 0 0 0 0 23406
0 0 0 0 0 0 0 0 0 0 0 0 0 0 0 0 0 0 0 0 0 23457
0 0 0 0 0 0 0 0 0 0 0 0 0 0 0 0 0 0 0 0 0 23510
0 0 0 0 0 0 0 0 0 0 0 0 0 0 0 0 0 0 0 0 0 23561
0 0 0 0 0 0 0 0 0 0 0 0 0 0 0 0 0 0 0 0 0 23613
0 0 0 0 0 0 0 0 0 0 0 0 0 0 0 0 0 0 0 0 0 23663
0 0 0.00203225 2.29615 0.427681 0.0832859 0.00632794 0.00183969 0.0235785 0.194679 0 0 0 0 0 0 0 0 0 0 0 23716
0 0 0.00204039 2.44297 0.419282 0.082586 0.00765699 0.0018368 0.0235365 0.194069 0 0 0 0 0 0 0 0 0 0 0 23768
0 0 0.00204039 2.44297 0.419282 0.082586 0.00765699 0.0018368 0.0235365 0.194069 0 0 0 0 0 0 0 0 0 0 0 23820
0 0 0 0 0 0 0 0 0 0 0 0 0 0 0 0 0 0 0 0 0 23873
0 0 0.00203843 0.193957 0.427342 0.082278 0.00512587 0.00179148 0.0253881 0.194904 0 0 0 0 0 0 0 0 0 0 0 23929
0 0 0.00203843 0.193957 0.427342 0.082278 0.00512587 0.00179148 0.0253881 0.194904 0 0 0 0 0 0 0 0 0 0 0 23984
0 0 0.00186273 0.193836 0.427345 0.0824476 0.00479016 0.00179879 0.0288324 0.200196 0 0 0 0 0 0 0 0 0 0 0 24035
0 0 0.00196368 0.195134 0.427176 0.0843738 0.00477366 0.00175806 0.0281484 0.192947 0 0 0 0 0 0 0 0 0 0 0 24086
0 0 0.00200261 0.195578 0.426941 0.087491 0.00474606 0.00175158 0.0272308 0.19059 0 0 0 0 0 0 0 0 0 0 0 24136
0 0 0.00196369 0.194536 0.426799 0.0908065 0.00469527 0.00178358 0.0261581 0.193399 0 0 0 0 0 0 0 0 0 0 0 24186
0 0 0.00197627 0.194536 0.425916 0.0904645 0.00467338 0.00178439 0.0258119 0.192631 0 0 0 0 0 0 0 0 0 0 0 24237
0 0 0.00205731 0.195516 0.426279 0.0863791 0.00468127 0.00175068 0.0260191 0.187749 0 0 0 0 0 0 0 0 0 0 0 24287
0 0 0.00209211 0.195664 0.426509 0.0849278 0.00468129 0.00174058 0.0260341 0.186325 0 0 0 0 0 0 0 0 0 0 0 24339
0 0 0.00210765 0.195542 0.42701 0.0848809 0.00465607 0.00174565 0.0256979 0.186495 0 0 0 0 0 0 0 0 0 0 0 24391
0 0 0.00210765 0.195542 0.42701 0.0848809 0.00465607 0.00174565 0.0256979 0.186495 0 0 0 0 0 0 0 0 0 0 0 24443
0 0 0.00214585 0.195515 0.428799 0.087224 0.00464399 0.00175882 0.0251397 0.187987 0 0 0 0 0 0 0 0 0 0 0 24494
0 0 0.00225501 0.196699 0.433706 0.0929458 0.00469356 0.00173897 0.025195 0.186577 0 0 0 0 0 0 0 0 0 0 0 24546
0 0 0.00234671 0.196711 0.441228 0.100432 0.00469169 0.0017735 0.0242027 0.191512 0 0 0 0 0 0 0 0 0 0 0 24597
0 0 0.00260279 0.195602 0.471437 0.126962 0.00464004 0.00193013 0.0209413 0.213125 0 0 0 0 0 0 0 0 0 0 0 24649
0 0 0.00321624 0.195606 0.527691 0.197559 0.00463574 0.00215999 0.0169989 0.24881 0 0 0 0 0 0 0 0 0 0 0 24700
0 0 0.00490957 0.195686 0.66211 0.48565 0.00464298 0.00271192 0.0111909 0.339925 0 0 0 0 0 0 0 0 0 0 0 24750
0 0 0.00534915 0.195209 0.697999 0.602089 0.00461803 0.00289605 0.00997903 0.370705 0 0 0 0 0 0 0 0 0 0 0 24801
0 0 0.00598006 0.194642 0.747887 0.783 0.00459676 0.003138 0.00868418 0.411647 0 0 0 0 0 0 0 0 0 0 0 24851
0 0 0.00481238 0.193942 0.664242 0.505479 0.00456758 0.00285062 0.010396 0.358806 0 0 0 0 0 0 0 0 0 0 0 24901
0 0 0.00309549 0.193451 0.523217 0.200672 0.00454828 0.00227643 0.0157752 0.262473 0 0 0 0 0 0 0 0 0 0 0 24952
0 0 0.00275606 0.193187 0.481589 0.158131 0.00453544 0.00215496 0.0173727 0.242977 0 0 0 0 0 0 0 0 0 0 0 25003
0 0 0.0027802 0.192923 0.49359 0.162273 0.00452628 0.00218152 0.0171537 0.246468 0 0 0 0 0 0 0 0 0 0 0 25056
0 0 0.00258786 0.192809 0.481445 0.139742 0.00451772 0.00210464 0.0184336 0.23451 0 0 0 0 0 0 0 0 0 0 0 25107
0 0 0.00258786 0.192809 0.481445 0.139742 0.00451772 0.00210464 0.0184336 0.23451 0 0 0 0 0 0 0 0 0 0 0 25158
0 0 0.00210864 0.192763 0.436774 0.0905029 0.00451995 0.00188748 0.0226038 0.201843 0 0 0 0 0 0 0 0 0 0 0 25211
0 0 0.00210864 0.192763 0.436774 0.0905029 0.00451995 0.00188748 0.0226038 0.201843 0 0 0 0 0 0 0 0 0 0 0 25262
0 0 0.00206451 0.192711 0.434278 0.0866399 0.00452477 0.00186902 0.0230643 0.198877 0 0 0 0 0 0 0 0 0 0 0 25313
0 0 0.0020451 0.192708 0.433135 0.0848675 0.00452834 0.0018594 0.0233023 0.197376 0 0 0 0 0 0 0 0 0 0 0 25366
0 0 0.00203422 0.192675 0.432138 0.0839556 0.00452987 0.00185305 0.0234659 0.196324 0 0 0 0 0 0 0 0 0 0 0 25417
0 0 0.00203804 0.192627 0.433499 0.0845085 0.00453271 0.00185614 0.0234144 0.196553 0 0 0 0 0 0 0 0 0 0 0 25469
0 0 0.00206284 0.192617 0.433709 0.0867879 0.00453351 0.00185233 0.0235086 0.195958 0 0 0 0 0 0 0 0 0 0 0 25523
0 0 0.0020337 0.19262 0.434358 0.0842925 0.00453427 0.00184267 0.0237395 0.194602 0 0 0 0 0 0 0 0 0 0 0 25575
0 0 0.00202144 0.192613 0.436412 0.0867862 0.00453552 0.00183658 0.0238892 0.193691 0 0 0 0 0 0 0 0 0 0 0 25627
0 0 0.0020128 0.192629 0.443321 0.0929636 0.00453723 0.00183619 0.0239027 0.193665 0 0 0 0 0 0 0 0 0 0 0 25677
0 0 0.00200874 0.192628 0.454152 0.103197 0.00453861 0.00183693 0.0238955 0.193791 0 0 0 0 0 0 0 0 0 0 0 25728
0 0 0.00200874 0.192628 0.454152 0.103197 0.00453861 0.00183693 0.0238955 0.193791 0 0 0 0 0 0 0 0 0 0 0 25779
0 0 0.00201288 0.19264 0.475293 0.125914 0.00453927 0.00183692 0.0238857 0.193892 0 0 0 0 0 0 0 0 0 0 0 25831
0 0 0.00202929 0.192652 0.526478 0.196169 0.00453989 0.00183896 0.0238085 0.194195 0 0 0 0 0 0 0 0 0 0 0 25881
0 0 0.00205192 0.192663 0.613878 0.386311 0.00454037 0.00183742 0.0236969 0.194017 0 0 0 0 0 0 0 0 0 0 0 25932
0 0 0.00208662 0.192664 0.871256 1.76969 0.00454003 0.00183855 0.0236808 0.194163 0 0 0 0 0 0 0 0 0 0 0 25982
0 0 0.00212209 0.192676 1.21019 7.1124 0.00454124 0.0018395 0.0237465 0.194369 0 0 0 0 0 0 0 0 0 0 0 26033
0 0 0.00217396 0.19269 2.20552 52.0233 0.00454054 0.0018453 0.0236368 0.195161 0 0 0 0 0 0 0 0 0 0 0 26086
0 0 0.00217396 0.19269 2.20552 52.0233 0.00454054 0.0018453 0.0236368 0.195161 0 0 0 0 0 0 0 0 0 0 0 26136
0 0 0.00231192 0.192689 3.15246 84.22 0.00454035 0.00184905 0.0235639 0.195688 0 0 0 0 0 0 0 0 0 0 0 26187
0 0 0.00231226 0.192696 4.15023 94.9759 0.00454032 0.00184076 0.0237538 0.194475 0 0 0 0 0 0 0 0 0 0 0 26241
0 0 0.00247556 0.192698 4.85247 97.4991 0.00454044 0.00183571 0.0238813 0.193758 0 0 0 0 0 0 0 0 0 0 0 26293
0 0 0.00231233 0.1927 5.50819 98.593 0.00454071 0.0018336 0.0239353 0.193465 0 0 0 0 0 0 0 0 0 0 0 26343
0 0 0.00214186 0.192701 5.50134 98.5932 0.00454156 0.00183079 0.0240021 0.193095 0 0 0 0 0 0 0 0 0 0 0 26393
0 0 0.0020796 0.192706 5.58461 98.6869 0.00455198 0.00183022 0.0239931 0.193096 0 0 0 0 0 0 0 0 0 0 0 26446
0 0 0.0020547 0.192713 4.80596 97.4153 0.00457 0.00182964 0.0239794 0.193174 0 0 0 0 0 0 0 0 0 0 0 26499
0 0 0.00203734 0.192727 4.40079 96.1826 0.00470696 0.00182919 0.0237456 0.193777 0 0 0 0 0 0 0 0 0 0 0 26552
0 0 0.00203734 0.192727 4.40079 96.1826 0.00470696 0.00182919 0.0237456 0.193777 0 0 0 0 0 0 0 0 0 0 0 26604
0 0 0.00213202 0.192729 3.27919 86.9102 0.00544607 0.00182901 0.0226351 0.19671 0 0 0 0 0 0 0 0 0 0 0 26655
0 0 0.00241162 0.192747 3.07358 83.2061 0.00811938 0.00182914 0.019832 0.204926 0 0 0 0 0 0 0 0 0 0 0 26706
0 0 0.00261904 0.192755 2.21641 53.3214 0.0104666 0.00182997 0.0182092 0.210378 0 0 0 0 0 0 0 0 0 0 0 26757
0 0 0.00218187 0.192731 2.28231 56.5491 0.00604999 0.00183036 0.0218662 0.199643 0 0 0 0 0 0 0 0 0 0 0 26808
0 0 0.00202315 0.192712 2.15308 50.0352 0.00482162 0.00183125 0.02358 0.195349 0 0 0 0 0 0 0 0 0 0 0 26861
0 0 0.00198956 0.192713 1.95066 39.0046 0.00452208 0.00183447 0.0240597 0.194815 0 0 0 0 0 0 0 0 0 0 0 26912
0 0 0.00199742 0.192724 1.46728 15.2613 0.00444682 0.00183502 0.0242347 0.195199 0 0 0 0 0 0 0 0 0 0 0 26965
0 0 0.00201112 0.192752 1.00609 3.28428 0.00438938 0.00183436 0.0246321 0.195348 0 0 0 0 0 0 0 0 0 0 0 27016
0 0 0.00201112 0.192752 1.00609 3.28428 0.00438938 0.00183436 0.0246321 0.195348 0 0 0 0 0 0 0 0 0 0 0 27069
0 0 0.00205022 0.192808 0.967379 2.76736 0.00431562 0.00183347 0.0251588 0.195734 0 0 0 0 0 0 0 0 0 0 0 27122
0 0 0.00209883 0.192812 0.958772 2.62398 0.00419411 0.00183561 0.0261017 0.196314 0 0 0 0 0 0 0 0 0 0 0 27175
0 0 0.00210651 0.192819 0.782672 1.1003 0.0041115 0.00183512 0.0265959 0.197125 0 0 0 0 0 0 0 0 0 0 0 27228
0 0 0.00214859 0.192816 0.768052 1.01453 0.00414472 0.00183525 0.0262111 0.197381 0 0 0 0 0 0 0 0 0 0 0 27285
0 0 0.00214246 0.192754 0.705725 0.698961 0.00417183 0.00183929 0.0258898 0.197743 0 0 0 0 0 0 0 0 0 0 0 27335
0 0 0.00209107 0.19274 0.624646 0.412749 0.00422528 0.00183696 0.0255134 0.197216 0 0 0 0 0 0 0 0 0 0 0 27389
0 0 0.00206464 0.192786 0.606424 0.36407 0.00421584 0.00183372 0.0254242 0.197538 0 0 0 0 0 0 0 0 0 0 0 27443
0 0 0.00203259 0.192814 0.580057 0.298922 0.00421866 0.00183389 0.0251426 0.198347 0 0 0 0 0 0 0 0 0 0 0 27494
0 0 0.00202472 0.192871 0.574277 0.282728 0.00423594 0.00183702 0.0245826 0.19997 0 0 0 0 0 0 0 0 0 0 0 27548
0 0 0.00202247 0.192906 0.56367 0.259643 0.00422215 0.00183736 0.0243209 0.201102 0 0 0 0 0 0 0 0 0 0 0 27598
0 0 0.00206441 0.193081 0.570049 0.261957 0.00425395 0.00184863 0.0237832 0.203213 0 0 0 0 0 0 0 0 0 0 0 27650
0 0 0.00206441 0.193081 0.570049 0.261957 0.00425395 0.00184863 0.0237832 0.203213 0 0 0 0 0 0 0 0 0 0 0 27703
0 0 0.00205177 0.193039 0.526055 0.186284 0.00429597 0.0018455 0.0238001 0.201993 0 0 0 0 0 0 0 0 0 0 0 27753
0 0 0.00203963 0.193151 0.525184 0.188563 0.00425919 0.00183366 0.0240978 0.201403 0 0 0 0 0 0 0 0 0 0 0 27804
0 0 0.00207092 0.193167 0.500355 0.147402 0.00427688 0.00184754 0.0237209 0.20311 0 0 0 0 0 0 0 0 0 0 0 27855
0 0 0.00212491 0.193262 0.482735 0.119226 0.00430888 0.00186786 0.0232496 0.205307 0 0 0 0 0 0 0 0 0 0 0 27907
0 0 0.00213268 0.192917 0.477706 0.110985 0.00435871 0.00189102 0.0227626 0.206541 0 0 0 0 0 0 0 0 0 0 0 27958
0 0 0.00206114 0.192743 0.471651 0.113218 0.00440888 0.00186475 0.0233731 0.200827 0 0 0 0 0 0 0 0 0 0 0 28009
0 0 0.00203313 0.192694 0.463117 0.108375 0.00443185 0.00185114 0.0236208 0.198247 0 0 0 0 0 0 0 0 0 0 0 28061
0 0 0.00201962 0.192678 0.458933 0.106181 0.00440761 0.00184295 0.0238093 0.197717 0 0 0 0 0 0 0 0 0 0 0 28112
0 0 0.00201526 0.192674 0.455879 0.103497 0.00437336 0.00184113 0.0238295 0.198503 0 0 0 0 0 0 0 0 0 0 0 28164
0 0 0.00206269 0.192674 0.461716 0.10436 0.00431785 0.00186113 0.0233591 0.203045 0 0 0 0 0 0 0 0 0 0 0 28218
0 0 0.00218952 0.192678 0.477005 0.104273 0.00417562 0.0019232 0.0220056 0.216683 0 0 0 0 0 0 0 0 0 0 0 28271
0 0 0.00231646 0.192683 0.503522 0.115639 0.00378811 0.00198287 0.0208119 0.239517 0 0 0 0 0 0 0 0 0 0 0 28321
0 0 0.00231646 0.192683 0.503522 0.115639 0.00378811 0.00198287 0.0208119 0.239517 0 0 0 0 0 0 0 0 0 0 0 28372
0 0 0.00244234 0.192688 0.528086 0.126488 0.00331076 0.00203758 0.0197981 0.269526 0 0 0 0 0 0 0 0 0 0 0 28425
0 0 0.00225837 0.192684 0.507412 0.127071 0.00351931 0.00195551 0.021367 0.245514 0 0 0 0 0 0 0 0 0 0 0 28478
0 0 0.00228493 0.192679 0.525334 0.142854 0.00396154 0.00197147 0.021049 0.231291 0 0 0 0 0 0 0 0 0 0 0 28534
0 0 0.00226402 0.192671 0.562563 0.196367 0.00412288 0.00196357 0.0212179 0.224536 0 0 0 0 0 0 0 0 0 0 0 28586
0 0 0.00228417 0.192667 0.593502 0.241936 0.00421655 0.00197549 0.0209999 0.223302 0 0 0 0 0 0 0 0 0 0 0 28636
0 0 0.00215839 0.192668 0.612216 0.316758 0.00419636 0.00191606 0.0222286 0.214707 0 0 0 0 0 0 0 0 0 0 0 28686
0 0 0.00204997 0.192674 0.669659 0.530776 0.00403876 0.00186357 0.0234235 0.211385 0 0 0 0 0 0 0 0 0 0 0 28738
0 0 0.00200256 0.192673 0.708157 0.722689 0.00406122 0.00184069 0.0239452 0.207081 0 0 0 0 0 0 0 0 0 0 0 28791
0 0 0.00200865 0.19268 0.722332 0.815815 0.00419895 0.00183244 0.0241292 0.201723 0 0 0 0 0 0 0 0 0 0 0 28845
0 0 0.00211071 0.192686 0.749077 1.14005 0.00422133 0.00183082 0.023896 0.200619 0 0 0 0 0 0 0 0 0 0 0 28897
0 0 0.00211071 0.192686 0.749077 1.14005 0.00422133 0.00183082 0.023896 0.200619 0 0 0 0 0 0 0 0 0 0 0 28948
0 0 0.00215644 0.192693 0.754502 1.28645 0.00420006 0.0018321 0.0237554 0.201192 0 0 0 0 0 0 0 0 0 0 0 28998
0 0 0.00221813 0.192711 0.719065 1.1658 0.00419009 0.00183347 0.0236011 0.201399 0 0 0 0 0 0 0 0 0 0 0 29052
0 0 0.00217977 0.192747 0.755686 1.35918 0.00424247 0.00183416 0.0237987 0.199747 0 0 0 0 0 0 0 0 0 0 0 29104
0 0 0.00215246 0.192784 0.791703 1.53293 0.00428593 0.00183806 0.0242563 0.197786 0 0 0 0 0 0 0 0 0 0 0 29157
0 0 0.00220021 0.192915 0.794902 1.52818 0.00419197 0.00183945 0.0255817 0.196428 0 0 0 0 0 0 0 0 0 0 0 29208
0 0 0.00215543 0.193355 0.821299 1.57517 0.00407612 0.00183554 0.0273678 0.194974 0 0 0 0 0 0 0 0 0 0 0 29259
0 0 0.00215543 0.193355 0.821299 1.57517 0.00407612 0.00183554 0.0273678 0.194974 0 0 0 0 0 0 0 0 0 0 0 29309
0 0 0 0 0 0 0 0 0 0 0 0 0 0 0 0 0 0 0 0 0 29361
0 0 0 0 0 0 0 0 0 0 0 0 0 0 0 0 0 0 0 0 0 29411
0 0 0 0 0 0 0 0 0 0 0 0 0 0 0 0 0 0 0 0 0 29462
0 0 0.00237357 0.218815 1.22786 5.07664 0.00436542 0.00201486 0.0214005 0.221471 0 0 0 0 0 0 0 0 0 0 0 29512
0 0 0 0 0 0 0 0 0 0 0 0 0 0 0 0 0 0 0 0 0 29564
0 0 0 0 0 0 0 0 0 0 0 0 0 0 0 0 0 0 0 0 0 29617
0 0 0 0 0 0 0 0 0 0 0 0 0 0 0 0 0 0 0 0 0 29668
0 0 0 0 0 0 0 0 0 0 0 0 0 0 0 0 0 0 0 0 0 29720
0 0 0 0 0 0 0 0 0 0 0 0 0 0 0 0 0 0 0 0 0 29772
0 0 0 0 0 0 0 0 0 0 0 0 0 0 0 0 0 0 0 0 0 29825
0 0 0 0 0 0 0 0 0 0 0 0 0 0 0 0 0 0 0 0 0 29875
0 0 0 0 0 0 0 0 0 0 0 0 0 0 0 0 0 0 0 0 0 29930
0 0 0 0 0 0 0 0 0 0 0 0 0 0 0 0 0 0 0 0 0 29979
0 0 0 0 0 0 0 0 0 0 0 0 0 0 0 0 0 0 0 0 0 30029
0 0 0 0 0 0 0 0 0 0 0 0 0 0 0 0 0 0 0 0 0 30082
0 0 0 0 0 0 0 0 0 0 0 0 0 0 0 0 0 0 0 0 0 30132
0 0 0 0 0 0 0 0 0 0 0 0 0 0 0 0 0 0 0 0 0 30184
0 0 0 0 0 0 0 0 0 0 0 0 0 0 0 0 0 0 0 0 0 30236
0 0 0 0 0 0 0 0 0 0 0 0 0 0 0 0 0 0 0 0 0 30287
0 0 0 0 0 0 0 0 0 0 0 0 0 0 0 0 0 0 0 0 0 30341
0 0 0 0 0 0 0 0 0 0 0 0 0 0 0 0 0 0 0 0 0 30395
0 0 0 0 0 0 0 0 0 0 0 0 0 0 0 0 0 0 0 0 0 30448
0 0 0 0 0 0 0 0 0 0 0 0 0 0 0 0 0 0 0 0 0 30499
0 0 0 0 0 0 0 0 0 0 0 0 0 0 0 0 0 0 0 0 0 30550
0 0 0 0 0 0 0 0 0 0 0 0 0 0 0 0 0 0 0 0 0 30601
0 0 0 0 0 0 0 0 0 0 0 0 0 0 0 0 0 0 0 0 0 30655
0 0 0 0 0 0 0 0 0 0 0 0 0 0 0 0 0 0 0 0 0 30710
0 0 0 0 0 0 0 0 0 0 0 0 0 0 0 0 0 0 0 0 0 30764
0 0 0 0 0 0 0 0 0 0 0 0 0 0 0 0 0 0 0 0 0 30815
0 0 0 0 0 0 0 0 0 0 0 0 0 0 0 0 0 0 0 0 0 30867
0 0 0 0 0 0 0 0 0 0 0 0 0 0 0 0 0 0 0 0 0 30920
0 0 0 0 0 0 0 0 0 0 0 0 0 0 0 0 0 0 0 0 0 30972
0 0 0 0 0 0 0 0 0 0 0 0 0 0 0 0 0 0 0 0 0 31024
0 0 0 0 0 0 0 0 0 0 0 0 0 0 0 0 0 0 0 0 0 31077
0 0 0 0 0 0 0 0 0 0 0 0 0 0 0 0 0 0 0 0 0 31130
0 0 0 0 0 0 0 0 0 0 0 0 0 0 0 0 0 0 0 0 0 31182
0 0 0 0 0 0 0 0 0 0 0 0 0 0 0 0 0 0 0 0 0 31233
0 0 0 0 0 0 0 0 0 0 0 0 0 0 0 0 0 0 0 0 0 31283
0 0 0 0 0 0 0 0 0 0 0 0 0 0 0 0 0 0 0 0 0 31337
0 0 0 0 0 0 0 0 0 0 0 0 0 0 0 0 0 0 0 0 0 31389
0 0 0 0 0 0 0 0 0 0 0 0 0 0 0 0 0 0 0 0 0 31439
0 0 0 0 0 0 0 0 0 0 0 0 0 0 0 0 0 0 0 0 0 31490
0 0 0 0 0 0 0 0 0 0 0 0 0 0 0 0 0 0 0 0 0 31543
0 0 0 0 0 0 0 0 0 0 0 0 0 0 0 0 0 0 0 0 0 31593
0 0 0 0 0 0 0 0 0 0 0 0 0 0 0 0 0 0 0 0 0 31644
0 0 0 0 0 0 0 0 0 0 0 0 0 0 0 0 0 0 0 0 0 31698
0 0 0.00498742 0.233676 9.99285 99.9205 0.0062084 0.0010016 0.0293251 0.110812 0 0 0 0 0 0 0 0 0 0 0 31751
0 0 0.00498742 0.233676 9.99285 99.9205 0.0062084 0.0010016 0.0293251 0.110812 0 0 0 0 0 0 0 0 0 0 0 31805
0 0 0.00251242 0.195972 9.09889 99.914 0.00469021 0.00181442 0.0213919 0.192448 0 0 0 0 0 0 0 0 0 0 0 31857
0 0 0.00313492 0.203326 9.5296 99.8256 0.00504693 0.00164036 0.025633 0.177253 0 0 0 0 0 0 0 0 0 0 0 31907
0 0 0.00273107 0.198171 7.19731 99.3929 0.00483306 0.00175274 0.0243214 0.186205 0 0 0 0 0 0 0 0 0 0 0 31961
0 0 0.00234915 0.193375 4.98876 97.2713 0.00464097 0.00184217 0.023784 0.191025 0 0 0 0 0 0 0 0 0 0 0 32011
0 0 0.00223063 0.191123 4.16575 93.8641 0.00456904 0.00189198 0.0233832 0.193158 0 0 0 0 0 0 0 0 0 0 0 32062
0 0 0.00211276 0.191264 3.46603 88.7744 0.0045286 0.00189411 0.0231179 0.196686 0 0 0 0 0 0 0 0 0 0 0 32113
0 0 0.00205859 0.192013 1.78355 29.3665 0.00453442 0.00186818 0.0233894 0.195972 0 0 0 0 0 0 0 0 0 0 0 32164
0 0 0.00204482 0.192398 1.60332 20.6182 0.00453974 0.00185596 0.0235167 0.195585 0 0 0 0 0 0 0 0 0 0 0 32215
0 0 0.00202041 0.192555 0.955932 2.59733 0.00454168 0.00184733 0.0236552 0.19487 0 0 0 0 0 0 0 0 0 0 0 32266
0 0 0.00199925 0.192589 0.67166 0.571159 0.00454175 0.00183879 0.023846 0.193777 0 0 0 0 0 0 0 0 0 0 0 32316
0 0 0.00198989 0.192629 0.553202 0.246477 0.00454269 0.00183418 0.023938 0.193243 0 0 0 0 0 0 0 0 0 0 0 32368
0 0 0.00198785 0.192655 0.5178 0.184599 0.00454402 0.00183335 0.0239479 0.193205 0 0 0 0 0 0 0 0 0 0 0 32419
0 0 0.00198785 0.192655 0.5178 0.184599 0.00454402 0.00183335 0.0239479 0.193205 0 0 0 0 0 0 0 0 0 0 0 32470
0 0 0.00198578 0.19267 0.487288 0.141168 0.00454717 0.0018339 0.0239246 0.193345 0 0 0 0 0 0 0 0 0 0 0 32520
0 0 0.00198276 0.192689 0.462298 0.112207 0.00456561 0.00183309 0.023909 0.193362 0 0 0 0 0 0 0 0 0 0 0 32572
0 0 0.00198315 0.19269 0.454483 0.104025 0.0045674 0.00183356 0.0238984 0.193444 0 0 0 0 0 0 0 0 0 0 0 32623
0 0 0.00198315 0.19269 0.454483 0.104025 0.0045674 0.00183356 0.0238984 0.193444 0 0 0 0 0 0 0 0 0 0 0 32673
0 0 0.00198231 0.192686 0.446486 0.0963065 0.00455354 0.00183333 0.0239222 0.193339 0 0 0 0 0 0 0 0 0 0 0 32724
0 0 0.00198178 0.192674 0.435528 0.0864374 0.00454518 0.00183313 0.0239373 0.19326 0 0 0 0 0 0 0 0 0 0 0 32774
0 0 0.00198017 0.192675 0.431824 0.0833994 0.00454203 0.00183241 0.0239244 0.193151 0 0 0 0 0 0 0 0 0 0 0 32825
0 0 0.0019795 0.192681 0.430759 0.0826084 0.00454192 0.00183181 0.0239301 0.193076 0 0 0 0 0 0 0 0 0 0 0 32876
0 0 0.00197911 0.192689 0.42996 0.0820533 0.00454193 0.00183125 0.0239072 0.193006 0 0 0 0 0 0 0 0 0 0 0 32927
0 0 0.00197841 0.192693 0.429056 0.0813791 0.00454172 0.00183095 0.0239135 0.192956 0 0 0 0 0 0 0 0 0 0 0 32978
0 0 0.00197849 0.192693 0.428618 0.0811215 0.00454208 0.00183071 0.0239352 0.192914 0 0 0 0 0 0 0 0 0 0 0 33030
0 0 0.00197919 0.192716 0.427472 0.0802528 0.00454219 0.00183076 0.0239348 0.192928 0 0 0 0 0 0 0 0 0 0 0 33081
0 0 0.00197965 0.192736 0.426943 0.0800014 0.00454244 0.00183053 0.0239349 0.192881 0 0 0 0 0 0 0 0 0 0 0 33132
0 0 0.00198004 0.192751 0.426294 0.0800804 0.00454226 0.00183041 0.0239279 0.192861 0 0 0 0 0 0 0 0 0 0 0 33183
0 0 0.0019831 0.192798 0.424506 0.0800735 0.00454246 0.00183031 0.0239144 0.192849 0 0 0 0 0 0 0 0 0 0 0 33234
0 0 0.00198602 0.192822 0.423787 0.0797751 0.00454296 0.00183086 0.0239222 0.192921 0 0 0 0 0 0 0 0 0 0 0 33285
0 0 0.00199207 0.192872 0.422647 0.0801366 0.00454345 0.00183192 0.0238646 0.193081 0 0 0 0 0 0 0 0 0 0 0 33335
0 0 0.00199207 0.192872 0.422647 0.0801366 0.00454345 0.00183192 0.0238646 0.193081 0 0 0 0 0 0 0 0 0 0 0 33386
0 0 0.00198923 0.192892 0.423334 0.0811174 0.00454445 0.00183319 0.0237728 0.193254 0 0 0 0 0 0 0 0 0 0 0 33438
0 0 0.00199865 0.19287 0.422082 0.0826875 0.00454477 0.00183644 0.0235532 0.193717 0 0 0 0 0 0 0 0 0 0 0 33489
0 0 0.00204084 0.192885 0.414058 0.0865282 0.00454733 0.00183806 0.0231153 0.193956 0 0 0 0 0 0 0 0 0 0 0 33539
0 0 0.0020689 0.192875 0.409942 0.0874414 0.00455776 0.00184358 0.022829 0.194778 0 0 0 0 0 0 0 0 0 0 0 33590
0 0 0.00212738 0.192871 0.401522 0.0876209 0.00457793 0.00185293 0.0226009 0.19622 0 0 0 0 0 0 0 0 0 0 0 33641
0 0 0.00219817 0.192872 0.397013 0.0913227 0.0046164 0.00188492 0.0217224 0.201081 0 0 0 0 0 0 0 0 0 0 0 33692
0 0 0.00245586 0.192892 0.371066 0.105767 0.00473292 0.00194869 0.0196418 0.211062 0 0 0 0 0 0 0 0 0 0 0 33743
