0 0 0.00186764 0.19228 0.425545 0.0794127 0.00463374 0.00183979 0.0266439 0.199461 0 0 0 0 0 0 0 0 0 0 0 949
0 0 0.00186764 0.19228 0.425545 0.0794127 0.00463374 0.00183979 0.0266439 0.199461 0 0 0 0 0 0 0 0 0 0 0 1002
0 0 0.00186094 0.192451 0.425786 0.0793063 0.00464987 0.00183633 0.0269011 0.199956 0 0 0 0 0 0 0 0 0 0 0 1052
0 0 0.00182653 0.192417 0.425655 0.0792847 0.00469466 0.00183691 0.0279115 0.202097 0 0 0 0 0 0 0 0 0 0 0 1102
0 0 0.00182305 0.192414 0.42574 0.079412 0.00470178 0.00183735 0.028017 0.202331 0 0 0 0 0 0 0 0 0 0 0 1156
0 0 0.00180979 0.192525 0.425812 0.0793023 0.00472296 0.00183517 0.0284932 0.203279 0 0 0 0 0 0 0 0 0 0 0 1207
0 0 0.00180979 0.192525 0.425812 0.0793023 0.00472296 0.00183517 0.0284932 0.203279 0 0 0 0 0 0 0 0 0 0 0 1263
0 0 0.00178699 0.192546 0.425907 0.0792603 0.00475195 0.00183452 0.0292345 0.204861 0 0 0 0 0 0 0 0 0 0 0 1314
0 0 0.00182891 0.192511 0.426002 0.0793265 0.00469587 0.00183581 0.0278929 0.202097 0 0 0 0 0 0 0 0 0 0 0 1364
0 0 0.00182891 0.192511 0.426002 0.0793265 0.00469587 0.00183581 0.0278929 0.202097 0 0 0 0 0 0 0 0 0 0 0 1421
0 0 0.00185643 0.192511 0.425557 0.0793046 0.00466246 0.0018356 0.0271221 0.200446 0 0 0 0 0 0 0 0 0 0 0 1473
0 0 0.00184316 0.192469 0.425544 0.0793837 0.00467958 0.00183706 0.0274926 0.201315 0 0 0 0 0 0 0 0 0 0 0 1525
0 0 0.00186544 0.192459 0.425646 0.0793743 0.00464781 0.00183696 0.0268061 0.199851 0 0 0 0 0 0 0 0 0 0 0 1575
0 0 0.00186544 0.192459 0.425646 0.0793743 0.00464781 0.00183696 0.0268061 0.199851 0 0 0 0 0 0 0 0 0 0 0 1628
0 0 0.00185286 0.192406 0.425511 0.0793326 0.00466284 0.00183803 0.0271437 0.200537 0 0 0 0 0 0 0 0 0 0 0 1683
0 0 0.0017881 0.192377 0.425364 0.0793408 0.00474603 0.00183899 0.0291422 0.204833 0 0 0 0 0 0 0 0 0 0 0 1735
0 0 0.00178674 0.192279 0.425309 0.0794295 0.00474655 0.00184158 0.0291218 0.204948 0 0 0 0 0 0 0 0 0 0 0 1788
0 0 0.00178674 0.192279 0.425309 0.0794295 0.00474655 0.00184158 0.0291218 0.204948 0 0 0 0 0 0 0 0 0 0 0 1841
0 0 0.00177089 0.192332 0.425085 0.0794553 0.0047723 0.0018407 0.0297322 0.206232 0 0 0 0 0 0 0 0 0 0 0 1892
0 0 0.00176042 0.192364 0.42488 0.0793714 0.00478812 0.00183992 0.0301431 0.206923 0 0 0 0 0 0 0 0 0 0 0 1946
0 0 0.0017772 0.192142 0.425029 0.0794804 0.00475424 0.00184471 0.0294045 0.205632 0 0 0 0 0 0 0 0 0 0 0 1998
0 0 0.0017772 0.192142 0.425029 0.0794804 0.00475424 0.00184471 0.0294045 0.205632 0 0 0 0 0 0 0 0 0 0 0 2049
0 0 0.00177189 0.191861 0.424614 0.0797454 0.00475229 0.00185243 0.0294525 0.206104 0 0 0 0 0 0 0 0 0 0 0 2100
0 0 0.00179008 0.191843 0.424668 0.0800049 0.0047309 0.00185415 0.0288943 0.20523 0 0 0 0 0 0 0 0 0 0 0 2153
0 0 0.00178022 0.191681 0.423505 0.0800218 0.00474529 0.00185813 0.0292569 0.206129 0 0 0 0 0 0 0 0 0 0 0 2208
0 0 0.00178022 0.191681 0.423505 0.0800218 0.00474529 0.00185813 0.0292569 0.206129 0 0 0 0 0 0 0 0 0 0 0 2261
0 0 0.0018339 0.191381 0.423751 0.0800886 0.00466117 0.00186351 0.027356 0.201893 0 0 0 0 0 0 0 0 0 0 0 2317
0 0 0.00179866 0.190707 0.422742 0.0806492 0.00468591 0.00187925 0.0281364 0.203925 0 0 0 0 0 0 0 0 0 0 0 2369
0 0 0.00180147 0.191422 0.423813 0.080072 0.00470274 0.00186134 0.028378 0.203677 0 0 0 0 0 0 0 0 0 0 0 2420
0 0 0.00170637 0.191448 0.424414 0.0800534 0.00483346 0.00186131 0.0316295 0.210452 0 0 0 0 0 0 0 0 0 0 0 2470
0 0 0.00170637 0.191448 0.424414 0.0800534 0.00483346 0.00186131 0.0316295 0.210452 0 0 0 0 0 0 0 0 0 0 0 2523
0 0 0.00175623 0.191482 0.424319 0.0800517 0.00476303 0.00186031 0.0299513 0.20679 0 0 0 0 0 0 0 0 0 0 0 2575
0 0 0.00177798 0.191795 0.425311 0.080071 0.00474363 0.00185226 0.029416 0.205214 0 0 0 0 0 0 0 0 0 0 0 2626
0 0 0.0017719 0.191806 0.425545 0.0801685 0.00474942 0.00185034 0.0295927 0.205482 0 0 0 0 0 0 0 0 0 0 0 2678
0 0 0.0017719 0.191806 0.425545 0.0801685 0.00474942 0.00185034 0.0295927 0.205482 0 0 0 0 0 0 0 0 0 0 0 2731
0 0 0.00183767 0.191767 0.425596 0.0802195 0.00466277 0.00185094 0.0274858 0.201036 0 0 0 0 0 0 0 0 0 0 0 2782
0 0 0.00183767 0.191767 0.425596 0.0802195 0.00466277 0.00185094 0.0274858 0.201036 0 0 0 0 0 0 0 0 0 0 0 2834
0 0 0.00185765 0.191805 0.425769 0.0803858 0.00463685 0.00184951 0.0269258 0.199717 0 0 0 0 0 0 0 0 0 0 0 2887
0 0 0.00189752 0.191247 0.424789 0.0803048 0.00457182 0.00186122 0.0255888 0.196891 0 0 0 0 0 0 0 0 0 0 0 2940
0 0 0.00189124 0.190862 0.42406 0.0804493 0.00456686 0.00186953 0.0256038 0.197096 0 0 0 0 0 0 0 0 0 0 0 2992
0 0 0.00189124 0.190862 0.42406 0.0804493 0.00456686 0.00186953 0.0256038 0.197096 0 0 0 0 0 0 0 0 0 0 0 3044
0 0 0.0019266 0.190754 0.423517 0.0805373 0.00452271 0.00187203 0.024629 0.194879 0 0 0 0 0 0 0 0 0 0 0 3097
0 0 0.00191837 0.191166 0.424201 0.0802938 0.00454506 0.00186283 0.0250058 0.195603 0 0 0 0 0 0 0 0 0 0 0 3150
0 0 0.00192358 0.191214 0.424367 0.0805385 0.00454166 0.00186209 0.0248504 0.195314 0 0 0 0 0 0 0 0 0 0 0 3200
0 0 0.00193457 0.191193 0.424038 0.081181 0.00453004 0.00186282 0.0245731 0.194745 0 0 0 0 0 0 0 0 0 0 0 3293
0 0 0.00193457 0.191193 0.424038 0.081181 0.00453004 0.00186282 0.0245731 0.194745 0 0 0 0 0 0 0 0 0 0 0 3404
0 0 0.00194481 0.191551 0.425083 0.0844714 0.0045316 0.00185694 0.0244742 0.194799 0 0 0 0 0 0 0 0 0 0 0 3456
0 0 0.00193968 0.190988 0.423951 0.0876694 0.00452272 0.00186917 0.0244167 0.194859 0 0 0 0 0 0 0 0 0 0 0 3511
0 0 0.00194957 0.191325 0.424382 0.0880091 0.00452419 0.00186152 0.0243516 0.194534 0 0 0 0 0 0 0 0 0 0 0 3565
0 0 0.00194747 0.191567 0.424802 0.085267 0.00453357 0.00185648 0.0244382 0.19471 0 0 0 0 0 0 0 0 0 0 0 3615
0 0 0.00194747 0.191567 0.424802 0.085267 0.00453357 0.00185648 0.0244382 0.19471 0 0 0 0 0 0 0 0 0 0 0 3669
0 0 0.00195117 0.191194 0.424587 0.084033 0.00452278 0.00186678 0.0242754 0.194947 0 0 0 0 0 0 0 0 0 0 0 3725
0 0 0.00194251 0.191036 0.425195 0.0863455 0.00453189 0.0018748 0.0244427 0.196311 0 0 0 0 0 0 0 0 0 0 0 3778
0 0 0.00194251 0.191036 0.425195 0.0863455 0.00453189 0.0018748 0.0244427 0.196311 0 0 0 0 0 0 0 0 0 0 0 3830
0 0 0.0019237 0.191178 0.424986 0.0852979 0.00455026 0.00186909 0.0248377 0.196688 0 0 0 0 0 0 0 0 0 0 0 3882
0 0 0.00192351 0.191225 0.425236 0.0852026 0.00455284 0.00186759 0.0248397 0.196582 0 0 0 0 0 0 0 0 0 0 0 3933
0 0 0.00192351 0.191225 0.425236 0.0852026 0.00455284 0.00186759 0.0248397 0.196582 0 0 0 0 0 0 0 0 0 0 0 3983
0 0 0.00191583 0.190271 0.42439 0.0814961 0.00454174 0.00189288 0.0247505 0.197581 0 0 0 0 0 0 0 0 0 0 0 4034
0 0 0.00191045 0.187424 0.420227 0.0832957 0.00447471 0.00196283 0.0240935 0.198026 0 0 0 0 0 0 0 0 0 0 0 4087
0 0 0.00188042 0.181527 0.412022 0.0885442 0.00435233 0.00212178 0.0231124 0.200269 0 0 0 0 0 0 0 0 0 0 0 4143
0 0 0.00178869 0.166406 0.385875 0.104535 0.00401534 0.00259357 0.0203611 0.202337 0 0 0 0 0 0 0 0 0 0 0 4196
0 0 0.00155695 0.140548 0.334909 0.14428 0.00345392 0.00377373 0.0165348 0.203719 0 0 0 0 0 0 0 0 0 0 0 4246
0 0 0.00155695 0.140548 0.334909 0.14428 0.00345392 0.00377373 0.0165348 0.203719 0 0 0 0 0 0 0 0 0 0 0 4303
0 0 0.00116241 0.102254 0.252917 0.264246 0.00260628 0.00752587 0.0132355 0.20274 2.5954 0 0 0 0 0 0 0 0 0 0 4356
0 0 0.000905785 0.0783209 0.20089 0.438524 0.00207095 0.0134995 0.0107073 0.2048 6.35032 0 0 0 0 0 0 0 0 0 0 4417
0 0 0.000452243 0.0367291 0.103374 1.83075 0.00106243 0.0702189 0.00565832 0.205184 17.0398 0 0 0 0 0 0 0 0 0 0 4470
0 0 0.000452243 0.0367291 0.103374 1.83075 0.00106243 0.0702189 0.00565832 0.205184 17.0398 0 0 0 0 0 0 0 0 0 0 4523
0 0 0.000210826 0.0163136 0.0503123 8.04678 0.00052147 0.406317 0.00290184 0.20375 28.4009 0 0 0 0 0 0 0 0 0 0 4574
0 0 6.5574e-05 0.00451729 0.016347 50.2501 0.000168877 6.27647 0.000969619 0.205128 46.364 0 0 0 0 0 0 0 0 0 0 4625
0 0 2.98171e-05 0.00205263 0.00819057 81.9378 8.70204e-05 27.1773 0.000575629 0.21527 56.7694 0 0 0 0 0 0 0 0 0 0 4678
0 0 4.94384e-05 0.00482665 0.0172014 47.0874 0.000210093 5.44096 0.00203771 0.248471 42.3135 0 0 0 0 0 0 0 0 0 0 4733
0 0 4.94384e-05 0.00482665 0.0172014 47.0874 0.000210093 5.44096 0.00203771 0.248471 42.3135 0 0 0 0 0 0 0 0 0 0 4783
0 0 9.89426e-05 0.0156285 0.047847 8.66817 0.000710776 0.440208 0.0117049 0.305479 22.3356 0 0 0 0 0 0 0 0 0 0 4834
0 0 0.000109082 0.0184155 0.0552001 6.49201 0.000842093 0.308068 0.0148881 0.314196 19.5694 0 0 0 0 0 0 0 0 0 0 4885
0 0 0.000113644 0.0148881 0.0458592 9.4285 0.000621528 0.489151 0.00777098 0.273794 24.7764 0 0 0 0 0 0 0 0 0 0 4936
0 0 0.000113644 0.0148881 0.0458592 9.4285 0.000621528 0.489151 0.00777098 0.273794 24.7764 0 0 0 0 0 0 0 0 0 0 4988
0 0 0.000276214 0.038966 0.106119 1.63751 0.00143629 0.0601568 0.0171189 0.2684 11.4887 0 0 0 0 0 0 0 0 0 0 5040
0 0 0.0006407 0.0938826 0.228371 0.310539 0.00304499 0.00882369 0.0332476 0.259014 0 0 0 0 0 0 0 0 0 0 0 5093
0 0 0.000872023 0.146443 0.33604 0.13325 0.00471906 0.00333745 0.0589223 0.272647 0 0 0 0 0 0 0 0 0 0 0 5145
0 0 0.000872023 0.146443 0.33604 0.13325 0.00471906 0.00333745 0.0589223 0.272647 0 0 0 0 0 0 0 0 0 0 0 5199
0 0 0.00129175 0.174098 0.390359 0.0958313 0.00488359 0.00228521 0.0427078 0.236076 0 0 0 0 0 0 0 0 0 0 0 5252
0 0 0.00155808 0.184783 0.410847 0.0855442 0.00481259 0.00200573 0.0344881 0.217813 0 0 0 0 0 0 0 0 0 0 0 5304
0 0 0.00173847 0.188993 0.418846 0.0819473 0.00469348 0.00190898 0.0294626 0.206378 0 0 0 0 0 0 0 0 0 0 0 5357
0 0 0.00176731 0.19041 0.421529 0.0807885 0.00469528 0.0018779 0.0291522 0.205181 0 0 0 0 0 0 0 0 0 0 0 5410
0 0 0.00176731 0.19041 0.421529 0.0807885 0.00469528 0.0018779 0.0291522 0.205181 0 0 0 0 0 0 0 0 0 0 0 5461
0 0 0.00176391 0.191599 0.424005 0.0804223 0.00473044 0.00185214 0.0298077 0.205994 0 0 0 0 0 0 0 0 0 0 0 5513
0 0 0.00166691 0.192128 0.425058 0.0816326 0.00486634 0.00184087 0.0338049 0.213396 0 0 0 0 0 0 0 0 0 0 0 5567
0 0 0.00164336 0.192339 0.425531 0.0827198 0.00489186 0.00183633 0.0350446 0.215335 0 0 0 0 0 0 0 0 0 0 0 5619
0 0 0.00164336 0.192339 0.425531 0.0827198 0.00489186 0.00183633 0.0350446 0.215335 0 0 0 0 0 0 0 0 0 0 0 5670
0 0 0.00166196 0.192466 0.425829 0.0810601 0.00489465 0.00183368 0.0340757 0.213855 0 0 0 0 0 0 0 0 0 0 0 5721
0 0 0.00156549 0.192443 0.426001 0.080051 0.00506248 0.00183409 0.0382245 0.22148 0 0 0 0 0 0 0 0 0 0 0 5772
0 0 0.00136086 0.192338 0.425688 0.0799783 0.00543123 0.00183629 0.050487 0.240658 0 0 0 0 0 0 0 0 0 0 0 5823
0 0 0.00136086 0.192338 0.425688 0.0799783 0.00543123 0.00183629 0.050487 0.240658 0 0 0 0 0 0 0 0 0 0 0 5877
0 0 0.00135525 0.192391 0.425829 0.0798607 0.00544733 0.00183514 0.0509215 0.241267 0 0 0 0 0 0 0 0 0 0 0 5930
0 0 0.00118379 0.192451 0.426115 0.0801007 0.00582746 0.00183395 0.0668675 0.261665 0 0 0 0 0 0 0 0 0 0 0 5982
0 0 0.00139701 0.192466 0.426635 0.0800513 0.00536797 0.00183365 0.0480126 0.236993 0 0 0 0 0 0 0 0 0 0 0 6035
0 0 0.00139701 0.192466 0.426635 0.0800513 0.00536797 0.00183365 0.0480126 0.236993 0 0 0 0 0 0 0 0 0 0 0 6090
0 0 0.00151341 0.192424 0.427185 0.0805408 0.00515971 0.00183461 0.0408503 0.225861 0 0 0 0 0 0 0 0 0 0 0 6144
0 0 0.00156236 0.192416 0.427132 0.0805057 0.00507788 0.00183475 0.0383324 0.221634 0 0 0 0 0 0 0 0 0 0 0 6197
0 0 0.00165336 0.192476 0.426952 0.0802345 0.00493686 0.0018336 0.0342375 0.2143 0 0 0 0 0 0 0 0 0 0 0 6250
0 0 0.00176757 0.192469 0.426766 0.080086 0.00477268 0.00183384 0.0299755 0.205944 0 0 0 0 0 0 0 0 0 0 0 6302
0 0 0.00176757 0.192469 0.426766 0.080086 0.00477268 0.00183384 0.0299755 0.205944 0 0 0 0 0 0 0 0 0 0 0 6357
0 0 0.00184315 0.19252 0.427063 0.0802268 0.00467676 0.00183284 0.0275757 0.200921 0 0 0 0 0 0 0 0 0 0 0 6410
0 0 0.00185202 0.192535 0.427266 0.0802787 0.00466791 0.0018329 0.0272706 0.200456 0 0 0 0 0 0 0 0 0 0 0 6463
0 0 0.00185202 0.192535 0.427266 0.0802787 0.00466791 0.0018329 0.0272706 0.200456 0 0 0 0 0 0 0 0 0 0 0 6514
0 0 0.00191514 0.192517 0.427136 0.0800956 0.00458585 0.00183372 0.0254743 0.196604 0 0 0 0 0 0 0 0 0 0 0 6566
0 0 0.00192356 0.192531 0.427805 0.080411 0.00457402 0.00183461 0.0252216 0.196335 0 0 0 0 0 0 0 0 0 0 0 6619
0 0 0.00191163 0.192551 0.428527 0.0807362 0.00458664 0.00183549 0.025513 0.197323 0 0 0 0 0 0 0 0 0 0 0 6670
0 0 0.00191 0.192561 0.429643 0.0810625 0.00458143 0.00183825 0.0254897 0.198077 0 0 0 0 0 0 0 0 0 0 0 6722
0 0 0.00191 0.192561 0.429643 0.0810625 0.00458143 0.00183825 0.0254897 0.198077 0 0 0 0 0 0 0 0 0 0 0 6774
0 0 0.0019067 0.192589 0.42999 0.0807921 0.00458013 0.00184119 0.025581 0.199252 0 0 0 0 0 0 0 0 0 0 0 6826
0 0 0.0018901 0.192615 0.43099 0.0814693 0.00459536 0.00184432 0.0260241 0.201294 0 0 0 0 0 0 0 0 0 0 0 6877
0 0 0.00190237 0.192636 0.43235 0.082736 0.00457955 0.00185118 0.0258649 0.202948 0 0 0 0 0 0 0 0 0 0 0 6929
0 0 0.00190237 0.192636 0.43235 0.082736 0.00457955 0.00185118 0.0258649 0.202948 0 0 0 0 0 0 0 0 0 0 0 6982
0 0 0.00190076 0.192668 0.431607 0.0825639 0.0045654 0.00184932 0.0259103 0.203177 0 0 0 0 0 0 0 0 0 0 0 7035
0 0 0.00187899 0.192685 0.430652 0.0822276 0.00457116 0.00184644 0.0263954 0.204085 0 0 0 0 0 0 0 0 0 0 0 7090
0 0 0.00188117 0.192698 0.430392 0.0821452 0.0045175 0.00184589 0.0263447 0.205278 0 0 0 0 0 0 0 0 0 0 0 7144
0 0 0.00189167 0.19273 0.429455 0.0814569 0.00450742 0.00184067 0.0260931 0.203519 0 0 0 0 0 0 0 0 0 0 0 7198
0 0 0.00189167 0.19273 0.429455 0.0814569 0.00450742 0.00184067 0.0260931 0.203519 0 0 0 0 0 0 0 0 0 0 0 7250
0 0 0.00191353 0.192733 0.428798 0.0806405 0.00448781 0.00183563 0.0255799 0.200993 0 0 0 0 0 0 0 0 0 0 0 7300
0 0 0.00190962 0.192771 0.42864 0.0803413 0.00448826 0.00183264 0.0257499 0.201004 0 0 0 0 0 0 0 0 0 0 0 7354
0 0 0.00191976 0.192737 0.428745 0.0807992 0.00448328 0.00183199 0.0254722 0.199806 0 0 0 0 0 0 0 0 0 0 0 7404
0 0 0.00191976 0.192737 0.428745 0.0807992 0.00448328 0.00183199 0.0254722 0.199806 0 0 0 0 0 0 0 0 0 0 0 7458
0 0 0.00191796 0.192674 0.428061 0.0806726 0.0045101 0.00183135 0.0254802 0.19879 0 0 0 0 0 0 0 0 0 0 0 7509
0 0 0.00192405 0.192665 0.428737 0.0812865 0.00452385 0.00183116 0.0252968 0.197767 0 0 0 0 0 0 0 0 0 0 0 7561
0 0 0.00190999 0.192633 0.42856 0.0811616 0.00455155 0.00183183 0.0256393 0.198274 0 0 0 0 0 0 0 0 0 0 0 7612
0 0 0.00192741 0.192617 0.428627 0.0812651 0.00454628 0.00183193 0.025234 0.196998 0 0 0 0 0 0 0 0 0 0 0 7666
0 0 0.00192741 0.192617 0.428627 0.0812651 0.00454628 0.00183193 0.025234 0.196998 0 0 0 0 0 0 0 0 0 0 0 7723
0 0 0.00193154 0.192637 0.428822 0.0813299 0.00453661 0.00183147 0.025076 0.196735 0 0 0 0 0 0 0 0 0 0 0 7778
0 0 0.00193376 0.192625 0.428521 0.0810532 0.0045385 0.0018319 0.0249641 0.196361 0 0 0 0 0 0 0 0 0 0 0 7828
0 0 0.00193376 0.192625 0.428521 0.0810532 0.0045385 0.0018319 0.0249641 0.196361 0 0 0 0 0 0 0 0 0 0 0 7879
0 0 0.00192943 0.192601 0.428527 0.0810837 0.00454875 0.00183235 0.0250622 0.19643 0 0 0 0 0 0 0 0 0 0 0 7931
0 0 0.0019254 0.192568 0.4288 0.0812861 0.00455636 0.00183353 0.0251512 0.196612 0 0 0 0 0 0 0 0 0 0 0 7984
0 0 0.00191524 0.192551 0.430102 0.0821447 0.00456372 0.00183489 0.0253827 0.197523 0 0 0 0 0 0 0 0 0 0 0 8036
0 0 0.00190141 0.192532 0.430414 0.0818857 0.00454843 0.00183809 0.0256757 0.199601 0 0 0 0 0 0 0 0 0 0 0 8086
0 0 0.00190141 0.192532 0.430414 0.0818857 0.00454843 0.00183809 0.0256757 0.199601 0 0 0 0 0 0 0 0 0 0 0 8137
0 0 0.00190693 0.19255 0.430813 0.0815466 0.004504 0.00184096 0.0255656 0.201173 0 0 0 0 0 0 0 0 0 0 0 8190
0 0 0.00188408 0.192596 0.433112 0.0819999 0.00441193 0.00184704 0.026181 0.207618 0 0 0 0 0 0 0 0 0 0 0 8240
0 0 0.00190429 0.192612 0.435875 0.0835536 0.00424928 0.00185675 0.0259513 0.214056 0 0 0 0 0 0 0 0 0 0 0 8293
0 0 0.00190429 0.192612 0.435875 0.0835536 0.00424928 0.00185675 0.0259513 0.214056 0 0 0 0 0 0 0 0 0 0 0 8344
0 0 0.00188511 0.192617 0.43648 0.0835916 0.00385725 0.00185687 0.0263953 0.228643 0 0 0 0 0 0 0 0 0 0 0 8396
0 0 0.00196626 0.192616 0.440561 0.0859821 0.00300496 0.00187026 0.0248387 0.262465 0 0 0 0 0 0 0 0 0 0 0 8448
0 0 0.00196525 0.192621 0.443008 0.0861545 0.00221477 0.00186716 0.0247834 0.313637 0 0 0 0 0 0 0 0 0 0 0 8500
0 0 0.00196525 0.192621 0.443008 0.0861545 0.00221477 0.00186716 0.0247834 0.313637 0 0 0 0 0 0 0 0 0 0 0 8553
0 0 0.00200416 0.192624 0.448391 0.0891647 0.00151814 0.00187503 0.0241021 0.391914 0 0 0 0 0 0 0 0 0 0 0 8607
0 0 0.00196348 0.192638 0.443333 0.0889287 0.000913438 0.00185449 0.024612 0.523505 0 0 0 0 0 0 0 0 0 0 0 8659
0 0 0.00201137 0.192643 0.446602 0.0889064 0.000336613 0.00186814 0.0238546 0.952017 0 0 0 0 0 0 0 0 0 0 0 8710
0 0 0.00207285 0.192629 0.456822 0.0919508 0.000243097 0.00189679 0.0230911 1.17724 0 0 0 0 0 0 0 0 0 0 0 8761
0 0 0.00207285 0.192629 0.456822 0.0919508 0.000243097 0.00189679 0.0230911 1.17724 0 0 0 0 0 0 0 0 0 0 0 8815
0 0 0.00216829 0.192628 0.470932 0.0987649 0.000188822 0.00193718 0.0219691 1.40149 0 0 0 0 0 0 0 0 0 0 0 8868
0 0 0.00258953 0.192623 0.523744 0.144128 0.000172224 0.00213318 0.0183847 1.68485 0 0 0 0 0 0 0 0 0 0 0 8925
0 0 0.00275732 0.192614 0.556196 0.166435 0.000167611 0.00221313 0.0173137 1.80545 0 0 0 0 0 0 0 0 0 0 0 8976
0 0 0.00302713 0.192597 0.602565 0.203568 0.000166425 0.00233022 0.0157935 1.94221 0 0 0 0 0 0 0 0 0 0 0 9030
0 0 0.00302713 0.192597 0.602565 0.203568 0.000166425 0.00233022 0.0157935 1.94221 0 0 0 0 0 0 0 0 0 0 0 9080
0 0 0.00294225 0.192588 0.624903 0.191632 0.000167336 0.0022948 0.0162732 1.89368 0 0 0 0 0 0 0 0 0 0 0 9132
0 0 0.00361557 0.192517 0.722534 0.294069 0.000169695 0.0025618 0.0131915 2.16625 0 0 0 0 0 0 0 0 0 0 0 9182
0 0 0.00259914 0.192394 0.638449 0.237557 0.000172581 0.00214403 0.0184053 1.68629 0 0 0 0 0 0 0 0 0 0 0 9236
0 0 0.00259914 0.192394 0.638449 0.237557 0.000172581 0.00214403 0.0184053 1.68629 0 0 0 0 0 0 0 0 0 0 0 9293
0 0 0.00217205 0.192245 0.587141 0.25555 0.000176164 0.00194258 0.0220513 1.45199 0 0 0 0 0 0 0 0 0 0 0 9343
0 0 0.00207863 0.192004 0.554103 0.22049 0.000185418 0.00190255 0.0232071 1.36899 0 0 0 0 0 0 0 0 0 0 0 9394
0 0 0.00201466 0.191864 0.531675 0.200482 0.00019793 0.00186945 0.0239355 1.2808 0 0 0 0 0 0 0 0 0 0 0 9446
0 0 0.00201466 0.191864 0.531675 0.200482 0.00019793 0.00186945 0.0239355 1.2808 0 0 0 0 0 0 0 0 0 0 0 9500
0 0 0.0020078 0.191498 0.498336 0.153329 0.000202069 0.00187165 0.0238095 1.25366 0 0 0 0 0 0 0 0 0 0 0 9551
0 0 0.00200851 0.191472 0.471896 0.119437 0.000215424 0.00187261 0.0237237 1.2054 0 0 0 0 0 0 0 0 0 0 0 9603
0 0 0.00200851 0.191472 0.471896 0.119437 0.000215424 0.00187261 0.0237237 1.2054 0 0 0 0 0 0 0 0 0 0 0 9654
0 0 0.00200701 0.19069 0.46613 0.11497 0.000233274 0.00189405 0.0235495 1.15123 0 0 0 0 0 0 0 0 0 0 0 9705
0 0 0.00198129 0.190196 0.452975 0.105386 0.000332036 0.00189392 0.0237887 0.925428 0 0 0 0 0 0 0 0 0 0 0 9755
0 0 0.00197371 0.189368 0.449371 0.103269 0.000515291 0.00191265 0.0236431 0.710338 0 0 0 0 0 0 0 0 0 0 0 9806
0 0 0.00197371 0.189368 0.449371 0.103269 0.000515291 0.00191265 0.0236431 0.710338 0 0 0 0 0 0 0 0 0 0 0 9857
0 0 0.00198891 0.189008 0.453853 0.107454 0.00106715 0.00192474 0.0235226 0.460511 0 0 0 0 0 0 0 0 0 0 0 9907
0 0 0.00199521 0.189471 0.450946 0.105688 0.00180975 0.00190377 0.0238458 0.333108 0 0 0 0 0 0 0 0 0 0 0 9961
0 0 0.00203866 0.190404 0.446138 0.0983655 0.0025583 0.00187931 0.0241444 0.270067 0 0 0 0 0 0 0 0 0 0 0 10014
0 0 0.00203866 0.190404 0.446138 0.0983655 0.0025583 0.00187931 0.0241444 0.270067 0 0 0 0 0 0 0 0 0 0 0 10065
0 0 0.00208164 0.19172 0.440418 0.0928261 0.00301679 0.00183864 0.0247356 0.242568 0 0 0 0 0 0 0 0 0 0 0 10118
0 0 0.0021326 0.192968 0.437755 0.0914307 0.00301357 0.00179518 0.0253828 0.238848 0 0 0 0 0 0 0 0 0 0 0 10175
0 0 0.00217162 0.194604 0.435741 0.0974059 0.00318527 0.00174892 0.0260186 0.228824 0 0 0 0 0 0 0 0 0 0 0 10230
0 0 0.00225136 0.196602 0.430645 0.107026 0.00343822 0.00169225 0.0270325 0.215451 0 0 0 0 0 0 0 0 0 0 0 10283
0 0 0.00225136 0.196602 0.430645 0.107026 0.00343822 0.00169225 0.0270325 0.215451 0 0 0 0 0 0 0 0 0 0 0 10335
0 0 0.00231752 0.197853 0.429464 0.129698 0.00353023 0.00165765 0.0276263 0.209657 0 0 0 0 0 0 0 0 0 0 0 10390
0 0 0.00232745 0.198314 0.429384 0.148329 0.00348483 0.00164624 0.0277822 0.210819 0 0 0 0 0 0 0 0 0 0 0 10444
0 0 0.00230609 0.197738 0.430201 0.159653 0.00352034 0.00166748 0.0273608 0.211739 0 0 0 0 0 0 0 0 0 0 0 10497
0 0 0.00232214 0.198324 0.430357 0.169022 0.00366413 0.00165076 0.027778 0.20602 0 0 0 0 0 0 0 0 0 0 0 10547
0 0 0.0023582 0.198761 0.430397 0.215774 0.00366714 0.00163784 0.0279951 0.204596 0 0 0 0 0 0 0 0 0 0 0 10601
0 0 0.0023582 0.198761 0.430397 0.215774 0.00366714 0.00163784 0.0279951 0.204596 0 0 0 0 0 0 0 0 0 0 0 10654
0 0 0.00241859 0.199823 0.431833 0.296679 0.0036833 0.00161257 0.0285165 0.202977 0 0 0 0 0 0 0 0 0 0 0 10706
0 0 0.00250258 0.200785 0.433545 0.362029 0.00364281 0.00159182 0.0287705 0.202902 0 0 0 0 0 0 0 0 0 0 0 10759
0 0 0.00251309 0.200154 0.434601 0.478139 0.0035313 0.00161322 0.0281324 0.207937 0 0 0 0 0 0 0 0 0 0 0 10812
0 0 0.00251309 0.200154 0.434601 0.478139 0.0035313 0.00161322 0.0281324 0.207937 0 0 0 0 0 0 0 0 0 0 0 10864
0 0 0.00235929 0.197118 0.433956 0.464067 0.00338069 0.00170118 0.0265766 0.220489 0 0 0 0 0 0 0 0 0 0 0 10915
0 0 0.00228795 0.195683 0.434154 0.521192 0.00333094 0.00174604 0.0258938 0.226367 0 0 0 0 0 0 0 0 0 0 0 10965
0 0 0.00221809 0.194528 0.43272 0.580106 0.00315081 0.00177788 0.0252995 0.235757 0 0 0 0 0 0 0 0 0 0 0 11018
0 0 0.00221809 0.194528 0.43272 0.580106 0.00315081 0.00177788 0.0252995 0.235757 0 0 0 0 0 0 0 0 0 0 0 11070
0 0 0.0021721 0.193577 0.432026 0.760065 0.00265167 0.00180545 0.0248544 0.263131 0 0 0 0 0 0 0 0 0 0 0 11125
0 0 0.00210128 0.19322 0.431326 0.630297 0.00242425 0.00181743 0.024661 0.280103 0 0 0 0 0 0 0 0 0 0 0 11180
0 0 0.00207031 0.193057 0.430728 0.559123 0.00213096 0.00181987 0.0247056 0.303181 0 0 0 0 0 0 0 0 0 0 0 11231
0 0 0.00204197 0.192576 0.432153 0.636809 0.00221595 0.00183473 0.0246527 0.298417 0 0 0 0 0 0 0 0 0 0 0 11283
0 0 0.00204197 0.192576 0.432153 0.636809 0.00221595 0.00183473 0.0246527 0.298417 0 0 0 0 0 0 0 0 0 0 0 11333
0 0 0.00202012 0.192392 0.432546 0.343646 0.00235878 0.00184148 0.0244916 0.288553 0 0 0 0 0 0 0 0 0 0 0 11384
0 0 0.00200873 0.192198 0.432605 0.26595 0.00294295 0.00184593 0.0242326 0.252182 0 0 0 0 0 0 0 0 0 0 0 11442
0 0 0.00199212 0.192379 0.431283 0.335054 0.0033589 0.00184072 0.0242974 0.233121 0 0 0 0 0 0 0 0 0 0 0 11492
0 0 0.00199212 0.192379 0.431283 0.335054 0.0033589 0.00184072 0.0242974 0.233121 0 0 0 0 0 0 0 0 0 0 0 11586
0 0 0.00196847 0.192502 0.430472 0.329247 0.00380156 0.00183833 0.0243858 0.21711 0 0 0 0 0 0 0 0 0 0 0 11641
0 0 0.00196847 0.192502 0.430472 0.329247 0.00380156 0.00183833 0.0243858 0.21711 0 0 0 0 0 0 0 0 0 0 0 11694
0 0 0.00196574 0.192578 0.430835 0.307611 0.00399036 0.00183701 0.0242828 0.21085 0 0 0 0 0 0 0 0 0 0 0 11751
0 0 0.00195998 0.192627 0.430153 0.350437 0.00418571 0.00183244 0.0243038 0.204117 0 0 0 0 0 0 0 0 0 0 0 11801
0 0 0.00196234 0.19265 0.430086 0.382034 0.00432328 0.00183251 0.0242367 0.200158 0 0 0 0 0 0 0 0 0 0 0 11853
0 0 0.00196234 0.19265 0.430086 0.382034 0.00432328 0.00183251 0.0242367 0.200158 0 0 0 0 0 0 0 0 0 0 0 11907
0 0 0.00196975 0.192661 0.429443 0.474389 0.00438353 0.00183214 0.0243504 0.198937 0 0 0 0 0 0 0 0 0 0 0 11957
0 0 0.00196682 0.192668 0.42897 0.44746 0.00445201 0.00183296 0.0243546 0.197171 0 0 0 0 0 0 0 0 0 0 0 12009
0 0 0.00198512 0.192675 0.428955 0.365574 0.00448333 0.0018335 0.0241999 0.195949 0 0 0 0 0 0 0 0 0 0 0 12061
0 0 0.00198288 0.192679 0.428667 0.494314 0.00451287 0.00183455 0.0240803 0.194979 0 0 0 0 0 0 0 0 0 0 0 12113
0 0 0.00198288 0.192679 0.428667 0.494314 0.00451287 0.00183455 0.0240803 0.194979 0 0 0 0 0 0 0 0 0 0 0 12167
0 0 0.0020035 0.19268 0.427578 0.593196 0.00452373 0.0018327 0.0241353 0.19446 0 0 0 0 0 0 0 0 0 0 0 12220
0 0 0.00198795 0.192685 0.427385 1.15131 0.00453406 0.0018329 0.0241515 0.194202 0 0 0 0 0 0 0 0 0 0 0 12275
0 0 0.00197816 0.19269 0.427681 1.45421 0.00453828 0.00183528 0.0240689 0.194456 0 0 0 0 0 0 0 0 0 0 0 12326
0 0 0.00197851 0.192699 0.427414 1.86177 0.00454054 0.00183426 0.0240887 0.194278 0 0 0 0 0 0 0 0 0 0 0 12377
0 0 0.00197851 0.192699 0.427414 1.86177 0.00454054 0.00183426 0.0240887 0.194278 0 0 0 0 0 0 0 0 0 0 0 12430
0 0 0.00198304 0.192704 0.427057 2.15586 0.00453823 0.00183347 0.0241572 0.19431 0 0 0 0 0 0 0 0 0 0 0 12482
0 0 0.0019853 0.192709 0.426539 1.17709 0.00453711 0.00183205 0.0241971 0.194183 0 0 0 0 0 0 0 0 0 0 0 12535
0 0 0.00197381 0.192708 0.426474 1.01619 0.00453885 0.0018321 0.0242592 0.194266 0 0 0 0 0 0 0 0 0 0 0 12590
0 0 0.00197381 0.192708 0.426474 1.01619 0.00453885 0.0018321 0.0242592 0.194266 0 0 0 0 0 0 0 0 0 0 0 12640
0 0 0.00196507 0.19271 0.426681 1.31087 0.00454195 0.00183245 0.0242758 0.194244 0 0 0 0 0 0 0 0 0 0 0 12692
0 0 0.00196752 0.1927 0.42692 1.39596 0.00453697 0.00183317 0.0242558 0.194433 0 0 0 0 0 0 0 0 0 0 0 12742
0 0 0.00197192 0.192696 0.427388 1.34946 0.00453245 0.0018352 0.0242145 0.194885 0 0 0 0 0 0 0 0 0 0 0 12793
0 0 0.00198163 0.19269 0.428182 0.981717 0.00451861 0.00183823 0.0240834 0.195462 0 0 0 0 0 0 0 0 0 0 0 12845
0 0 0.00198163 0.19269 0.428182 0.981717 0.00451861 0.00183823 0.0240834 0.195462 0 0 0 0 0 0 0 0 0 0 0 12899
0 0 0.00197776 0.192684 0.42879 0.863513 0.00451544 0.00184031 0.0241853 0.196393 0 0 0 0 0 0 0 0 0 0 0 12951
0 0 0.00199158 0.192677 0.430644 0.524431 0.00449021 0.00184759 0.0240701 0.198341 0 0 0 0 0 0 0 0 0 0 0 13002
0 0 0.00199158 0.192677 0.430644 0.524431 0.00449021 0.00184759 0.0240701 0.198341 0 0 0 0 0 0 0 0 0 0 0 13054
0 0 0.00201385 0.19267 0.433032 0.508288 0.00445468 0.00185818 0.0238125 0.200813 0 0 0 0 0 0 0 0 0 0 0 13108
0 0 0.00203039 0.192662 0.434418 0.304121 0.00437643 0.00186419 0.0235956 0.203536 0 0 0 0 0 0 0 0 0 0 0 13162
0 0 0.00203321 0.192656 0.435086 0.241756 0.00434843 0.00186567 0.0235949 0.204654 0 0 0 0 0 0 0 0 0 0 0 13215
0 0 0.0020412 0.192656 0.436633 0.14712 0.00420372 0.00187131 0.0235217 0.209936 0 0 0 0 0 0 0 0 0 0 0 13268
0 0 0.00201807 0.192654 0.43433 0.120078 0.00396307 0.00185996 0.023805 0.215712 0 0 0 0 0 0 0 0 0 0 0 13321
0 0 0.002002 0.192628 0.433245 0.11439 0.00359433 0.00185523 0.0240739 0.228407 0 0 0 0 0 0 0 0 0 0 0 13373
0 0 0.002002 0.192628 0.433245 0.11439 0.00359433 0.00185523 0.0240739 0.228407 0 0 0 0 0 0 0 0 0 0 0 13432
0 0 0.0020229 0.192622 0.433896 0.111367 0.00315322 0.00185539 0.0238067 0.245717 0 0 0 0 0 0 0 0 0 0 0 13484
0 0 0.00201606 0.192623 0.434657 0.109653 0.00275352 0.00185444 0.0239789 0.266912 0 0 0 0 0 0 0 0 0 0 0 13537
0 0 0.00201606 0.192623 0.434657 0.109653 0.00275352 0.00185444 0.0239789 0.266912 0 0 0 0 0 0 0 0 0 0 0 13592
0 0 0.00203315 0.19292 0.435491 0.10213 0.00202855 0.00184786 0.0241414 0.320795 0 0 0 0 0 0 0 0 0 0 0 13643
0 0 0.0020551 0.193329 0.436128 0.101514 0.00148603 0.0018361 0.0243809 0.385621 0 0 0 0 0 0 0 0 0 0 0 13698
0 0 0.00205496 0.192925 0.437509 0.101688 0.00128675 0.00185533 0.0240547 0.423718 0 0 0 0 0 0 0 0 0 0 0 13752
0 0 0.00205496 0.192925 0.437509 0.101688 0.00128675 0.00185533 0.0240547 0.423718 0 0 0 0 0 0 0 0 0 0 0 13805
0 0 0.00209724 0.19303 0.44149 0.0983149 0.00107929 0.00186994 0.0236642 0.476302 0 0 0 0 0 0 0 0 0 0 0 13857
0 0 0.00212398 0.192985 0.443865 0.0987356 0.000985446 0.00188231 0.0233437 0.506406 0 0 0 0 0 0 0 0 0 0 0 13913
0 0 0.00212398 0.192985 0.443865 0.0987356 0.000985446 0.00188231 0.0233437 0.506406 0 0 0 0 0 0 0 0 0 0 0 13964
0 0 0.00218385 0.193007 0.449297 0.0997415 0.000912504 0.00190488 0.0228134 0.538458 0 0 0 0 0 0 0 0 0 0 0 14016
0 0 0.00227477 0.193187 0.456412 0.105508 0.000973539 0.00192903 0.0220217 0.525968 0 0 0 0 0 0 0 0 0 0 0 14066
0 0 0.00227477 0.193187 0.456412 0.105508 0.000973539 0.00192903 0.0220217 0.525968 0 0 0 0 0 0 0 0 0 0 0 14118
0 0 0.00222976 0.19308 0.451754 0.104006 0.00102036 0.00191263 0.0224087 0.504805 0 0 0 0 0 0 0 0 0 0 0 14172
0 0 0.00223187 0.193123 0.451332 0.100721 0.00115837 0.00190768 0.0224151 0.465896 0 0 0 0 0 0 0 0 0 0 0 14223
0 0 0.00221381 0.192834 0.449248 0.0996806 0.00101887 0.00190839 0.0224737 0.500799 0 0 0 0 0 0 0 0 0 0 0 14279
0 0 0.00221381 0.192834 0.449248 0.0996806 0.00101887 0.00190839 0.0224737 0.500799 0 0 0 0 0 0 0 0 0 0 0 14330
0 0 0.00221618 0.192693 0.449543 0.101972 0.00114245 0.0019151 0.0223902 0.469074 0 0 0 0 0 0 0 0 0 0 0 14381
0 0 0.00215526 0.192921 0.442189 0.102913 0.00133831 0.00187469 0.0232311 0.41601 0 0 0 0 0 0 0 0 0 0 0 14433
0 0 0.00210745 0.192957 0.436538 0.097978 0.00150202 0.0018494 0.0238393 0.381594 0 0 0 0 0 0 0 0 0 0 0 14486
0 0 0.00210745 0.192957 0.436538 0.097978 0.00150202 0.0018494 0.0238393 0.381594 0 0 0 0 0 0 0 0 0 0 0 14540
0 0 0.00208207 0.192673 0.434444 0.0972455 0.00177925 0.00184845 0.0240485 0.343383 0 0 0 0 0 0 0 0 0 0 0 14594
0 0 0.0020571 0.192678 0.434871 0.0968841 0.00183691 0.00184327 0.0242838 0.336797 0 0 0 0 0 0 0 0 0 0 0 14645
0 0 0.00202037 0.191929 0.43768 0.0974333 0.00192438 0.00186332 0.0241723 0.329573 0 0 0 0 0 0 0 0 0 0 0 14699
0 0 0.00202037 0.191929 0.43768 0.0974333 0.00192438 0.00186332 0.0241723 0.329573 0 0 0 0 0 0 0 0 0 0 0 14751
0 0 0.00201476 0.191912 0.451675 0.097967 0.00196125 0.00186527 0.0243054 0.32819 0 0 0 0 0 0 0 0 0 0 0 14804
0 0 0.00200367 0.191586 0.468868 0.116348 0.00212854 0.00187123 0.0242947 0.312699 0 0 0 0 0 0 0 0 0 0 0 14856
0 0 0.00199585 0.190965 0.493011 0.147563 0.00240669 0.00188307 0.0243817 0.290571 0 0 0 0 0 0 0 0 0 0 0 14907
0 0 0.00199585 0.190965 0.493011 0.147563 0.00240669 0.00188307 0.0243817 0.290571 0 0 0 0 0 0 0 0 0 0 0 14961
0 0 0.00201028 0.191266 0.553479 0.243747 0.00283026 0.0018775 0.0242163 0.262773 0 0 0 0 0 0 0 0 0 0 0 15011
0 0 0.00203439 0.191495 0.664649 0.536985 0.00337334 0.00187594 0.024444 0.23844 0 0 0 0 0 0 0 0 0 0 0 15062
0 0 0.00203439 0.191495 0.664649 0.536985 0.00337334 0.00187594 0.024444 0.23844 0 0 0 0 0 0 0 0 0 0 0 15113
0 0 0.00204697 0.191395 0.816461 1.33552 0.00364052 0.00187364 0.0245891 0.227026 0 0 0 0 0 0 0 0 0 0 0 15166
0 0 0.00213532 0.191064 0.834546 1.45795 0.0038828 0.00188694 0.023986 0.217423 0 0 0 0 0 0 0 0 0 0 0 15217
0 0 0.0020574 0.190915 0.864054 1.71039 0.00398451 0.00188791 0.0242632 0.214564 0 0 0 0 0 0 0 0 0 0 0 15270
0 0 0.00201252 0.189524 0.723411 0.820914 0.00414137 0.00191406 0.0237874 0.206724 0 0 0 0 0 0 0 0 0 0 0 15324
0 0 0.00197125 0.185664 0.712765 0.825823 0.00417844 0.00200668 0.0222507 0.203106 0 0 0 0 0 0 0 0 0 0 0 15375
0 0 0.00197125 0.185664 0.712765 0.825823 0.00417844 0.00200668 0.0222507 0.203106 0 0 0 0 0 0 0 0 0 0 0 15426
0 0 0.00188305 0.17297 0.740402 1.22594 0.00399542 0.00236511 0.0123023 0.202918 0 0 0 0 0 0 0 0 0 0 0 15480
0 0 0.00164058 0.145503 0.564323 24.4659 0.00347081 0.00348281 0.00439792 0.203683 -10.0479 0 0 0 0 0 0 0 0 0 0 15531
0 0 0.00103258 0.0860157 0.37268 42.0978 0.00219869 0.0110311 0.00225445 0.202914 -5.88748 0 0 0 0 0 0 0 0 0 0 15582
0 0 0.00045319 0.0334257 0.129555 11.9937 0.000952005 0.0878 0.00140435 0.205648 0 0 0 0 0 0 0 0 0 0 0 15633
0 0 0.00045319 0.0334257 0.129555 11.9937 0.000952005 0.0878 0.00140435 0.205648 0 0 0 0 0 0 0 0 0 0 0 15685
0 0 0.000209878 0.0143227 0.054274 10.097 0.000450373 0.548539 0.00152298 0.201801 22.7205 0 0 0 0 0 0 0 0 0 0 15737
0 0 0.000126788 0.00505881 0.0202253 44.9008 0.000178995 5.21337 0.000834901 0.209878 40.6916 0 0 0 0 0 0 0 0 0 0 15790
0 0 0.00027012 0.00686933 0.0256577 31.2564 0.000234616 2.76892 0.00108822 0.212819 31.9235 0 0 0 0 0 0 0 0 0 0 15840
0 0 0.00027012 0.00686933 0.0256577 31.2564 0.000234616 2.76892 0.00108822 0.212819 31.9235 0 0 0 0 0 0 0 0 0 0 15891
0 0 0.00102903 0.0100386 0.0341034 18.0761 0.000327982 1.18857 0.00162338 0.203286 17.009 0 0 0 0 0 0 0 0 0 0 15943
0 0 0.00161068 0.00763356 0.025993 27.0975 0.00025701 2.09283 0.00132775 0.197221 14.2875 0 0 0 0 0 0 0 0 0 0 15994
0 0 0.00314734 0.00959845 0.0314509 39.663 0.000314937 1.27036 0.00165414 0.195333 6.58271 0 0 0 0 0 0 0 0 0 0 16045
0 0 0.00314734 0.00959845 0.0314509 39.663 0.000314937 1.27036 0.00165414 0.195333 6.58271 0 0 0 0 0 0 0 0 0 0 16097
0 0 0.00857835 0.0262111 0.0752058 45.4076 0.000768247 0.142951 0.00407025 0.194529 0 0 0 0 0 0 0 0 0 0 0 16152
0 0 0.0122965 0.0381804 0.104189 46.7386 0.00107177 0.062842 0.00570141 0.194136 0 0 0 0 0 0 0 0 0 0 0 16204
0 0 0.0285981 0.0946487 0.229493 48.6899 0.00238973 0.00864718 0.0128386 0.194241 -8.61706 0 0 0 0 0 0 0 0 0 0 16256
0 0 0.0285981 0.0946487 0.229493 48.6899 0.00238973 0.00864718 0.0128386 0.194241 -8.61706 0 0 0 0 0 0 0 0 0 0 16306
0 0 0.0464996 0.162999 0.367869 48.7085 0.00385673 0.00263177 0.0210009 0.193786 -17.0434 0 0 0 0 0 0 0 0 0 0 16356
0 0 0.0513175 0.186325 0.412763 47.4233 0.00426378 0.00196042 0.0242205 0.193561 -19.4237 0 0 0 0 0 0 0 0 0 0 16411
0 0 0.0479 0.191554 0.422246 42.389 0.00408051 0.00184208 0.0273133 0.19401 -21.7454 0 0 0 0 0 0 0 0 0 0 16465
0 0 0.0479 0.191554 0.422246 42.389 0.00408051 0.00184208 0.0273133 0.19401 -21.7454 0 0 0 0 0 0 0 0 0 0 16515
0 0 0.0193713 0.192908 0.425151 9.45528 0.00371039 0.00181572 0.0316988 0.194832 -17.1261 0 0 0 0 0 0 0 0 0 0 16565
0 0 0.00404479 0.193348 0.426038 0.3599 0.00315271 0.00180676 0.0410422 0.193799 -9.22855 0 0 0 0 0 0 0 0 0 0 16621
0 0 0.0025224 0.193309 0.426259 0.704569 0.00266065 0.00180954 0.0523952 0.195034 -12.3872 0 0 0 0 0 0 0 0 0 0 16674
0 0 0.0025224 0.193309 0.426259 0.704569 0.00266065 0.00180954 0.0523952 0.195034 -12.3872 0 0 0 0 0 0 0 0 0 0 16728
0 0 0.00199735 0.193002 0.426274 0.68264 0.00266942 0.00182067 0.050759 0.197101 -10.3827 0 0 0 0 0 0 0 0 0 0 16781
0 0 0.00199301 0.192767 0.426122 0.361536 0.00390114 0.00182897 0.0258671 0.195877 0 0 0 0 0 0 0 0 0 0 0 16831
0 0 0.00200082 0.192653 0.424706 1.21577 0.00437523 0.00183207 0.0133529 0.194689 -0.229858 0 0 0 0 0 0 0 0 0 0 16884
0 0 0.0020237 0.192598 0.42327 1.62593 0.00448458 0.00183507 0.0119867 0.194315 -0.685257 0 0 0 0 0 0 0 0 0 0 16934
0 0 0.0020237 0.192598 0.42327 1.62593 0.00448458 0.00183507 0.0119867 0.194315 -0.685257 0 0 0 0 0 0 0 0 0 0 16987
0 0 0.00204068 0.192498 0.42559 0.918701 0.00451173 0.00183961 0.0135955 0.194403 0 0 0 0 0 0 0 0 0 0 0 17038
0 0 0.00219538 0.192332 0.427053 0.119098 0.00453221 0.00184729 0.0218968 0.19508 0 0 0 0 0 0 0 0 0 0 0 17089
0 0 0.00219538 0.192332 0.427053 0.119098 0.00453221 0.00184729 0.0218968 0.19508 0 0 0 0 0 0 0 0 0 0 0 17139
0 0 0.00220571 0.191955 0.429442 0.103079 0.00454623 0.0018661 0.023889 0.197125 0 0 0 0 0 0 0 0 0 0 0 17194
0 0 0.00216154 0.191747 0.431927 0.0996366 0.00458094 0.00188264 0.0237708 0.199197 0 0 0 0 0 0 0 0 0 0 0 17246
0 0 0.00210268 0.191191 0.436447 0.0949932 0.00460421 0.00191935 0.0232771 0.203053 0 0 0 0 0 0 0 0 0 0 0 17297
0 0 0.00199489 0.189743 0.434999 0.0904643 0.00466397 0.00195796 0.0236845 0.205829 0 0 0 0 0 0 0 0 0 0 0 17351
0 0 0.00199489 0.189743 0.434999 0.0904643 0.00466397 0.00195796 0.0236845 0.205829 0 0 0 0 0 0 0 0 0 0 0 17401
0 0 0.0019394 0.188199 0.432788 0.0911805 0.00483555 0.00199744 0.0243594 0.20884 0 0 0 0 0 0 0 0 0 0 0 17452
0 0 0.00193729 0.184852 0.431945 0.0962154 0.00474445 0.00210598 0.023763 0.213841 0 0 0 0 0 0 0 0 0 0 0 17504
0 0 0.00193729 0.184852 0.431945 0.0962154 0.00474445 0.00210598 0.023763 0.213841 0 0 0 0 0 0 0 0 0 0 0 17560
0 0 0.00184909 0.181113 0.424108 0.0960203 0.00465279 0.00220094 0.0244068 0.216518 0 0 0 0 0 0 0 0 0 0 0 17611
0 0 0.0018094 0.175455 0.412233 0.0957337 0.00445961 0.00235716 0.0234583 0.21547 0 0 0 0 0 0 0 0 0 0 0 17663
0 0 0.0018094 0.175455 0.412233 0.0957337 0.00445961 0.00235716 0.0234583 0.21547 0 0 0 0 0 0 0 0 0 0 0 17713
0 0 0.00172899 0.168338 0.391359 0.102185 0.00425266 0.00253932 0.0225253 0.208695 0 0 0 0 0 0 0 0 0 0 0 17792
0 0 0.00183088 0.180709 0.413239 0.0892666 0.00449995 0.00215871 0.0240233 0.205807 0 0 0 0 0 0 0 0 0 0 0 17889
0 0 0.00180366 0.181735 0.411266 0.0883082 0.00448805 0.00211146 0.0246695 0.203291 0 0 0 0 0 0 0 0 0 0 0 17944
0 0 0.00187277 0.187372 0.419664 0.0833126 0.00452702 0.00196243 0.0247989 0.199384 0 0 0 0 0 0 0 0 0 0 0 17998
0 0 0.00190131 0.189734 0.422674 0.0813473 0.00452603 0.00190232 0.0249389 0.197341 0 0 0 0 0 0 0 0 0 0 0 18052
0 0 0.00190008 0.19023 0.422434 0.0854263 0.00447089 0.00188603 0.0256635 0.196624 0 0 0 0 0 0 0 0 0 0 0 18105
0 0 0.00190008 0.19023 0.422434 0.0854263 0.00447089 0.00188603 0.0256635 0.196624 0 0 0 0 0 0 0 0 0 0 0 18156
0 0 0.00191495 0.190631 0.422472 0.0902838 0.00440769 0.00187509 0.0259758 0.195621 0 0 0 0 0 0 0 0 0 0 0 18208
0 0 0.00194266 0.191663 0.422969 0.100149 0.00430935 0.00185142 0.0267335 0.194606 0 0 0 0 0 0 0 0 0 0 0 18258
0 0 0.00198315 0.192183 0.416276 0.100739 0.00431679 0.00183989 0.026748 0.194615 0 0 0 0 0 0 0 0 0 0 0 18311
0 0 0.00198315 0.192183 0.416276 0.100739 0.00431679 0.00183989 0.026748 0.194615 0 0 0 0 0 0 0 0 0 0 0 18362
0 0 0.00202271 0.192401 0.408398 0.118817 0.00416837 0.00183519 0.0284216 0.195111 0 0 0 0 0 0 0 0 0 0 0 18414
0 0 0.00199959 0.19255 0.411999 0.129312 0.00410803 0.00183234 0.0298691 0.196239 0 0 0 0 0 0 0 0 0 0 0 18467
0 0 0.00199959 0.19255 0.411999 0.129312 0.00410803 0.00183234 0.0298691 0.196239 0 0 0 0 0 0 0 0 0 0 0 18517
0 0 0.00196903 0.192631 0.410811 0.150633 0.00401953 0.00183052 0.0331389 0.19933 0 0 0 0 0 0 0 0 0 0 0 18567
0 0 0.00192708 0.1927 0.415385 0.167313 0.00396441 0.00182895 0.0358677 0.20176 0 0 0 0 0 0 0 0 0 0 0 18619
0 0 0.00191991 0.192738 0.418365 0.250059 0.00363205 0.00182838 0.0421976 0.203175 0 0 0 0 0 0 0 0 0 0 0 18671
0 0 0.00191991 0.192738 0.418365 0.250059 0.00363205 0.00182838 0.0421976 0.203175 0 0 0 0 0 0 0 0 0 0 0 18725
0 0 0.00163161 0.192788 0.424992 0.430597 0.00348536 0.00182729 0.0717359 0.225004 -7.57717 0 0 0 0 0 0 0 0 0 0 18778
0 0 0.00149618 0.192796 0.418797 0.585887 0.00344182 0.00182738 0.100297 0.241646 -12.5116 0 0 0 0 0 0 0 0 0 0 18829
0 0 0.00149618 0.192796 0.418797 0.585887 0.00344182 0.00182738 0.100297 0.241646 -12.5116 0 0 0 0 0 0 0 0 0 0 18885
0 0 0.00164704 0.192808 0.422438 1.32968 0.00271413 0.00182679 0.111859 0.229008 -20.9289 0 0 0 0 0 0 0 0 0 0 18938
0 0 0.00166156 0.192855 0.442918 2.70376 0.002298 0.00182549 0.144687 0.22941 -29.1822 0 0 0 0 0 0 0 0 0 0 18990
0 0 0.00188457 0.19295 0.462477 4.77665 0.00194272 0.00182227 0.153861 0.220561 -35.5829 0 0 0 0 0 0 0 0 0 0 19041
0 0 0.00188457 0.19295 0.462477 4.77665 0.00194272 0.00182227 0.153861 0.220561 -35.5829 0 0 0 0 0 0 0 0 0 0 19091
0 0 0.00208449 0.193009 0.530759 6.50585 0.00173039 0.00182061 0.14619 0.210102 -38.5683 0 0 0 0 0 0 0 0 0 0 19142
0 0 0.00204537 0.192979 0.579854 10.2673 0.00151048 0.00182176 0.163908 0.205391 -43.3684 0 0 0 0 0 0 0 0 0 0 19195
0 0 0.00204884 0.192898 0.667297 12.3988 0.00142743 0.00182428 0.172585 0.204202 -45.5996 0 0 0 0 0 0 0 0 0 0 19245
0 0 0.00204884 0.192898 0.667297 12.3988 0.00142743 0.00182428 0.172585 0.204202 -45.5996 0 0 0 0 0 0 0 0 0 0 19296
0 0 0.00201787 0.192843 0.745983 11.8943 0.00140577 0.00182611 0.156652 0.198277 -44.0916 0 0 0 0 0 0 0 0 0 0 19350
0 0 0.00192032 0.192878 0.765473 15.0256 0.00133176 0.00182576 0.180104 0.200271 -47.0766 0 0 0 0 0 0 0 0 0 0 19410
0 0 0.00192032 0.192878 0.765473 15.0256 0.00133176 0.00182576 0.180104 0.200271 -47.0766 0 0 0 0 0 0 0 0 0 0 19460
0 0 0.00192164 0.192881 0.778523 16.2698 0.00131196 0.00182572 0.190413 0.201937 -48.3817 0 0 0 0 0 0 0 0 0 0 19510
0 0 0.00193827 0.192903 0.717803 20.03 0.0012317 0.00182445 0.20437 0.200622 -51.1057 0 0 0 0 0 0 0 0 0 0 19572
0 0 0.00193603 0.192888 0.701212 18.9288 0.00125419 0.00182453 0.200869 0.201115 -50.3741 0 0 0 0 0 0 0 0 0 0 19624
0 0 0.00193603 0.192888 0.701212 18.9288 0.00125419 0.00182453 0.200869 0.201115 -50.3741 0 0 0 0 0 0 0 0 0 0 19677
0 0 0.00192357 0.192894 0.651862 19.1254 0.00125283 0.00182447 0.203407 0.20152 -50.5275 0 0 0 0 0 0 0 0 0 0 19728
0 0 0.00188305 0.192877 0.652818 13.8546 0.00138073 0.00182428 0.183384 0.203232 -46.2911 0 0 0 0 0 0 0 0 0 0 19781
0 0 0.00188305 0.192877 0.652818 13.8546 0.00138073 0.00182428 0.183384 0.203232 -46.2911 0 0 0 0 0 0 0 0 0 0 19832
0 0 0.00200299 0.192831 0.619318 11.6779 0.00145444 0.00182573 0.171576 0.205054 -44.7708 0 0 0 0 0 0 0 0 0 0 19882
0 0 0.00220002 0.192822 0.530525 2.82819 0.00201987 0.0018266 0.09021 0.199149 -27.5704 0 0 0 0 0 0 0 0 0 0 19936
0 0 0.00200702 0.192777 0.531066 0.333524 0.0033318 0.00182832 0.0426091 0.197704 -2.44617 0 0 0 0 0 0 0 0 0 0 19989
0 0 0.00200702 0.192777 0.531066 0.333524 0.0033318 0.00182832 0.0426091 0.197704 -2.44617 0 0 0 0 0 0 0 0 0 0 20039
0 0 0.00201074 0.192716 0.489231 0.15579 0.00406078 0.0018306 0.0309568 0.196166 0 0 0 0 0 0 0 0 0 0 0 20090
0 0 0.00201074 0.192716 0.489231 0.15579 0.00406078 0.0018306 0.0309568 0.196166 0 0 0 0 0 0 0 0 0 0 0 20140
0 0 0.00206602 0.192661 0.467874 0.12742 0.00442786 0.00183242 0.0266205 0.195101 0 0 0 0 0 0 0 0 0 0 0 20192
0 0 0.00207043 0.192548 0.454416 0.111028 0.00462075 0.00183407 0.0247433 0.194239 0 0 0 0 0 0 0 0 0 0 0 20243
0 0 0.00202794 0.192542 0.443073 0.097684 0.00466821 0.00183582 0.0240773 0.194005 0 0 0 0 0 0 0 0 0 0 0 20306
0 0 0.00197469 0.192473 0.436092 0.0972169 0.00469713 0.00184148 0.0231074 0.193811 0 0 0 0 0 0 0 0 0 0 0 20360
0 0 0.00197469 0.192473 0.436092 0.0972169 0.00469713 0.00184148 0.0231074 0.193811 0 0 0 0 0 0 0 0 0 0 0 20410
0 0 0.00196949 0.192543 0.431502 0.102919 0.00473741 0.00184451 0.0227002 0.193861 0 0 0 0 0 0 0 0 0 0 0 20461
0 0 0.00196707 0.192427 0.42751 0.110505 0.0047546 0.0018512 0.0222446 0.193798 0 0 0 0 0 0 0 0 0 0 0 20513
0 0 0.00196707 0.192427 0.42751 0.110505 0.0047546 0.0018512 0.0222446 0.193798 0 0 0 0 0 0 0 0 0 0 0 20566
0 0 0.00195841 0.191582 0.424189 0.0933569 0.0047027 0.00188394 0.0228961 0.19386 0 0 0 0 0 0 0 0 0 0 0 20620
0 0 0.00193715 0.190006 0.418785 0.0915905 0.00467083 0.00192988 0.0227684 0.193611 0 0 0 0 0 0 0 0 0 0 0 20678
0 0 0.00190327 0.187378 0.410843 0.100395 0.00463119 0.00202689 0.0217955 0.193572 0 0 0 0 0 0 0 0 0 0 0 20730
0 0 0.00190327 0.187378 0.410843 0.100395 0.00463119 0.00202689 0.0217955 0.193572 0 0 0 0 0 0 0 0 0 0 0 20782
0 0 0.0018152 0.182682 0.391653 0.358065 0.00452649 0.00228063 0.0154231 0.193613 0 0 0 0 0 0 0 0 0 0 0 20833
0 0 0.00167224 0.175685 0.361369 1.62651 0.00426543 0.00278343 0.00996324 0.193518 0 0 0 0 0 0 0 0 0 0 0 20887
0 0 0.00167224 0.175685 0.361369 1.62651 0.00426543 0.00278343 0.00996324 0.193518 0 0 0 0 0 0 0 0 0 0 0 20941
0 0 0.0015343 0.164862 0.329057 5.36385 0.00385621 0.00351146 0.00679568 0.193412 -1.49976 0 0 0 0 0 0 0 0 0 0 20993
0 0 0.00154326 0.157779 0.321857 0.730292 0.0036286 0.00369461 0.0107183 0.193239 0 0 0 0 0 0 0 0 0 0 0 21047
0 0 0.00169929 0.181492 0.357507 0.939255 0.0039405 0.0028358 0.0112621 0.192997 0 0 0 0 0 0 0 0 0 0 0 21100
0 0 0.00169929 0.181492 0.357507 0.939255 0.0039405 0.0028358 0.0112621 0.192997 0 0 0 0 0 0 0 0 0 0 0 21154
0 0 0.00157079 0.15993 0.327732 0.402209 0.00354643 0.0035217 0.0125728 0.19313 0 0 0 0 0 0 0 0 0 0 0 21206
0 0 0.00153075 0.150891 0.322745 0.285342 0.00345832 0.00366853 0.0133988 0.193259 0 0 0 0 0 0 0 0 0 0 0 21258
0 0 0.00153075 0.150891 0.322745 0.285342 0.00345832 0.00366853 0.0133988 0.193259 0 0 0 0 0 0 0 0 0 0 0 21310
0 0 0.00112314 0.10679 0.243236 0.322143 0.00258425 0.00750917 0.00972614 0.193498 0 0 0 0 0 0 0 0 0 0 0 21361
0 0 0.00102085 0.0946951 0.220248 0.336138 0.00233168 0.00966644 0.00924202 0.193729 0 0 0 0 0 0 0 0 0 0 0 21411
0 0 0.000711627 0.0627763 0.153844 0.734331 0.00161643 0.0237807 0.00564528 0.193925 2.80656 0 0 0 0 0 0 0 0 0 0 21471
0 0 0.000711627 0.0627763 0.153844 0.734331 0.00161643 0.0237807 0.00564528 0.193925 2.80656 0 0 0 0 0 0 0 0 0 0 21522
0 0 0.000333631 0.0266273 0.0735985 3.5874 0.000762203 0.151261 0.0031949 0.194189 18.4954 0 0 0 0 0 0 0 0 0 0 21584
0 0 0.000333631 0.0266273 0.0735985 3.5874 0.000762203 0.151261 0.0031949 0.194189 18.4954 0 0 0 0 0 0 0 0 0 0 21635
0 0 0.000434812 0.0351933 0.0943824 2.13824 0.000980142 0.0828753 0.00390506 0.196261 13.8419 0 0 0 0 0 0 0 0 0 0 21686
0 0 0.000266666 0.0204099 0.0584636 5.89043 0.000601834 0.276659 0.00200941 0.196755 18.2256 0 0 0 0 0 0 0 0 0 0 21737
0 0 0.000266666 0.0204099 0.0584636 5.89043 0.000601834 0.276659 0.00200941 0.196755 18.2256 0 0 0 0 0 0 0 0 0 0 21787
0 0 0.000262285 0.0201319 0.0576572 5.98652 0.000596661 0.280767 0.00139778 0.195494 11.4909 0 0 0 0 0 0 0 0 0 0 21841
0 0 0.000262285 0.0201319 0.0576572 5.98652 0.000596661 0.280767 0.00139778 0.195494 11.4909 0 0 0 0 0 0 0 0 0 0 21892
0 0 0.000357753 0.0273575 0.07603 3.34191 0.000790474 0.139124 0.00204012 0.194454 8.38107 0 0 0 0 0 0 0 0 0 0 21944
0 0 0.000367466 0.0287452 0.079839 3.00619 0.000831588 0.122422 0.00328721 0.193744 15.7896 0 0 0 0 0 0 0 0 0 0 21994
0 0 0.000483887 0.0396062 0.105882 1.64162 0.00110876 0.0601801 0.00492624 0.193223 13.4255 0 0 0 0 0 0 0 0 0 0 22044
0 0 0.000483887 0.0396062 0.105882 1.64162 0.00110876 0.0601801 0.00492624 0.193223 13.4255 0 0 0 0 0 0 0 0 0 0 22096
0 0 0.000674911 0.0570366 0.145746 0.822067 0.00153317 0.0269881 0.00774223 0.192978 10.5809 0 0 0 0 0 0 0 0 0 0 22148
0 0 0.000608754 0.0509558 0.132775 1.00832 0.00139316 0.034157 0.00715853 0.192859 12.5027 0 0 0 0 0 0 0 0 0 0 22199
0 0 0.000608754 0.0509558 0.132775 1.00832 0.00139316 0.034157 0.00715853 0.192859 12.5027 0 0 0 0 0 0 0 0 0 0 22253
0 0 0.00105098 0.0950541 0.229028 0.308011 0.00242687 0.00870769 0.0126842 0.192743 4.03418 0 0 0 0 0 0 0 0 0 0 22308
0 0 0.00125511 0.116304 0.272712 0.210164 0.00290059 0.00561457 0.0149729 0.192782 0.936733 0 0 0 0 0 0 0 0 0 0 22358
0 0 0.00125511 0.116304 0.272712 0.210164 0.00290059 0.00561457 0.0149729 0.192782 0.936733 0 0 0 0 0 0 0 0 0 0 22410
0 0 0.0015295 0.144837 0.330595 0.137959 0.00352178 0.00346172 0.0183078 0.192731 0 0 0 0 0 0 0 0 0 0 0 22462
0 0 0.0015295 0.144837 0.330595 0.137959 0.00352178 0.00346172 0.0183078 0.192731 0 0 0 0 0 0 0 0 0 0 0 22517
0 0 0.00172076 0.164957 0.370512 0.107535 0.00395383 0.00259745 0.0205159 0.19246 0 0 0 0 0 0 0 0 0 0 0 22570
0 0 0.00184582 0.178132 0.396376 0.0927091 0.00423057 0.00219125 0.0218055 0.192528 0 0 0 0 0 0 0 0 0 0 0 22624
0 0 0.00184582 0.178132 0.396376 0.0927091 0.00423057 0.00219125 0.0218055 0.192528 0 0 0 0 0 0 0 0 0 0 0 22678
0 0 0.0019055 0.184618 0.409046 0.086515 0.00436468 0.00202281 0.0230105 0.192659 0 0 0 0 0 0 0 0 0 0 0 22729
0 0 0.00193375 0.187973 0.415854 0.0834039 0.00443814 0.00194036 0.0235772 0.192964 0 0 0 0 0 0 0 0 0 0 0 22780
0 0 0.00193375 0.187973 0.415854 0.0834039 0.00443814 0.00194036 0.0235772 0.192964 0 0 0 0 0 0 0 0 0 0 0 22833
0 0 0.00194455 0.189207 0.418665 0.0822116 0.00446543 0.00190963 0.0238119 0.193268 0 0 0 0 0 0 0 0 0 0 0 22887
0 0 0.00195724 0.190389 0.421111 0.0812022 0.00449445 0.00188331 0.0239034 0.193317 0 0 0 0 0 0 0 0 0 0 0 22937
0 0 0.00195724 0.190389 0.421111 0.0812022 0.00449445 0.00188331 0.0239034 0.193317 0 0 0 0 0 0 0 0 0 0 0 22988
0 0 0.00195256 0.190221 0.42122 0.0811705 0.00449027 0.0018874 0.0238305 0.193697 0 0 0 0 0 0 0 0 0 0 0 23039
0 0 0.00195129 0.19054 0.42163 0.0828782 0.00449953 0.00187827 0.0237491 0.193481 0 0 0 0 0 0 0 0 0 0 0 23093
0 0 0.0019547 0.190717 0.422297 0.0806792 0.00450449 0.00187415 0.0239578 0.193609 0 0 0 0 0 0 0 0 0 0 0 23144
0 0 0.0019547 0.190717 0.422297 0.0806792 0.00450449 0.00187415 0.0239578 0.193609 0 0 0 0 0 0 0 0 0 0 0 23195
0 0 0.00195412 0.190207 0.421727 0.0810849 0.00449371 0.00188585 0.0238753 0.193701 0 0 0 0 0 0 0 0 0 0 0 23248
0 0 0.00196343 0.190617 0.422704 0.0807186 0.00449975 0.00187786 0.0238318 0.193643 0 0 0 0 0 0 0 0 0 0 0 23302
0 0 0.00196179 0.190477 0.422337 0.0808054 0.00449523 0.00187997 0.0237624 0.193447 0 0 0 0 0 0 0 0 0 0 0 23353
0 0 0.00196261 0.190109 0.422291 0.0810831 0.00448862 0.00189022 0.0236716 0.193828 0 0 0 0 0 0 0 0 0 0 0 23402
0 0 0.00196261 0.190109 0.422291 0.0810831 0.00448862 0.00189022 0.0236716 0.193828 0 0 0 0 0 0 0 0 0 0 0 23452
0 0 0.00197203 0.190403 0.4234 0.080842 0.00449513 0.00188637 0.0235942 0.194146 0 0 0 0 0 0 0 0 0 0 0 23507
0 0 0.00196778 0.189963 0.422577 0.0811932 0.00448597 0.00189593 0.0235559 0.194156 0 0 0 0 0 0 0 0 0 0 0 23562
0 0 0.00196695 0.189786 0.422389 0.081341 0.00448146 0.00190017 0.0234721 0.194256 0 0 0 0 0 0 0 0 0 0 0 23613
0 0 0.00196695 0.189786 0.422389 0.081341 0.00448146 0.00190017 0.0234721 0.194256 0 0 0 0 0 0 0 0 0 0 0 23663
0 0 0.00196234 0.189389 0.42164 0.0816724 0.00447276 0.00190893 0.0234217 0.1943 0 0 0 0 0 0 0 0 0 0 0 23714
0 0 0.00194556 0.187768 0.418093 0.0830355 0.00443984 0.00194355 0.0231991 0.194043 0 0 0 0 0 0 0 0 0 0 0 23765
0 0 0.00194923 0.187056 0.417915 0.0867003 0.0044274 0.00196523 0.0226678 0.194809 0 0 0 0 0 0 0 0 0 0 0 23816
0 0 0.00194923 0.187056 0.417915 0.0867003 0.0044274 0.00196523 0.0226678 0.194809 0 0 0 0 0 0 0 0 0 0 0 23868
0 0 0.00192012 0.184337 0.411541 0.0869678 0.00437175 0.0020237 0.0224671 0.194174 0 0 0 0 0 0 0 0 0 0 0 23920
0 0 0.00188195 0.180437 0.403825 0.0918388 0.00428827 0.00211721 0.0217903 0.194179 0 0 0 0 0 0 0 0 0 0 0 23973
0 0 0.00189621 0.181151 0.405708 0.0888987 0.00430208 0.00210105 0.0221776 0.194551 0 0 0 0 0 0 0 0 0 0 0 24025
0 0 0.00189621 0.181151 0.405708 0.0888987 0.00430208 0.00210105 0.0221776 0.194551 0 0 0 0 0 0 0 0 0 0 0 24078
0 0 0.00191833 0.183663 0.409962 0.0888617 0.00435607 0.00203671 0.0223357 0.194011 0 0 0 0 0 0 0 0 0 0 0 24133
0 0 0.00192967 0.184359 0.41151 0.0859792 0.00437065 0.00202132 0.0228131 0.193938 0 0 0 0 0 0 0 0 0 0 0 24188
0 0 0.00190825 0.181857 0.406876 0.0882518 0.00431799 0.00208421 0.0225055 0.194022 0 0 0 0 0 0 0 0 0 0 0 24238
0 0 0.00190825 0.181857 0.406876 0.0882518 0.00431799 0.00208421 0.0225055 0.194022 0 0 0 0 0 0 0 0 0 0 0 24289
0 0 0.00191415 0.18318 0.4085 0.0870505 0.00434572 0.00204763 0.0228947 0.193403 0 0 0 0 0 0 0 0 0 0 0 24343
0 0 0.00191415 0.18318 0.4085 0.0870505 0.00434572 0.00204763 0.0228947 0.193403 0 0 0 0 0 0 0 0 0 0 0 24395
0 0 0.00193526 0.186281 0.414158 0.0843027 0.00441004 0.00197247 0.0232446 0.193093 0 0 0 0 0 0 0 0 0 0 0 24447
0 0 0.00195438 0.188579 0.418576 0.0839411 0.0044611 0.0019192 0.0235611 0.192895 0 0 0 0 0 0 0 0 0 0 0 24500
0 0 0.00197027 0.189764 0.420915 0.0833482 0.00448714 0.00189268 0.0237364 0.192803 0 0 0 0 0 0 0 0 0 0 0 24554
0 0 0.00197296 0.191354 0.423243 0.0830087 0.00452427 0.00185831 0.0240181 0.193022 0 0 0 0 0 0 0 0 0 0 0 24607
0 0 0.00197296 0.191354 0.423243 0.0830087 0.00452427 0.00185831 0.0240181 0.193022 0 0 0 0 0 0 0 0 0 0 0 24660
0 0 0.00196841 0.192029 0.422432 0.0819613 0.004558 0.0018438 0.0246254 0.194125 0 0 0 0 0 0 0 0 0 0 0 24713
0 0 0.00192306 0.192498 0.410185 0.0852246 0.00469251 0.00183349 0.0279981 0.201693 0 0 0 0 0 0 0 0 0 0 0 24764
0 0 0.00198393 0.192817 0.304918 0.134797 0.00536494 0.00182599 0.0480335 0.24185 0 0 0 0 0 0 0 0 0 0 0 24815
0 0 0.00198393 0.192817 0.304918 0.134797 0.00536494 0.00182599 0.0480335 0.24185 0 0 0 0 0 0 0 0 0 0 0 24867
0 0 0.00113779 0.193146 0.248107 0.187899 0.00755931 0.0018206 0.259528 0.396061 -7.4612 0 0 0 0 0 0 0 0 0 0 24918
0 0 0.000736687 0.193247 0.210964 0.304603 0.00906146 0.00181993 1.55339 0.632687 -28.5068 0 0 0 0 0 0 0 0 0 0 24970
0 0 0.001572 0.193528 0.178021 0.866587 0.00554257 0.00181739 0.761606 0.469344 -36.8695 0 0 0 0 0 0 0 0 0 0 25023
0 0 0.00157029 0.193588 0.224371 1.32886 0.00490314 0.00181466 0.841394 0.455135 -41.1582 0 0 0 0 0 0 0 0 0 0 25075
0 0 0.00157029 0.193588 0.224371 1.32886 0.00490314 0.00181466 0.841394 0.455135 -41.1582 0 0 0 0 0 0 0 0 0 0 25126
0 0 0.00284339 0.193461 0.328574 3.38298 0.00276612 0.00181542 0.329813 0.299891 -44.9228 0 0 0 0 0 0 0 0 0 0 25177
0 0 0.00321297 0.193398 0.456987 3.22758 0.00227582 0.00181612 0.154266 0.233381 -37.9997 0 0 0 0 0 0 0 0 0 0 25230
0 0 0.00291697 0.193487 0.424184 3.7193 0.00214529 0.00181451 0.144998 0.225386 -37.5101 0 0 0 0 0 0 0 0 0 0 25280
0 0 0.00291697 0.193487 0.424184 3.7193 0.00214529 0.00181451 0.144998 0.225386 -37.5101 0 0 0 0 0 0 0 0 0 0 25331
0 0 0.00224593 0.193299 0.471134 1.28899 0.00270809 0.00182099 0.0960381 0.220828 -22.5537 0 0 0 0 0 0 0 0 0 0 25382
0 0 0.00226712 0.193139 0.443902 0.734802 0.00289787 0.00182572 0.0611003 0.204336 -13.6749 0 0 0 0 0 0 0 0 0 0 25433
0 0 0.002243 0.19291 0.422245 0.535544 0.00305324 0.0018306 0.049635 0.198841 -9.20905 0 0 0 0 0 0 0 0 0 0 25486
0 0 0.00216414 0.192795 0.430302 0.277848 0.00356722 0.00183236 0.0393696 0.198172 -1.5723 0 0 0 0 0 0 0 0 0 0 25539
0 0 0.00216414 0.192795 0.430302 0.277848 0.00356722 0.00183236 0.0393696 0.198172 -1.5723 0 0 0 0 0 0 0 0 0 0 25592
0 0 0.00211517 0.192793 0.4236 0.249243 0.00362374 0.00183467 0.0370991 0.197007 0 0 0 0 0 0 0 0 0 0 0 25646
0 0 0.00211622 0.192644 0.401361 0.163474 0.00401473 0.0018368 0.0314662 0.197017 0 0 0 0 0 0 0 0 0 0 0 25697
0 0 0.00217182 0.192575 0.386604 0.109089 0.00437854 0.00183836 0.0270222 0.196499 0 0 0 0 0 0 0 0 0 0 0 25747
0 0 0.00217182 0.192575 0.386604 0.109089 0.00437854 0.00183836 0.0270222 0.196499 0 0 0 0 0 0 0 0 0 0 0 25800
0 0 0.00209428 0.192487 0.400274 0.0940424 0.00447108 0.00183973 0.0254637 0.195323 0 0 0 0 0 0 0 0 0 0 0 25850
0 0 0.00203787 0.192444 0.411488 0.0863475 0.00452223 0.00183813 0.0248345 0.194663 0 0 0 0 0 0 0 0 0 0 0 25904
0 0 0.0020161 0.192364 0.415576 0.0824181 0.00455202 0.0018398 0.0244035 0.194264 0 0 0 0 0 0 0 0 0 0 0 25957
0 0 0.0020161 0.192364 0.415576 0.0824181 0.00455202 0.0018398 0.0244035 0.194264 0 0 0 0 0 0 0 0 0 0 0 26008
0 0 0.0020161 0.192364 0.415576 0.0824181 0.00455202 0.0018398 0.0244035 0.194264 0 0 0 0 0 0 0 0 0 0 0 26060
0 0 0.0020161 0.192364 0.415576 0.0824181 0.00455202 0.0018398 0.0244035 0.194264 0 0 0 0 0 0 0 0 0 0 0 26112
0 0 0.0020161 0.192364 0.415576 0.0824181 0.00455202 0.0018398 0.0244035 0.194264 0 0 0 0 0 0 0 0 0 0 0 26163
0 0 0.0020161 0.192364 0.415576 0.0824181 0.00455202 0.0018398 0.0244035 0.194264 0 0 0 0 0 0 0 0 0 0 0 26214
0 0 0.0020161 0.192364 0.415576 0.0824181 0.00455202 0.0018398 0.0244035 0.194264 0 0 0 0 0 0 0 0 0 0 0 26266
0 0 0.0020161 0.192364 0.415576 0.0824181 0.00455202 0.0018398 0.0244035 0.194264 0 0 0 0 0 0 0 0 0 0 0 26318
0 0 0.0020161 0.192364 0.415576 0.0824181 0.00455202 0.0018398 0.0244035 0.194264 0 0 0 0 0 0 0 0 0 0 0 26372
0 0 0.0020161 0.192364 0.415576 0.0824181 0.00455202 0.0018398 0.0244035 0.194264 0 0 0 0 0 0 0 0 0 0 0 26425
0 0 0.0020161 0.192364 0.415576 0.0824181 0.00455202 0.0018398 0.0244035 0.194264 0 0 0 0 0 0 0 0 0 0 0 26477
0 0 0.0020161 0.192364 0.415576 0.0824181 0.00455202 0.0018398 0.0244035 0.194264 0 0 0 0 0 0 0 0 0 0 0 26530
0 0 0.0020161 0.192364 0.415576 0.0824181 0.00455202 0.0018398 0.0244035 0.194264 0 0 0 0 0 0 0 0 0 0 0 26581
0 0 0.0020161 0.192364 0.415576 0.0824181 0.00455202 0.0018398 0.0244035 0.194264 0 0 0 0 0 0 0 0 0 0 0 26633
0 0 0.0020161 0.192364 0.415576 0.0824181 0.00455202 0.0018398 0.0244035 0.194264 0 0 0 0 0 0 0 0 0 0 0 26686
0 0 0.0020161 0.192364 0.415576 0.0824181 0.00455202 0.0018398 0.0244035 0.194264 0 0 0 0 0 0 0 0 0 0 0 26740
0 0 0.0020161 0.192364 0.415576 0.0824181 0.00455202 0.0018398 0.0244035 0.194264 0 0 0 0 0 0 0 0 0 0 0 26790
0 0 0.0020161 0.192364 0.415576 0.0824181 0.00455202 0.0018398 0.0244035 0.194264 0 0 0 0 0 0 0 0 0 0 0 26840
0 0 0.0020161 0.192364 0.415576 0.0824181 0.00455202 0.0018398 0.0244035 0.194264 0 0 0 0 0 0 0 0 0 0 0 26892
0 0 0.0020161 0.192364 0.415576 0.0824181 0.00455202 0.0018398 0.0244035 0.194264 0 0 0 0 0 0 0 0 0 0 0 26944
0 0 0.0020161 0.192364 0.415576 0.0824181 0.00455202 0.0018398 0.0244035 0.194264 0 0 0 0 0 0 0 0 0 0 0 26996
0 0 0.0020161 0.192364 0.415576 0.0824181 0.00455202 0.0018398 0.0244035 0.194264 0 0 0 0 0 0 0 0 0 0 0 27047
0 0 0.0020161 0.192364 0.415576 0.0824181 0.00455202 0.0018398 0.0244035 0.194264 0 0 0 0 0 0 0 0 0 0 0 27097
0 0 0.0020161 0.192364 0.415576 0.0824181 0.00455202 0.0018398 0.0244035 0.194264 0 0 0 0 0 0 0 0 0 0 0 27150
0 0 0.0020161 0.192364 0.415576 0.0824181 0.00455202 0.0018398 0.0244035 0.194264 0 0 0 0 0 0 0 0 0 0 0 27202
0 0 0.0020161 0.192364 0.415576 0.0824181 0.00455202 0.0018398 0.0244035 0.194264 0 0 0 0 0 0 0 0 0 0 0 27254
0 0 0.0020161 0.192364 0.415576 0.0824181 0.00455202 0.0018398 0.0244035 0.194264 0 0 0 0 0 0 0 0 0 0 0 27306
0 0 0.0020161 0.192364 0.415576 0.0824181 0.00455202 0.0018398 0.0244035 0.194264 0 0 0 0 0 0 0 0 0 0 0 27358
0 0 0.0020161 0.192364 0.415576 0.0824181 0.00455202 0.0018398 0.0244035 0.194264 0 0 0 0 0 0 0 0 0 0 0 27409
0 0 0.0020161 0.192364 0.415576 0.0824181 0.00455202 0.0018398 0.0244035 0.194264 0 0 0 0 0 0 0 0 0 0 0 27460
0 0 0.0020161 0.192364 0.415576 0.0824181 0.00455202 0.0018398 0.0244035 0.194264 0 0 0 0 0 0 0 0 0 0 0 27510
0 0 0.0020161 0.192364 0.415576 0.0824181 0.00455202 0.0018398 0.0244035 0.194264 0 0 0 0 0 0 0 0 0 0 0 27562
0 0 0.0020161 0.192364 0.415576 0.0824181 0.00455202 0.0018398 0.0244035 0.194264 0 0 0 0 0 0 0 0 0 0 0 27614
0 0 0.0020161 0.192364 0.415576 0.0824181 0.00455202 0.0018398 0.0244035 0.194264 0 0 0 0 0 0 0 0 0 0 0 27666
0 0 0.0020161 0.192364 0.415576 0.0824181 0.00455202 0.0018398 0.0244035 0.194264 0 0 0 0 0 0 0 0 0 0 0 27716
0 0 0.0020161 0.192364 0.415576 0.0824181 0.00455202 0.0018398 0.0244035 0.194264 0 0 0 0 0 0 0 0 0 0 0 27767
0 0 0.0020161 0.192364 0.415576 0.0824181 0.00455202 0.0018398 0.0244035 0.194264 0 0 0 0 0 0 0 0 0 0 0 27819
0 0 0.0020161 0.192364 0.415576 0.0824181 0.00455202 0.0018398 0.0244035 0.194264 0 0 0 0 0 0 0 0 0 0 0 27869
0 0 0.0020161 0.192364 0.415576 0.0824181 0.00455202 0.0018398 0.0244035 0.194264 0 0 0 0 0 0 0 0 0 0 0 27921
0 0 0.0020161 0.192364 0.415576 0.0824181 0.00455202 0.0018398 0.0244035 0.194264 0 0 0 0 0 0 0 0 0 0 0 27972
0 0 0.0020161 0.192364 0.415576 0.0824181 0.00455202 0.0018398 0.0244035 0.194264 0 0 0 0 0 0 0 0 0 0 0 28026
0 0 0.0020161 0.192364 0.415576 0.0824181 0.00455202 0.0018398 0.0244035 0.194264 0 0 0 0 0 0 0 0 0 0 0 28077
0 0 0.0020161 0.192364 0.415576 0.0824181 0.00455202 0.0018398 0.0244035 0.194264 0 0 0 0 0 0 0 0 0 0 0 28128
0 0 0.0020161 0.192364 0.415576 0.0824181 0.00455202 0.0018398 0.0244035 0.194264 0 0 0 0 0 0 0 0 0 0 0 28179
0 0 0.0020161 0.192364 0.415576 0.0824181 0.00455202 0.0018398 0.0244035 0.194264 0 0 0 0 0 0 0 0 0 0 0 28230
0 0 0.0020161 0.192364 0.415576 0.0824181 0.00455202 0.0018398 0.0244035 0.194264 0 0 0 0 0 0 0 0 0 0 0 28282
0 0 0.0020161 0.192364 0.415576 0.0824181 0.00455202 0.0018398 0.0244035 0.194264 0 0 0 0 0 0 0 0 0 0 0 28333
0 0 0.0020161 0.192364 0.415576 0.0824181 0.00455202 0.0018398 0.0244035 0.194264 0 0 0 0 0 0 0 0 0 0 0 28385
0 0 0.0020161 0.192364 0.415576 0.0824181 0.00455202 0.0018398 0.0244035 0.194264 0 0 0 0 0 0 0 0 0 0 0 28439
0 0 0.0020161 0.192364 0.415576 0.0824181 0.00455202 0.0018398 0.0244035 0.194264 0 0 0 0 0 0 0 0 0 0 0 28489
0 0 0.0020161 0.192364 0.415576 0.0824181 0.00455202 0.0018398 0.0244035 0.194264 0 0 0 0 0 0 0 0 0 0 0 28539
0 0 0.0020161 0.192364 0.415576 0.0824181 0.00455202 0.0018398 0.0244035 0.194264 0 0 0 0 0 0 0 0 0 0 0 28591
0 0 0.0020161 0.192364 0.415576 0.0824181 0.00455202 0.0018398 0.0244035 0.194264 0 0 0 0 0 0 0 0 0 0 0 28643
0 0 0.0020161 0.192364 0.415576 0.0824181 0.00455202 0.0018398 0.0244035 0.194264 0 0 0 0 0 0 0 0 0 0 0 28693
0 0 0.0020161 0.192364 0.415576 0.0824181 0.00455202 0.0018398 0.0244035 0.194264 0 0 0 0 0 0 0 0 0 0 0 28746
0 0 0.0020161 0.192364 0.415576 0.0824181 0.00455202 0.0018398 0.0244035 0.194264 0 0 0 0 0 0 0 0 0 0 0 28797
0 0 0.0020161 0.192364 0.415576 0.0824181 0.00455202 0.0018398 0.0244035 0.194264 0 0 0 0 0 0 0 0 0 0 0 28847
0 0 0.0020161 0.192364 0.415576 0.0824181 0.00455202 0.0018398 0.0244035 0.194264 0 0 0 0 0 0 0 0 0 0 0 28899
0 0 0.0020161 0.192364 0.415576 0.0824181 0.00455202 0.0018398 0.0244035 0.194264 0 0 0 0 0 0 0 0 0 0 0 28949
0 0 0.0020161 0.192364 0.415576 0.0824181 0.00455202 0.0018398 0.0244035 0.194264 0 0 0 0 0 0 0 0 0 0 0 29001
0 0 0.0020161 0.192364 0.415576 0.0824181 0.00455202 0.0018398 0.0244035 0.194264 0 0 0 0 0 0 0 0 0 0 0 29053
0 0 0.0020161 0.192364 0.415576 0.0824181 0.00455202 0.0018398 0.0244035 0.194264 0 0 0 0 0 0 0 0 0 0 0 29106
0 0 0.0020161 0.192364 0.415576 0.0824181 0.00455202 0.0018398 0.0244035 0.194264 0 0 0 0 0 0 0 0 0 0 0 29157
0 0 0.0020161 0.192364 0.415576 0.0824181 0.00455202 0.0018398 0.0244035 0.194264 0 0 0 0 0 0 0 0 0 0 0 29207
0 0 0.0020161 0.192364 0.415576 0.0824181 0.00455202 0.0018398 0.0244035 0.194264 0 0 0 0 0 0 0 0 0 0 0 29257
0 0 0.0020161 0.192364 0.415576 0.0824181 0.00455202 0.0018398 0.0244035 0.194264 0 0 0 0 0 0 0 0 0 0 0 29310
0 0 0.0020161 0.192364 0.415576 0.0824181 0.00455202 0.0018398 0.0244035 0.194264 0 0 0 0 0 0 0 0 0 0 0 29362
0 0 0.0020161 0.192364 0.415576 0.0824181 0.00455202 0.0018398 0.0244035 0.194264 0 0 0 0 0 0 0 0 0 0 0 29416
0 0 0.0020161 0.192364 0.415576 0.0824181 0.00455202 0.0018398 0.0244035 0.194264 0 0 0 0 0 0 0 0 0 0 0 29466
0 0 0.0020161 0.192364 0.415576 0.0824181 0.00455202 0.0018398 0.0244035 0.194264 0 0 0 0 0 0 0 0 0 0 0 29517
0 0 0.0020161 0.192364 0.415576 0.0824181 0.00455202 0.0018398 0.0244035 0.194264 0 0 0 0 0 0 0 0 0 0 0 29568
0 0 0.0020161 0.192364 0.415576 0.0824181 0.00455202 0.0018398 0.0244035 0.194264 0 0 0 0 0 0 0 0 0 0 0 29619
0 0 0.0020161 0.192364 0.415576 0.0824181 0.00455202 0.0018398 0.0244035 0.194264 0 0 0 0 0 0 0 0 0 0 0 29669
0 0 0.0020161 0.192364 0.415576 0.0824181 0.00455202 0.0018398 0.0244035 0.194264 0 0 0 0 0 0 0 0 0 0 0 29719
0 0 0.0020161 0.192364 0.415576 0.0824181 0.00455202 0.0018398 0.0244035 0.194264 0 0 0 0 0 0 0 0 0 0 0 29770
0 0 0.0020161 0.192364 0.415576 0.0824181 0.00455202 0.0018398 0.0244035 0.194264 0 0 0 0 0 0 0 0 0 0 0 29820
0 0 0.0020161 0.192364 0.415576 0.0824181 0.00455202 0.0018398 0.0244035 0.194264 0 0 0 0 0 0 0 0 0 0 0 29870
0 0 0.0020161 0.192364 0.415576 0.0824181 0.00455202 0.0018398 0.0244035 0.194264 0 0 0 0 0 0 0 0 0 0 0 29921
0 0 0.0020161 0.192364 0.415576 0.0824181 0.00455202 0.0018398 0.0244035 0.194264 0 0 0 0 0 0 0 0 0 0 0 29971
0 0 0.0020161 0.192364 0.415576 0.0824181 0.00455202 0.0018398 0.0244035 0.194264 0 0 0 0 0 0 0 0 0 0 0 30021
0 0 0.0020161 0.192364 0.415576 0.0824181 0.00455202 0.0018398 0.0244035 0.194264 0 0 0 0 0 0 0 0 0 0 0 30071
0 0 0.0020161 0.192364 0.415576 0.0824181 0.00455202 0.0018398 0.0244035 0.194264 0 0 0 0 0 0 0 0 0 0 0 30123
0 0 0.0020161 0.192364 0.415576 0.0824181 0.00455202 0.0018398 0.0244035 0.194264 0 0 0 0 0 0 0 0 0 0 0 30173
0 0 0.0020161 0.192364 0.415576 0.0824181 0.00455202 0.0018398 0.0244035 0.194264 0 0 0 0 0 0 0 0 0 0 0 30224
0 0 0.0020161 0.192364 0.415576 0.0824181 0.00455202 0.0018398 0.0244035 0.194264 0 0 0 0 0 0 0 0 0 0 0 30274
0 0 0.0020161 0.192364 0.415576 0.0824181 0.00455202 0.0018398 0.0244035 0.194264 0 0 0 0 0 0 0 0 0 0 0 30324
0 0 0.0020161 0.192364 0.415576 0.0824181 0.00455202 0.0018398 0.0244035 0.194264 0 0 0 0 0 0 0 0 0 0 0 30376
0 0 0.0020161 0.192364 0.415576 0.0824181 0.00455202 0.0018398 0.0244035 0.194264 0 0 0 0 0 0 0 0 0 0 0 30427
0 0 0.0020161 0.192364 0.415576 0.0824181 0.00455202 0.0018398 0.0244035 0.194264 0 0 0 0 0 0 0 0 0 0 0 30477
0 0 0.0020161 0.192364 0.415576 0.0824181 0.00455202 0.0018398 0.0244035 0.194264 0 0 0 0 0 0 0 0 0 0 0 30527
0 0 0.0020161 0.192364 0.415576 0.0824181 0.00455202 0.0018398 0.0244035 0.194264 0 0 0 0 0 0 0 0 0 0 0 30578
0 0 0.0020161 0.192364 0.415576 0.0824181 0.00455202 0.0018398 0.0244035 0.194264 0 0 0 0 0 0 0 0 0 0 0 30628
0 0 0.0020161 0.192364 0.415576 0.0824181 0.00455202 0.0018398 0.0244035 0.194264 0 0 0 0 0 0 0 0 0 0 0 30678
0 0 0.0020161 0.192364 0.415576 0.0824181 0.00455202 0.0018398 0.0244035 0.194264 0 0 0 0 0 0 0 0 0 0 0 30729
0 0 0.0020161 0.192364 0.415576 0.0824181 0.00455202 0.0018398 0.0244035 0.194264 0 0 0 0 0 0 0 0 0 0 0 30779
0 0 0.0020161 0.192364 0.415576 0.0824181 0.00455202 0.0018398 0.0244035 0.194264 0 0 0 0 0 0 0 0 0 0 0 30829
0 0 0.0020161 0.192364 0.415576 0.0824181 0.00455202 0.0018398 0.0244035 0.194264 0 0 0 0 0 0 0 0 0 0 0 30879
0 0 0.0020161 0.192364 0.415576 0.0824181 0.00455202 0.0018398 0.0244035 0.194264 0 0 0 0 0 0 0 0 0 0 0 30931
0 0 0.0020161 0.192364 0.415576 0.0824181 0.00455202 0.0018398 0.0244035 0.194264 0 0 0 0 0 0 0 0 0 0 0 30981
0 0 0.0020161 0.192364 0.415576 0.0824181 0.00455202 0.0018398 0.0244035 0.194264 0 0 0 0 0 0 0 0 0 0 0 31033
0 0 0.0020161 0.192364 0.415576 0.0824181 0.00455202 0.0018398 0.0244035 0.194264 0 0 0 0 0 0 0 0 0 0 0 31084
0 0 0.0020161 0.192364 0.415576 0.0824181 0.00455202 0.0018398 0.0244035 0.194264 0 0 0 0 0 0 0 0 0 0 0 31134
