0 0 0.0228471 0.192891 0.0320148 6.37621 0.00512103 0.00182802 0.00532763 0.219776 -27.2308 0 0 0 0 0 0 0 0 0 0 5384
0 0 0.0646753 0.193065 0.013514 14.3222 0.00486768 0.00182845 0.00229972 0.19864 -35.7966 0 0 0 0 0 0 0 0 0 0 5436
0 0 0.0712589 0.193069 0.0123691 17.9742 0.00497391 0.00182861 0.00206066 0.197425 -37.6227 0 0 0 0 0 0 0 0 0 0 5489
0 0 0.10673 0.193355 0.00845671 28.8988 0.00561524 0.00182902 0.00151352 0.195427 -43.08 0 0 0 0 0 0 0 0 0 0 5540
0 0 0.125393 0.193964 0.00727691 40.0843 0.00682713 0.0018293 0.00125893 0.194692 -46.448 0 0 0 0 0 0 0 0 0 0 5592
0 0 0.12981 0.194128 0.00703596 43.9377 0.0081479 0.0018294 0.00119685 0.194515 -47.4287 0 0 0 0 0 0 0 0 0 0 5643
0 0 0.12981 0.194128 0.00703596 43.9377 0.0081479 0.0018294 0.00119685 0.194515 -47.4287 0 0 0 0 0 0 0 0 0 0 5696
0 0 0.141857 0.193974 0.00644335 44.8552 0.0156027 0.00182957 0.00114878 0.194009 -48.1931 0 0 0 0 0 0 0 0 0 0 5747
0 0 0.141857 0.193974 0.00644335 44.8552 0.0156027 0.00182957 0.00114878 0.194009 -48.1931 0 0 0 0 0 0 0 0 0 0 5799
0 0 0.164323 0.193837 0.00557575 43.7905 0.0210289 0.0018296 0.0011053 0.193771 -49.0029 0 0 0 0 0 0 0 0 0 0 5852
0 0 0.19147 0.194298 0.00480606 44.454 0.0385674 0.00182976 0.00104399 0.193363 -50.1898 0 0 0 0 0 0 0 0 0 0 5904
0 0 0.239271 0.197308 0.00387871 44.8608 0.0528696 0.00183034 0.000968589 0.193273 -51.8408 0 0 0 0 0 0 0 0 0 0 5956
0 0 0.252128 0.199718 0.0036822 44.7835 0.0534895 0.00183153 0.00095378 0.193487 -52.2058 0 0 0 0 0 0 0 0 0 0 6008
0 0 0.252128 0.199718 0.0036822 44.7835 0.0534895 0.00183153 0.00095378 0.193487 -52.2058 0 0 0 0 0 0 0 0 0 0 6059
0 0 0.263864 0.202963 0.00352665 46.0337 0.0545398 0.00183372 0.000951771 0.193763 -52.3775 0 0 0 0 0 0 0 0 0 0 6110
0 0 0.27864 0.210069 0.00334735 47.7915 0.0550899 0.00185356 0.000953038 0.1943 -52.5969 0 0 0 0 0 0 0 0 0 0 6163
0 0 0.276367 0.214598 0.00338865 47.2371 0.0547318 0.00187108 0.000966023 0.194223 -52.2441 0 0 0 0 0 0 0 0 0 0 6215
0 0 0.28081 0.231301 0.00333924 47.4163 0.0542582 0.00192141 0.000942131 0.194772 -52.8074 0 0 0 0 0 0 0 0 0 0 6272
0 0 0.351062 0.305387 0.00297552 48.6496 0.0497614 0.00239767 0.000837737 0.196429 -55.2043 0 0 0 0 0 0 0 0 0 0 6323
0 0 0.351062 0.305387 0.00297552 48.6496 0.0497614 0.00239767 0.000837737 0.196429 -55.2043 0 0 0 0 0 0 0 0 0 0 6374
0 0 0.406077 0.331809 0.00266745 48.7503 0.0443217 0.00318634 0.000749658 0.197779 -56.0101 0 0 0 0 0 0 0 0 0 0 6430
0 0 0.32797 0.335802 0.00193762 48.9996 0.0321753 0.00703839 0.000552042 0.199334 -51.709 0 0 0 0 0 0 0 0 0 0 6480
0 0 0.149365 0.218797 0.000788116 48.5211 0.0126753 0.0694397 0.000237898 0.201137 -36.0027 0 0 0 0 0 0 0 0 0 0 6533
0 0 0.127322 0.176252 0.000764069 46.7442 0.0117085 0.0838919 0.000310818 0.201786 -27.6488 0 0 0 0 0 0 0 0 0 0 6584
0 0 0.0546767 0.118024 0.00151045 27.603 0.0128657 0.0635914 0.00150202 0.204153 0 0 0 0 0 0 0 0 0 0 0 6636
0 0 0.0546767 0.118024 0.00151045 27.603 0.0128657 0.0635914 0.00150202 0.204153 0 0 0 0 0 0 0 0 0 0 0 6688
0 0 0.0181516 0.102117 0.00384229 9.7031 0.0135278 0.0548183 0.00229818 0.208613 0 0 0 0 0 0 0 0 0 0 0 6739
0 0 0.00274926 0.114335 0.0505623 0.532115 0.0195353 0.0163455 0.00795957 0.21092 0 0 0 0 0 0 0 0 0 0 0 6790
0 0 0.00274926 0.114335 0.0505623 0.532115 0.0195353 0.0163455 0.00795957 0.21092 0 0 0 0 0 0 0 0 0 0 0 6843
0 0 0.00128376 0.099425 0.111176 0.497769 0.0148576 0.0151201 0.0105967 0.214139 3.26424 0 0 0 0 0 0 0 0 0 0 6895
0 0 0.00137987 0.139475 0.225372 0.208499 0.0179593 0.00555933 0.0181144 0.214749 0 0 0 0 0 0 0 0 0 0 0 6946
0 0 0.00147109 0.162676 0.316567 0.134476 0.0132745 0.00336178 0.0230977 0.216881 0 0 0 0 0 0 0 0 0 0 0 6997
0 0 0.00170409 0.181315 0.366031 0.116753 0.00944781 0.0023499 0.0265019 0.21611 0 0 0 0 0 0 0 0 0 0 0 7049
0 0 0.00184337 0.19169 0.411087 0.102917 0.00593459 0.00189564 0.027841 0.210423 0 0 0 0 0 0 0 0 0 0 0 7100
0 0 0.00184337 0.19169 0.411087 0.102917 0.00593459 0.00189564 0.027841 0.210423 0 0 0 0 0 0 0 0 0 0 0 7150
0 0 0.00191437 0.192853 0.4136 0.107837 0.00486281 0.00182763 0.0272995 0.204337 0 0 0 0 0 0 0 0 0 0 0 7202
0 0 0.0019323 0.192947 0.412369 0.119005 0.00478796 0.00182233 0.0270786 0.202179 0 0 0 0 0 0 0 0 0 0 0 7251
0 0 0.0019323 0.192947 0.412369 0.119005 0.00478796 0.00182233 0.0270786 0.202179 0 0 0 0 0 0 0 0 0 0 0 7302
0 0 0.00193228 0.193026 0.413537 0.143771 0.00476422 0.00181916 0.027039 0.20084 0 0 0 0 0 0 0 0 0 0 0 7352
0 0 0.00195691 0.193458 0.413246 0.220333 0.00475286 0.00180474 0.0269344 0.198145 0 0 0 0 0 0 0 0 0 0 0 7403
0 0 0.00195691 0.193458 0.413246 0.220333 0.00475286 0.00180474 0.0269344 0.198145 0 0 0 0 0 0 0 0 0 0 0 7454
0 0 0.00196718 0.19402 0.417295 0.17567 0.00472657 0.00178705 0.027457 0.196245 0 0 0 0 0 0 0 0 0 0 0 7507
0 0 0.00199203 0.194683 0.420331 0.18139 0.00473871 0.00176719 0.0276605 0.193994 0 0 0 0 0 0 0 0 0 0 0 7558
0 0 0.00197329 0.194861 0.421689 0.169203 0.00476982 0.00176303 0.028358 0.194921 0 0 0 0 0 0 0 0 0 0 0 7611
0 0 0.00197329 0.194861 0.421689 0.169203 0.00476982 0.00176303 0.028358 0.194921 0 0 0 0 0 0 0 0 0 0 0 7662
0 0 0.0019489 0.194227 0.421737 0.163223 0.00474416 0.00178498 0.0279114 0.197248 0 0 0 0 0 0 0 0 0 0 0 7714
0 0 0.0019162 0.194828 0.424361 0.156396 0.00483215 0.00176757 0.0297158 0.19857 0 0 0 0 0 0 0 0 0 0 0 7766
0 0 0.0019469 0.195505 0.424595 0.174539 0.00486906 0.00174703 0.0300925 0.196379 0 0 0 0 0 0 0 0 0 0 0 7817
0 0 0.00197304 0.196635 0.426321 0.21272 0.0049586 0.00171623 0.0313283 0.194558 0 0 0 0 0 0 0 0 0 0 0 7869
0 0 0.00211505 0.198234 0.419828 0.483481 0.00517084 0.001675 0.0304804 0.189051 0 0 0 0 0 0 0 0 0 0 0 7920
0 0 0.0021839 0.197686 0.406308 0.926967 0.00531285 0.00168827 0.0248882 0.188865 0 0 0 0 0 0 0 0 0 0 0 7971
0 0 0.00250494 0.197125 0.352255 2.44665 0.0056493 0.00171097 0.0128374 0.191541 -4.26893 0 0 0 0 0 0 0 0 0 0 8022
0 0 0.00283804 0.196475 0.311693 3.52762 0.0062865 0.00173697 0.0108832 0.192423 -6.83188 0 0 0 0 0 0 0 0 0 0 8073
0 0 0.00430255 0.195734 0.207147 12.7226 0.00759232 0.00177309 0.006705 0.193728 -16.2665 0 0 0 0 0 0 0 0 0 0 8124
0 0 0.0154814 0.193436 0.0581373 21.4058 0.010498 0.00185861 0.00363697 0.194763 -27.8473 0 0 0 0 0 0 0 0 0 0 8176
0 0 0.0226926 0.186213 0.0365018 18.9437 0.0153036 0.00208055 0.00303247 0.19855 -29.4748 0 0 0 0 0 0 0 0 0 0 8226
0 0 0.0226926 0.186213 0.0365018 18.9437 0.0153036 0.00208055 0.00303247 0.19855 -29.4748 0 0 0 0 0 0 0 0 0 0 8277
0 0 0.0703012 0.176501 0.0110332 13.2572 0.0212665 0.0024799 0.00282139 0.20085 -27.5123 0 0 0 0 0 0 0 0 0 0 8330
0 0 0.0771 0.172957 0.00960587 15.2824 0.0202261 0.00254697 0.00501531 0.200232 -15.3593 0 0 0 0 0 0 0 0 0 0 8381
0 0 0.0874673 0.180865 0.00936061 16.5679 0.0175901 0.0022019 0.00670192 0.194546 -12.2534 0 0 0 0 0 0 0 0 0 0 8433
0 0 0.0387839 0.179442 0.0202931 5.93928 0.0159706 0.00222336 0.00906425 0.195234 -5.80333 0 0 0 0 0 0 0 0 0 0 8485
0 0 0.0104564 0.181328 0.0733208 3.95815 0.0163305 0.00216952 0.0143303 0.196852 0 0 0 0 0 0 0 0 0 0 0 8535
0 0 0.0104564 0.181328 0.0733208 3.95815 0.0163305 0.00216952 0.0143303 0.196852 0 0 0 0 0 0 0 0 0 0 0 8592
0 0 0.00455814 0.182467 0.164528 5.31028 0.0145613 0.00213289 0.0190756 0.196955 0 0 0 0 0 0 0 0 0 0 0 8644
0 0 0.00215154 0.18087 0.329762 5.69806 0.0137113 0.00215729 0.024789 0.198274 0 0 0 0 0 0 0 0 0 0 0 8694
0 0 0.00212007 0.18526 0.352079 4.81562 0.0118343 0.00202118 0.0260903 0.19773 0 0 0 0 0 0 0 0 0 0 0 8746
0 0 0.00196587 0.185728 0.38147 4.292 0.0114074 0.00200709 0.0268977 0.196954 0 0 0 0 0 0 0 0 0 0 0 8798
0 0 0.00180315 0.181313 0.39427 5.34749 0.0129951 0.00212558 0.0266083 0.1972 0 0 0 0 0 0 0 0 0 0 0 8850
0 0 0.00183909 0.183416 0.400261 3.99645 0.0123111 0.00206505 0.0262441 0.197056 0 0 0 0 0 0 0 0 0 0 0 8901
0 0 0.00188107 0.188581 0.41158 2.68535 0.00906342 0.00192821 0.0271906 0.198115 0 0 0 0 0 0 0 0 0 0 0 8954
0 0 0.00192201 0.191533 0.418223 1.55878 0.00687215 0.00184972 0.0276797 0.197477 0 0 0 0 0 0 0 0 0 0 0 9008
0 0 0.00199291 0.193961 0.421494 1.00242 0.00595697 0.00177982 0.0282658 0.193687 0 0 0 0 0 0 0 0 0 0 0 9060
0 0 0.00213529 0.197603 0.424267 0.550181 0.00521959 0.00168124 0.0295008 0.186016 0 0 0 0 0 0 0 0 0 0 0 9112
0 0 0.00223388 0.199713 0.424257 0.385476 0.00512611 0.00162345 0.0306692 0.180848 0 0 0 0 0 0 0 0 0 0 0 9163
0 0 0.00227276 0.200487 0.424177 0.423958 0.00514686 0.00160149 0.0311398 0.178622 0 0 0 0 0 0 0 0 0 0 0 9214
0 0 0.00243441 0.203868 0.42429 0.384105 0.00519547 0.0015114 0.0334693 0.169859 0 0 0 0 0 0 0 0 0 0 0 9267
0 0 0.00264985 0.208133 0.424163 0.431716 0.00536122 0.00140634 0.0367688 0.159546 0 0 0 0 0 0 0 0 0 0 0 9318
0 0 0.00281181 0.211283 0.423987 0.449435 0.0054879 0.0013342 0.0396096 0.152821 0 0 0 0 0 0 0 0 0 0 0 9371
0 0 0.00281726 0.211337 0.423741 0.40678 0.00546688 0.00133239 0.0395909 0.152731 0 0 0 0 0 0 0 0 0 0 0 9422
0 0 0.00295178 0.214228 0.425139 0.467583 0.00560847 0.00127017 0.0426775 0.147302 0 0 0 0 0 0 0 0 0 0 0 9474
0 0 0.00319433 0.218211 0.425244 0.432163 0.0058001 0.00119106 0.0462101 0.139205 0 0 0 0 0 0 0 0 0 0 0 9525
0 0 0.00319433 0.218211 0.425244 0.432163 0.0058001 0.00119106 0.0462101 0.139205 0 0 0 0 0 0 0 0 0 0 0 9577
0 0 0.00319433 0.218211 0.425244 0.432163 0.0058001 0.00119106 0.0462101 0.139205 0 0 0 0 0 0 0 0 0 0 0 9628
0 0 0.00319433 0.218211 0.425244 0.432163 0.0058001 0.00119106 0.0462101 0.139205 0 0 0 0 0 0 0 0 0 0 0 9680
0 0 0.00319433 0.218211 0.425244 0.432163 0.0058001 0.00119106 0.0462101 0.139205 0 0 0 0 0 0 0 0 0 0 0 9731
0 0 0.00319433 0.218211 0.425244 0.432163 0.0058001 0.00119106 0.0462101 0.139205 0 0 0 0 0 0 0 0 0 0 0 9781
0 0 0.00319433 0.218211 0.425244 0.432163 0.0058001 0.00119106 0.0462101 0.139205 0 0 0 0 0 0 0 0 0 0 0 9832
0 0 0.00319433 0.218211 0.425244 0.432163 0.0058001 0.00119106 0.0462101 0.139205 0 0 0 0 0 0 0 0 0 0 0 9883
0 0 0.00319433 0.218211 0.425244 0.432163 0.0058001 0.00119106 0.0462101 0.139205 0 0 0 0 0 0 0 0 0 0 0 9934
0 0 0.00319433 0.218211 0.425244 0.432163 0.0058001 0.00119106 0.0462101 0.139205 0 0 0 0 0 0 0 0 0 0 0 9984
0 0 0.00319433 0.218211 0.425244 0.432163 0.0058001 0.00119106 0.0462101 0.139205 0 0 0 0 0 0 0 0 0 0 0 10036
0 0 0.00319433 0.218211 0.425244 0.432163 0.0058001 0.00119106 0.0462101 0.139205 0 0 0 0 0 0 0 0 0 0 0 10086
0 0 0.00319433 0.218211 0.425244 0.432163 0.0058001 0.00119106 0.0462101 0.139205 0 0 0 0 0 0 0 0 0 0 0 10137
0 0 0.00319433 0.218211 0.425244 0.432163 0.0058001 0.00119106 0.0462101 0.139205 0 0 0 0 0 0 0 0 0 0 0 10188
0 0 0.00319433 0.218211 0.425244 0.432163 0.0058001 0.00119106 0.0462101 0.139205 0 0 0 0 0 0 0 0 0 0 0 10240
0 0 0.00319433 0.218211 0.425244 0.432163 0.0058001 0.00119106 0.0462101 0.139205 0 0 0 0 0 0 0 0 0 0 0 10292
0 0 0.00319433 0.218211 0.425244 0.432163 0.0058001 0.00119106 0.0462101 0.139205 0 0 0 0 0 0 0 0 0 0 0 10344
0 0 0.00319433 0.218211 0.425244 0.432163 0.0058001 0.00119106 0.0462101 0.139205 0 0 0 0 0 0 0 0 0 0 0 10395
0 0 0.00319433 0.218211 0.425244 0.432163 0.0058001 0.00119106 0.0462101 0.139205 0 0 0 0 0 0 0 0 0 0 0 10445
0 0 0.00319433 0.218211 0.425244 0.432163 0.0058001 0.00119106 0.0462101 0.139205 0 0 0 0 0 0 0 0 0 0 0 10498
0 0 0.00319433 0.218211 0.425244 0.432163 0.0058001 0.00119106 0.0462101 0.139205 0 0 0 0 0 0 0 0 0 0 0 10549
0 0 0.00319433 0.218211 0.425244 0.432163 0.0058001 0.00119106 0.0462101 0.139205 0 0 0 0 0 0 0 0 0 0 0 10600
0 0 0.00319433 0.218211 0.425244 0.432163 0.0058001 0.00119106 0.0462101 0.139205 0 0 0 0 0 0 0 0 0 0 0 10650
0 0 0.00319433 0.218211 0.425244 0.432163 0.0058001 0.00119106 0.0462101 0.139205 0 0 0 0 0 0 0 0 0 0 0 10701
0 0 0.00319433 0.218211 0.425244 0.432163 0.0058001 0.00119106 0.0462101 0.139205 0 0 0 0 0 0 0 0 0 0 0 10753
0 0 0.00319433 0.218211 0.425244 0.432163 0.0058001 0.00119106 0.0462101 0.139205 0 0 0 0 0 0 0 0 0 0 0 10804
0 0 0.00319433 0.218211 0.425244 0.432163 0.0058001 0.00119106 0.0462101 0.139205 0 0 0 0 0 0 0 0 0 0 0 10856
0 0 0.00319433 0.218211 0.425244 0.432163 0.0058001 0.00119106 0.0462101 0.139205 0 0 0 0 0 0 0 0 0 0 0 10906
0 0 0.00319433 0.218211 0.425244 0.432163 0.0058001 0.00119106 0.0462101 0.139205 0 0 0 0 0 0 0 0 0 0 0 10958
0 0 0.00319433 0.218211 0.425244 0.432163 0.0058001 0.00119106 0.0462101 0.139205 0 0 0 0 0 0 0 0 0 0 0 11009
0 0 0.00319433 0.218211 0.425244 0.432163 0.0058001 0.00119106 0.0462101 0.139205 0 0 0 0 0 0 0 0 0 0 0 11060
0 0 0.00319433 0.218211 0.425244 0.432163 0.0058001 0.00119106 0.0462101 0.139205 0 0 0 0 0 0 0 0 0 0 0 11113
0 0 0.00319433 0.218211 0.425244 0.432163 0.0058001 0.00119106 0.0462101 0.139205 0 0 0 0 0 0 0 0 0 0 0 11163
0 0 0.00319433 0.218211 0.425244 0.432163 0.0058001 0.00119106 0.0462101 0.139205 0 0 0 0 0 0 0 0 0 0 0 11215
0 0 0.00319433 0.218211 0.425244 0.432163 0.0058001 0.00119106 0.0462101 0.139205 0 0 0 0 0 0 0 0 0 0 0 11265
0 0 0.00319433 0.218211 0.425244 0.432163 0.0058001 0.00119106 0.0462101 0.139205 0 0 0 0 0 0 0 0 0 0 0 11317
0 0 0.00319433 0.218211 0.425244 0.432163 0.0058001 0.00119106 0.0462101 0.139205 0 0 0 0 0 0 0 0 0 0 0 11367
0 0 0.00319433 0.218211 0.425244 0.432163 0.0058001 0.00119106 0.0462101 0.139205 0 0 0 0 0 0 0 0 0 0 0 11418
0 0 0.00319433 0.218211 0.425244 0.432163 0.0058001 0.00119106 0.0462101 0.139205 0 0 0 0 0 0 0 0 0 0 0 11468
0 0 0.00319433 0.218211 0.425244 0.432163 0.0058001 0.00119106 0.0462101 0.139205 0 0 0 0 0 0 0 0 0 0 0 11518
0 0 0.00319433 0.218211 0.425244 0.432163 0.0058001 0.00119106 0.0462101 0.139205 0 0 0 0 0 0 0 0 0 0 0 11569
0 0 0.00319433 0.218211 0.425244 0.432163 0.0058001 0.00119106 0.0462101 0.139205 0 0 0 0 0 0 0 0 0 0 0 11620
0 0 0.00319433 0.218211 0.425244 0.432163 0.0058001 0.00119106 0.0462101 0.139205 0 0 0 0 0 0 0 0 0 0 0 11671
0 0 0.00319433 0.218211 0.425244 0.432163 0.0058001 0.00119106 0.0462101 0.139205 0 0 0 0 0 0 0 0 0 0 0 11722
0 0 0.00319433 0.218211 0.425244 0.432163 0.0058001 0.00119106 0.0462101 0.139205 0 0 0 0 0 0 0 0 0 0 0 11773
0 0 0.00319433 0.218211 0.425244 0.432163 0.0058001 0.00119106 0.0462101 0.139205 0 0 0 0 0 0 0 0 0 0 0 11824
0 0 0.00319433 0.218211 0.425244 0.432163 0.0058001 0.00119106 0.0462101 0.139205 0 0 0 0 0 0 0 0 0 0 0 11874
0 0 0.00319433 0.218211 0.425244 0.432163 0.0058001 0.00119106 0.0462101 0.139205 0 0 0 0 0 0 0 0 0 0 0 11925
0 0 0.00319433 0.218211 0.425244 0.432163 0.0058001 0.00119106 0.0462101 0.139205 0 0 0 0 0 0 0 0 0 0 0 11977
0 0 0.00319433 0.218211 0.425244 0.432163 0.0058001 0.00119106 0.0462101 0.139205 0 0 0 0 0 0 0 0 0 0 0 12028
0 0 0.00319433 0.218211 0.425244 0.432163 0.0058001 0.00119106 0.0462101 0.139205 0 0 0 0 0 0 0 0 0 0 0 12082
0 0 0.00319433 0.218211 0.425244 0.432163 0.0058001 0.00119106 0.0462101 0.139205 0 0 0 0 0 0 0 0 0 0 0 12135
0 0 0.00319433 0.218211 0.425244 0.432163 0.0058001 0.00119106 0.0462101 0.139205 0 0 0 0 0 0 0 0 0 0 0 12186
0 0 0.00319433 0.218211 0.425244 0.432163 0.0058001 0.00119106 0.0462101 0.139205 0 0 0 0 0 0 0 0 0 0 0 12236
0 0 0.00319433 0.218211 0.425244 0.432163 0.0058001 0.00119106 0.0462101 0.139205 0 0 0 0 0 0 0 0 0 0 0 12287
0 0 0.00319433 0.218211 0.425244 0.432163 0.0058001 0.00119106 0.0462101 0.139205 0 0 0 0 0 0 0 0 0 0 0 12340
0 0 0.00319433 0.218211 0.425244 0.432163 0.0058001 0.00119106 0.0462101 0.139205 0 0 0 0 0 0 0 0 0 0 0 12390
0 0 0.00319433 0.218211 0.425244 0.432163 0.0058001 0.00119106 0.0462101 0.139205 0 0 0 0 0 0 0 0 0 0 0 12441
0 0 0.00319433 0.218211 0.425244 0.432163 0.0058001 0.00119106 0.0462101 0.139205 0 0 0 0 0 0 0 0 0 0 0 12492
0 0 0.00319433 0.218211 0.425244 0.432163 0.0058001 0.00119106 0.0462101 0.139205 0 0 0 0 0 0 0 0 0 0 0 12543
0 0 0.00319433 0.218211 0.425244 0.432163 0.0058001 0.00119106 0.0462101 0.139205 0 0 0 0 0 0 0 0 0 0 0 12595
0 0 0.00319433 0.218211 0.425244 0.432163 0.0058001 0.00119106 0.0462101 0.139205 0 0 0 0 0 0 0 0 0 0 0 12647
0 0 0.00319433 0.218211 0.425244 0.432163 0.0058001 0.00119106 0.0462101 0.139205 0 0 0 0 0 0 0 0 0 0 0 12698
0 0 0.00319433 0.218211 0.425244 0.432163 0.0058001 0.00119106 0.0462101 0.139205 0 0 0 0 0 0 0 0 0 0 0 12750
0 0 0.00319433 0.218211 0.425244 0.432163 0.0058001 0.00119106 0.0462101 0.139205 0 0 0 0 0 0 0 0 0 0 0 12800
0 0 0.00319433 0.218211 0.425244 0.432163 0.0058001 0.00119106 0.0462101 0.139205 0 0 0 0 0 0 0 0 0 0 0 12851
0 0 0.00319433 0.218211 0.425244 0.432163 0.0058001 0.00119106 0.0462101 0.139205 0 0 0 0 0 0 0 0 0 0 0 12902
0 0 0.00319433 0.218211 0.425244 0.432163 0.0058001 0.00119106 0.0462101 0.139205 0 0 0 0 0 0 0 0 0 0 0 12953
0 0 0.00319433 0.218211 0.425244 0.432163 0.0058001 0.00119106 0.0462101 0.139205 0 0 0 0 0 0 0 0 0 0 0 13002
0 0 0.00319433 0.218211 0.425244 0.432163 0.0058001 0.00119106 0.0462101 0.139205 0 0 0 0 0 0 0 0 0 0 0 13053
0 0 0.00319433 0.218211 0.425244 0.432163 0.0058001 0.00119106 0.0462101 0.139205 0 0 0 0 0 0 0 0 0 0 0 13106
0 0 0.00319433 0.218211 0.425244 0.432163 0.0058001 0.00119106 0.0462101 0.139205 0 0 0 0 0 0 0 0 0 0 0 13156
0 0 0.00319433 0.218211 0.425244 0.432163 0.0058001 0.00119106 0.0462101 0.139205 0 0 0 0 0 0 0 0 0 0 0 13207
0 0 0.00319433 0.218211 0.425244 0.432163 0.0058001 0.00119106 0.0462101 0.139205 0 0 0 0 0 0 0 0 0 0 0 13259
0 0 0.00319433 0.218211 0.425244 0.432163 0.0058001 0.00119106 0.0462101 0.139205 0 0 0 0 0 0 0 0 0 0 0 13311
0 0 0.00319433 0.218211 0.425244 0.432163 0.0058001 0.00119106 0.0462101 0.139205 0 0 0 0 0 0 0 0 0 0 0 13362
0 0 0.00319433 0.218211 0.425244 0.432163 0.0058001 0.00119106 0.0462101 0.139205 0 0 0 0 0 0 0 0 0 0 0 13413
0 0 0.00319433 0.218211 0.425244 0.432163 0.0058001 0.00119106 0.0462101 0.139205 0 0 0 0 0 0 0 0 0 0 0 13472
0 0 0.00319433 0.218211 0.425244 0.432163 0.0058001 0.00119106 0.0462101 0.139205 0 0 0 0 0 0 0 0 0 0 0 13522
0 0 0.00319433 0.218211 0.425244 0.432163 0.0058001 0.00119106 0.0462101 0.139205 0 0 0 0 0 0 0 0 0 0 0 13573
0 0 0.00319433 0.218211 0.425244 0.432163 0.0058001 0.00119106 0.0462101 0.139205 0 0 0 0 0 0 0 0 0 0 0 13630
0 0 0.00319433 0.218211 0.425244 0.432163 0.0058001 0.00119106 0.0462101 0.139205 0 0 0 0 0 0 0 0 0 0 0 13682
0 0 0.00319433 0.218211 0.425244 0.432163 0.0058001 0.00119106 0.0462101 0.139205 0 0 0 0 0 0 0 0 0 0 0 13731
0 0 0.00319433 0.218211 0.425244 0.432163 0.0058001 0.00119106 0.0462101 0.139205 0 0 0 0 0 0 0 0 0 0 0 13781
0 0 0.00319433 0.218211 0.425244 0.432163 0.0058001 0.00119106 0.0462101 0.139205 0 0 0 0 0 0 0 0 0 0 0 13833
0 0 0.00319433 0.218211 0.425244 0.432163 0.0058001 0.00119106 0.0462101 0.139205 0 0 0 0 0 0 0 0 0 0 0 13884
0 0 0.00319433 0.218211 0.425244 0.432163 0.0058001 0.00119106 0.0462101 0.139205 0 0 0 0 0 0 0 0 0 0 0 13935
0 0 0.00319433 0.218211 0.425244 0.432163 0.0058001 0.00119106 0.0462101 0.139205 0 0 0 0 0 0 0 0 0 0 0 13988
0 0 0.00319433 0.218211 0.425244 0.432163 0.0058001 0.00119106 0.0462101 0.139205 0 0 0 0 0 0 0 0 0 0 0 14038
0 0 0.00319433 0.218211 0.425244 0.432163 0.0058001 0.00119106 0.0462101 0.139205 0 0 0 0 0 0 0 0 0 0 0 14089
0 0 0.00319433 0.218211 0.425244 0.432163 0.0058001 0.00119106 0.0462101 0.139205 0 0 0 0 0 0 0 0 0 0 0 14140
0 0 0.00319433 0.218211 0.425244 0.432163 0.0058001 0.00119106 0.0462101 0.139205 0 0 0 0 0 0 0 0 0 0 0 14192
0 0 0.00319433 0.218211 0.425244 0.432163 0.0058001 0.00119106 0.0462101 0.139205 0 0 0 0 0 0 0 0 0 0 0 14242
0 0 0.00319433 0.218211 0.425244 0.432163 0.0058001 0.00119106 0.0462101 0.139205 0 0 0 0 0 0 0 0 0 0 0 14294
0 0 0.00319433 0.218211 0.425244 0.432163 0.0058001 0.00119106 0.0462101 0.139205 0 0 0 0 0 0 0 0 0 0 0 14343
0 0 0.00319433 0.218211 0.425244 0.432163 0.0058001 0.00119106 0.0462101 0.139205 0 0 0 0 0 0 0 0 0 0 0 14394
0 0 0.00319433 0.218211 0.425244 0.432163 0.0058001 0.00119106 0.0462101 0.139205 0 0 0 0 0 0 0 0 0 0 0 14445
0 0 0.00319433 0.218211 0.425244 0.432163 0.0058001 0.00119106 0.0462101 0.139205 0 0 0 0 0 0 0 0 0 0 0 14496
0 0 0.00319433 0.218211 0.425244 0.432163 0.0058001 0.00119106 0.0462101 0.139205 0 0 0 0 0 0 0 0 0 0 0 14548
0 0 0.00319433 0.218211 0.425244 0.432163 0.0058001 0.00119106 0.0462101 0.139205 0 0 0 0 0 0 0 0 0 0 0 14600
0 0 0.00319433 0.218211 0.425244 0.432163 0.0058001 0.00119106 0.0462101 0.139205 0 0 0 0 0 0 0 0 0 0 0 14651
0 0 0.00319433 0.218211 0.425244 0.432163 0.0058001 0.00119106 0.0462101 0.139205 0 0 0 0 0 0 0 0 0 0 0 14702
0 0 0.00319433 0.218211 0.425244 0.432163 0.0058001 0.00119106 0.0462101 0.139205 0 0 0 0 0 0 0 0 0 0 0 14752
0 0 0.00319433 0.218211 0.425244 0.432163 0.0058001 0.00119106 0.0462101 0.139205 0 0 0 0 0 0 0 0 0 0 0 14803
0 0 0.00319433 0.218211 0.425244 0.432163 0.0058001 0.00119106 0.0462101 0.139205 0 0 0 0 0 0 0 0 0 0 0 14855
0 0 0.00319433 0.218211 0.425244 0.432163 0.0058001 0.00119106 0.0462101 0.139205 0 0 0 0 0 0 0 0 0 0 0 14907
0 0 0.00319433 0.218211 0.425244 0.432163 0.0058001 0.00119106 0.0462101 0.139205 0 0 0 0 0 0 0 0 0 0 0 14958
0 0 0.00319433 0.218211 0.425244 0.432163 0.0058001 0.00119106 0.0462101 0.139205 0 0 0 0 0 0 0 0 0 0 0 15009
0 0 0.00319433 0.218211 0.425244 0.432163 0.0058001 0.00119106 0.0462101 0.139205 0 0 0 0 0 0 0 0 0 0 0 15062
0 0 0.00319433 0.218211 0.425244 0.432163 0.0058001 0.00119106 0.0462101 0.139205 0 0 0 0 0 0 0 0 0 0 0 15112
0 0 0.00319433 0.218211 0.425244 0.432163 0.0058001 0.00119106 0.0462101 0.139205 0 0 0 0 0 0 0 0 0 0 0 15162
0 0 0.00319433 0.218211 0.425244 0.432163 0.0058001 0.00119106 0.0462101 0.139205 0 0 0 0 0 0 0 0 0 0 0 15213
0 0 0.00319433 0.218211 0.425244 0.432163 0.0058001 0.00119106 0.0462101 0.139205 0 0 0 0 0 0 0 0 0 0 0 15264
0 0 0.00319433 0.218211 0.425244 0.432163 0.0058001 0.00119106 0.0462101 0.139205 0 0 0 0 0 0 0 0 0 0 0 15314
0 0 0.00319433 0.218211 0.425244 0.432163 0.0058001 0.00119106 0.0462101 0.139205 0 0 0 0 0 0 0 0 0 0 0 15366
0 0 0.00319433 0.218211 0.425244 0.432163 0.0058001 0.00119106 0.0462101 0.139205 0 0 0 0 0 0 0 0 0 0 0 15416
0 0 0.00319433 0.218211 0.425244 0.432163 0.0058001 0.00119106 0.0462101 0.139205 0 0 0 0 0 0 0 0 0 0 0 15470
0 0 0.00319433 0.218211 0.425244 0.432163 0.0058001 0.00119106 0.0462101 0.139205 0 0 0 0 0 0 0 0 0 0 0 15523
0 0 0.00319433 0.218211 0.425244 0.432163 0.0058001 0.00119106 0.0462101 0.139205 0 0 0 0 0 0 0 0 0 0 0 15573
0 0 0.00319433 0.218211 0.425244 0.432163 0.0058001 0.00119106 0.0462101 0.139205 0 0 0 0 0 0 0 0 0 0 0 15624
0 0 0.00319433 0.218211 0.425244 0.432163 0.0058001 0.00119106 0.0462101 0.139205 0 0 0 0 0 0 0 0 0 0 0 15676
0 0 0.00319433 0.218211 0.425244 0.432163 0.0058001 0.00119106 0.0462101 0.139205 0 0 0 0 0 0 0 0 0 0 0 15726
0 0 0.00319433 0.218211 0.425244 0.432163 0.0058001 0.00119106 0.0462101 0.139205 0 0 0 0 0 0 0 0 0 0 0 15779
0 0 0.00319433 0.218211 0.425244 0.432163 0.0058001 0.00119106 0.0462101 0.139205 0 0 0 0 0 0 0 0 0 0 0 15829
0 0 0.00319433 0.218211 0.425244 0.432163 0.0058001 0.00119106 0.0462101 0.139205 0 0 0 0 0 0 0 0 0 0 0 15880
0 0 0.00319433 0.218211 0.425244 0.432163 0.0058001 0.00119106 0.0462101 0.139205 0 0 0 0 0 0 0 0 0 0 0 15932
0 0 0.00319433 0.218211 0.425244 0.432163 0.0058001 0.00119106 0.0462101 0.139205 0 0 0 0 0 0 0 0 0 0 0 15985
0 0 0.00319433 0.218211 0.425244 0.432163 0.0058001 0.00119106 0.0462101 0.139205 0 0 0 0 0 0 0 0 0 0 0 16036
0 0 0.00319433 0.218211 0.425244 0.432163 0.0058001 0.00119106 0.0462101 0.139205 0 0 0 0 0 0 0 0 0 0 0 16088
0 0 0.00319433 0.218211 0.425244 0.432163 0.0058001 0.00119106 0.0462101 0.139205 0 0 0 0 0 0 0 0 0 0 0 16138
0 0 0.00319433 0.218211 0.425244 0.432163 0.0058001 0.00119106 0.0462101 0.139205 0 0 0 0 0 0 0 0 0 0 0 16190
0 0 0.00319433 0.218211 0.425244 0.432163 0.0058001 0.00119106 0.0462101 0.139205 0 0 0 0 0 0 0 0 0 0 0 16241
0 0 0.00319433 0.218211 0.425244 0.432163 0.0058001 0.00119106 0.0462101 0.139205 0 0 0 0 0 0 0 0 0 0 0 16291
0 0 0.00319433 0.218211 0.425244 0.432163 0.0058001 0.00119106 0.0462101 0.139205 0 0 0 0 0 0 0 0 0 0 0 16342
0 0 0.00319433 0.218211 0.425244 0.432163 0.0058001 0.00119106 0.0462101 0.139205 0 0 0 0 0 0 0 0 0 0 0 16392
0 0 0.00319433 0.218211 0.425244 0.432163 0.0058001 0.00119106 0.0462101 0.139205 0 0 0 0 0 0 0 0 0 0 0 16443
0 0 0.00319433 0.218211 0.425244 0.432163 0.0058001 0.00119106 0.0462101 0.139205 0 0 0 0 0 0 0 0 0 0 0 16495
0 0 0.00319433 0.218211 0.425244 0.432163 0.0058001 0.00119106 0.0462101 0.139205 0 0 0 0 0 0 0 0 0 0 0 16547
0 0 0.00319433 0.218211 0.425244 0.432163 0.0058001 0.00119106 0.0462101 0.139205 0 0 0 0 0 0 0 0 0 0 0 16596
0 0 0.00319433 0.218211 0.425244 0.432163 0.0058001 0.00119106 0.0462101 0.139205 0 0 0 0 0 0 0 0 0 0 0 16648
0 0 0.00319433 0.218211 0.425244 0.432163 0.0058001 0.00119106 0.0462101 0.139205 0 0 0 0 0 0 0 0 0 0 0 16699
0 0 0.00319433 0.218211 0.425244 0.432163 0.0058001 0.00119106 0.0462101 0.139205 0 0 0 0 0 0 0 0 0 0 0 16750
0 0 0.00319433 0.218211 0.425244 0.432163 0.0058001 0.00119106 0.0462101 0.139205 0 0 0 0 0 0 0 0 0 0 0 16800
0 0 0.00319433 0.218211 0.425244 0.432163 0.0058001 0.00119106 0.0462101 0.139205 0 0 0 0 0 0 0 0 0 0 0 16850
0 0 0.00319433 0.218211 0.425244 0.432163 0.0058001 0.00119106 0.0462101 0.139205 0 0 0 0 0 0 0 0 0 0 0 16901
0 0 0.00319433 0.218211 0.425244 0.432163 0.0058001 0.00119106 0.0462101 0.139205 0 0 0 0 0 0 0 0 0 0 0 16951
0 0 0.00319433 0.218211 0.425244 0.432163 0.0058001 0.00119106 0.0462101 0.139205 0 0 0 0 0 0 0 0 0 0 0 17002
0 0 0.00319433 0.218211 0.425244 0.432163 0.0058001 0.00119106 0.0462101 0.139205 0 0 0 0 0 0 0 0 0 0 0 17053
0 0 0.00319433 0.218211 0.425244 0.432163 0.0058001 0.00119106 0.0462101 0.139205 0 0 0 0 0 0 0 0 0 0 0 17104
0 0 0.00319433 0.218211 0.425244 0.432163 0.0058001 0.00119106 0.0462101 0.139205 0 0 0 0 0 0 0 0 0 0 0 17155
0 0 0.00319433 0.218211 0.425244 0.432163 0.0058001 0.00119106 0.0462101 0.139205 0 0 0 0 0 0 0 0 0 0 0 17206
0 0 0.00319433 0.218211 0.425244 0.432163 0.0058001 0.00119106 0.0462101 0.139205 0 0 0 0 0 0 0 0 0 0 0 17257
0 0 0.00319433 0.218211 0.425244 0.432163 0.0058001 0.00119106 0.0462101 0.139205 0 0 0 0 0 0 0 0 0 0 0 17309
0 0 0.00319433 0.218211 0.425244 0.432163 0.0058001 0.00119106 0.0462101 0.139205 0 0 0 0 0 0 0 0 0 0 0 17360
0 0 0.00319433 0.218211 0.425244 0.432163 0.0058001 0.00119106 0.0462101 0.139205 0 0 0 0 0 0 0 0 0 0 0 17410
0 0 0.00319433 0.218211 0.425244 0.432163 0.0058001 0.00119106 0.0462101 0.139205 0 0 0 0 0 0 0 0 0 0 0 17460
0 0 0.00319433 0.218211 0.425244 0.432163 0.0058001 0.00119106 0.0462101 0.139205 0 0 0 0 0 0 0 0 0 0 0 17510
0 0 0.00319433 0.218211 0.425244 0.432163 0.0058001 0.00119106 0.0462101 0.139205 0 0 0 0 0 0 0 0 0 0 0 17561
0 0 0.00319433 0.218211 0.425244 0.432163 0.0058001 0.00119106 0.0462101 0.139205 0 0 0 0 0 0 0 0 0 0 0 17612
0 0 0.00319433 0.218211 0.425244 0.432163 0.0058001 0.00119106 0.0462101 0.139205 0 0 0 0 0 0 0 0 0 0 0 17675
0 0 0.00319433 0.218211 0.425244 0.432163 0.0058001 0.00119106 0.0462101 0.139205 0 0 0 0 0 0 0 0 0 0 0 17725
0 0 0.00319433 0.218211 0.425244 0.432163 0.0058001 0.00119106 0.0462101 0.139205 0 0 0 0 0 0 0 0 0 0 0 17776
0 0 0.00319433 0.218211 0.425244 0.432163 0.0058001 0.00119106 0.0462101 0.139205 0 0 0 0 0 0 0 0 0 0 0 17827
0 0 0.00319433 0.218211 0.425244 0.432163 0.0058001 0.00119106 0.0462101 0.139205 0 0 0 0 0 0 0 0 0 0 0 17878
0 0 0.00319433 0.218211 0.425244 0.432163 0.0058001 0.00119106 0.0462101 0.139205 0 0 0 0 0 0 0 0 0 0 0 17929
0 0 0.00319433 0.218211 0.425244 0.432163 0.0058001 0.00119106 0.0462101 0.139205 0 0 0 0 0 0 0 0 0 0 0 17982
0 0 0.00319433 0.218211 0.425244 0.432163 0.0058001 0.00119106 0.0462101 0.139205 0 0 0 0 0 0 0 0 0 0 0 18032
0 0 0.00319433 0.218211 0.425244 0.432163 0.0058001 0.00119106 0.0462101 0.139205 0 0 0 0 0 0 0 0 0 0 0 18083
0 0 0.00319433 0.218211 0.425244 0.432163 0.0058001 0.00119106 0.0462101 0.139205 0 0 0 0 0 0 0 0 0 0 0 18134
0 0 0.00319433 0.218211 0.425244 0.432163 0.0058001 0.00119106 0.0462101 0.139205 0 0 0 0 0 0 0 0 0 0 0 18184
0 0 0.00319433 0.218211 0.425244 0.432163 0.0058001 0.00119106 0.0462101 0.139205 0 0 0 0 0 0 0 0 0 0 0 18234
0 0 0.00319433 0.218211 0.425244 0.432163 0.0058001 0.00119106 0.0462101 0.139205 0 0 0 0 0 0 0 0 0 0 0 18285
0 0 0.00319433 0.218211 0.425244 0.432163 0.0058001 0.00119106 0.0462101 0.139205 0 0 0 0 0 0 0 0 0 0 0 18335
0 0 0.00319433 0.218211 0.425244 0.432163 0.0058001 0.00119106 0.0462101 0.139205 0 0 0 0 0 0 0 0 0 0 0 18386
0 0 0.00319433 0.218211 0.425244 0.432163 0.0058001 0.00119106 0.0462101 0.139205 0 0 0 0 0 0 0 0 0 0 0 18438
0 0 0.00319433 0.218211 0.425244 0.432163 0.0058001 0.00119106 0.0462101 0.139205 0 0 0 0 0 0 0 0 0 0 0 18488
0 0 0.00319433 0.218211 0.425244 0.432163 0.0058001 0.00119106 0.0462101 0.139205 0 0 0 0 0 0 0 0 0 0 0 18539
0 0 0.00319433 0.218211 0.425244 0.432163 0.0058001 0.00119106 0.0462101 0.139205 0 0 0 0 0 0 0 0 0 0 0 18590
0 0 0.00319433 0.218211 0.425244 0.432163 0.0058001 0.00119106 0.0462101 0.139205 0 0 0 0 0 0 0 0 0 0 0 18640
0 0 0.00319433 0.218211 0.425244 0.432163 0.0058001 0.00119106 0.0462101 0.139205 0 0 0 0 0 0 0 0 0 0 0 18691
0 0 0.00319433 0.218211 0.425244 0.432163 0.0058001 0.00119106 0.0462101 0.139205 0 0 0 0 0 0 0 0 0 0 0 18741
0 0 0.00319433 0.218211 0.425244 0.432163 0.0058001 0.00119106 0.0462101 0.139205 0 0 0 0 0 0 0 0 0 0 0 18792
0 0 0.00319433 0.218211 0.425244 0.432163 0.0058001 0.00119106 0.0462101 0.139205 0 0 0 0 0 0 0 0 0 0 0 18843
0 0 0.00319433 0.218211 0.425244 0.432163 0.0058001 0.00119106 0.0462101 0.139205 0 0 0 0 0 0 0 0 0 0 0 18893
0 0 0.00319433 0.218211 0.425244 0.432163 0.0058001 0.00119106 0.0462101 0.139205 0 0 0 0 0 0 0 0 0 0 0 18944
0 0 0.00319433 0.218211 0.425244 0.432163 0.0058001 0.00119106 0.0462101 0.139205 0 0 0 0 0 0 0 0 0 0 0 18995
0 0 0.00319433 0.218211 0.425244 0.432163 0.0058001 0.00119106 0.0462101 0.139205 0 0 0 0 0 0 0 0 0 0 0 19046
0 0 0.00319433 0.218211 0.425244 0.432163 0.0058001 0.00119106 0.0462101 0.139205 0 0 0 0 0 0 0 0 0 0 0 19096
0 0 0.00319433 0.218211 0.425244 0.432163 0.0058001 0.00119106 0.0462101 0.139205 0 0 0 0 0 0 0 0 0 0 0 19146
0 0 0.00319433 0.218211 0.425244 0.432163 0.0058001 0.00119106 0.0462101 0.139205 0 0 0 0 0 0 0 0 0 0 0 19196
0 0 0.00319433 0.218211 0.425244 0.432163 0.0058001 0.00119106 0.0462101 0.139205 0 0 0 0 0 0 0 0 0 0 0 19247
0 0 0.00319433 0.218211 0.425244 0.432163 0.0058001 0.00119106 0.0462101 0.139205 0 0 0 0 0 0 0 0 0 0 0 19297
0 0 0.00319433 0.218211 0.425244 0.432163 0.0058001 0.00119106 0.0462101 0.139205 0 0 0 0 0 0 0 0 0 0 0 19347
0 0 0.00319433 0.218211 0.425244 0.432163 0.0058001 0.00119106 0.0462101 0.139205 0 0 0 0 0 0 0 0 0 0 0 19399
0 0 0.00319433 0.218211 0.425244 0.432163 0.0058001 0.00119106 0.0462101 0.139205 0 0 0 0 0 0 0 0 0 0 0 19448
0 0 0.00319433 0.218211 0.425244 0.432163 0.0058001 0.00119106 0.0462101 0.139205 0 0 0 0 0 0 0 0 0 0 0 19498
0 0 0.00319433 0.218211 0.425244 0.432163 0.0058001 0.00119106 0.0462101 0.139205 0 0 0 0 0 0 0 0 0 0 0 19550
0 0 0.00319433 0.218211 0.425244 0.432163 0.0058001 0.00119106 0.0462101 0.139205 0 0 0 0 0 0 0 0 0 0 0 19602
0 0 0.00319433 0.218211 0.425244 0.432163 0.0058001 0.00119106 0.0462101 0.139205 0 0 0 0 0 0 0 0 0 0 0 19652
0 0 0.00319433 0.218211 0.425244 0.432163 0.0058001 0.00119106 0.0462101 0.139205 0 0 0 0 0 0 0 0 0 0 0 19703
0 0 0.00319433 0.218211 0.425244 0.432163 0.0058001 0.00119106 0.0462101 0.139205 0 0 0 0 0 0 0 0 0 0 0 19753
0 0 0.00319433 0.218211 0.425244 0.432163 0.0058001 0.00119106 0.0462101 0.139205 0 0 0 0 0 0 0 0 0 0 0 19803
0 0 0.00319433 0.218211 0.425244 0.432163 0.0058001 0.00119106 0.0462101 0.139205 0 0 0 0 0 0 0 0 0 0 0 19854
0 0 0.00319433 0.218211 0.425244 0.432163 0.0058001 0.00119106 0.0462101 0.139205 0 0 0 0 0 0 0 0 0 0 0 19909
0 0 0.00319433 0.218211 0.425244 0.432163 0.0058001 0.00119106 0.0462101 0.139205 0 0 0 0 0 0 0 0 0 0 0 19959
0 0 0.00319433 0.218211 0.425244 0.432163 0.0058001 0.00119106 0.0462101 0.139205 0 0 0 0 0 0 0 0 0 0 0 20009
0 0 0.00319433 0.218211 0.425244 0.432163 0.0058001 0.00119106 0.0462101 0.139205 0 0 0 0 0 0 0 0 0 0 0 20060
0 0 0.00319433 0.218211 0.425244 0.432163 0.0058001 0.00119106 0.0462101 0.139205 0 0 0 0 0 0 0 0 0 0 0 20110
0 0 0.00319433 0.218211 0.425244 0.432163 0.0058001 0.00119106 0.0462101 0.139205 0 0 0 0 0 0 0 0 0 0 0 20160
0 0 0.00319433 0.218211 0.425244 0.432163 0.0058001 0.00119106 0.0462101 0.139205 0 0 0 0 0 0 0 0 0 0 0 20211
0 0 0.00319433 0.218211 0.425244 0.432163 0.0058001 0.00119106 0.0462101 0.139205 0 0 0 0 0 0 0 0 0 0 0 20262
0 0 0.00319433 0.218211 0.425244 0.432163 0.0058001 0.00119106 0.0462101 0.139205 0 0 0 0 0 0 0 0 0 0 0 20312
0 0 0.00319433 0.218211 0.425244 0.432163 0.0058001 0.00119106 0.0462101 0.139205 0 0 0 0 0 0 0 0 0 0 0 20364
0 0 0.00319433 0.218211 0.425244 0.432163 0.0058001 0.00119106 0.0462101 0.139205 0 0 0 0 0 0 0 0 0 0 0 20414
0 0 0.00319433 0.218211 0.425244 0.432163 0.0058001 0.00119106 0.0462101 0.139205 0 0 0 0 0 0 0 0 0 0 0 20465
0 0 0.00319433 0.218211 0.425244 0.432163 0.0058001 0.00119106 0.0462101 0.139205 0 0 0 0 0 0 0 0 0 0 0 20516
0 0 0.00319433 0.218211 0.425244 0.432163 0.0058001 0.00119106 0.0462101 0.139205 0 0 0 0 0 0 0 0 0 0 0 20567
0 0 0.00319433 0.218211 0.425244 0.432163 0.0058001 0.00119106 0.0462101 0.139205 0 0 0 0 0 0 0 0 0 0 0 20617
0 0 0.00319433 0.218211 0.425244 0.432163 0.0058001 0.00119106 0.0462101 0.139205 0 0 0 0 0 0 0 0 0 0 0 20668
0 0 0.00319433 0.218211 0.425244 0.432163 0.0058001 0.00119106 0.0462101 0.139205 0 0 0 0 0 0 0 0 0 0 0 20719
0 0 0.00319433 0.218211 0.425244 0.432163 0.0058001 0.00119106 0.0462101 0.139205 0 0 0 0 0 0 0 0 0 0 0 20770
0 0 0.00319433 0.218211 0.425244 0.432163 0.0058001 0.00119106 0.0462101 0.139205 0 0 0 0 0 0 0 0 0 0 0 20820
0 0 0.00319433 0.218211 0.425244 0.432163 0.0058001 0.00119106 0.0462101 0.139205 0 0 0 0 0 0 0 0 0 0 0 20871
0 0 0.00319433 0.218211 0.425244 0.432163 0.0058001 0.00119106 0.0462101 0.139205 0 0 0 0 0 0 0 0 0 0 0 20921
0 0 0.00319433 0.218211 0.425244 0.432163 0.0058001 0.00119106 0.0462101 0.139205 0 0 0 0 0 0 0 0 0 0 0 20971
0 0 0.00319433 0.218211 0.425244 0.432163 0.0058001 0.00119106 0.0462101 0.139205 0 0 0 0 0 0 0 0 0 0 0 21021
0 0 0.00319433 0.218211 0.425244 0.432163 0.0058001 0.00119106 0.0462101 0.139205 0 0 0 0 0 0 0 0 0 0 0 21071
0 0 0.00319433 0.218211 0.425244 0.432163 0.0058001 0.00119106 0.0462101 0.139205 0 0 0 0 0 0 0 0 0 0 0 21123
0 0 0.00319433 0.218211 0.425244 0.432163 0.0058001 0.00119106 0.0462101 0.139205 0 0 0 0 0 0 0 0 0 0 0 21174
0 0 0.00319433 0.218211 0.425244 0.432163 0.0058001 0.00119106 0.0462101 0.139205 0 0 0 0 0 0 0 0 0 0 0 21225
0 0 0.00319433 0.218211 0.425244 0.432163 0.0058001 0.00119106 0.0462101 0.139205 0 0 0 0 0 0 0 0 0 0 0 21277
0 0 0.00319433 0.218211 0.425244 0.432163 0.0058001 0.00119106 0.0462101 0.139205 0 0 0 0 0 0 0 0 0 0 0 21327
0 0 0.00319433 0.218211 0.425244 0.432163 0.0058001 0.00119106 0.0462101 0.139205 0 0 0 0 0 0 0 0 0 0 0 21378
0 0 0.00319433 0.218211 0.425244 0.432163 0.0058001 0.00119106 0.0462101 0.139205 0 0 0 0 0 0 0 0 0 0 0 21429
0 0 0.00319433 0.218211 0.425244 0.432163 0.0058001 0.00119106 0.0462101 0.139205 0 0 0 0 0 0 0 0 0 0 0 21479
0 0 0.00319433 0.218211 0.425244 0.432163 0.0058001 0.00119106 0.0462101 0.139205 0 0 0 0 0 0 0 0 0 0 0 21530
0 0 0.00319433 0.218211 0.425244 0.432163 0.0058001 0.00119106 0.0462101 0.139205 0 0 0 0 0 0 0 0 0 0 0 21581
0 0 0.00319433 0.218211 0.425244 0.432163 0.0058001 0.00119106 0.0462101 0.139205 0 0 0 0 0 0 0 0 0 0 0 21631
0 0 0.00319433 0.218211 0.425244 0.432163 0.0058001 0.00119106 0.0462101 0.139205 0 0 0 0 0 0 0 0 0 0 0 21681
0 0 0.00319433 0.218211 0.425244 0.432163 0.0058001 0.00119106 0.0462101 0.139205 0 0 0 0 0 0 0 0 0 0 0 21731
0 0 0.00319433 0.218211 0.425244 0.432163 0.0058001 0.00119106 0.0462101 0.139205 0 0 0 0 0 0 0 0 0 0 0 21782
0 0 0.00319433 0.218211 0.425244 0.432163 0.0058001 0.00119106 0.0462101 0.139205 0 0 0 0 0 0 0 0 0 0 0 21832
0 0 0.00319433 0.218211 0.425244 0.432163 0.0058001 0.00119106 0.0462101 0.139205 0 0 0 0 0 0 0 0 0 0 0 21883
0 0 0.00319433 0.218211 0.425244 0.432163 0.0058001 0.00119106 0.0462101 0.139205 0 0 0 0 0 0 0 0 0 0 0 21934
0 0 0.00319433 0.218211 0.425244 0.432163 0.0058001 0.00119106 0.0462101 0.139205 0 0 0 0 0 0 0 0 0 0 0 21985
0 0 0.00319433 0.218211 0.425244 0.432163 0.0058001 0.00119106 0.0462101 0.139205 0 0 0 0 0 0 0 0 0 0 0 22036
0 0 0.00319433 0.218211 0.425244 0.432163 0.0058001 0.00119106 0.0462101 0.139205 0 0 0 0 0 0 0 0 0 0 0 22087
0 0 0.00319433 0.218211 0.425244 0.432163 0.0058001 0.00119106 0.0462101 0.139205 0 0 0 0 0 0 0 0 0 0 0 22138
0 0 0.00319433 0.218211 0.425244 0.432163 0.0058001 0.00119106 0.0462101 0.139205 0 0 0 0 0 0 0 0 0 0 0 22190
0 0 0.00319433 0.218211 0.425244 0.432163 0.0058001 0.00119106 0.0462101 0.139205 0 0 0 0 0 0 0 0 0 0 0 22242
0 0 0.00319433 0.218211 0.425244 0.432163 0.0058001 0.00119106 0.0462101 0.139205 0 0 0 0 0 0 0 0 0 0 0 22293
0 0 0.00319433 0.218211 0.425244 0.432163 0.0058001 0.00119106 0.0462101 0.139205 0 0 0 0 0 0 0 0 0 0 0 22344
0 0 0.00319433 0.218211 0.425244 0.432163 0.0058001 0.00119106 0.0462101 0.139205 0 0 0 0 0 0 0 0 0 0 0 22396
0 0 0.00319433 0.218211 0.425244 0.432163 0.0058001 0.00119106 0.0462101 0.139205 0 0 0 0 0 0 0 0 0 0 0 22446
0 0 0.00319433 0.218211 0.425244 0.432163 0.0058001 0.00119106 0.0462101 0.139205 0 0 0 0 0 0 0 0 0 0 0 22498
0 0 0.00319433 0.218211 0.425244 0.432163 0.0058001 0.00119106 0.0462101 0.139205 0 0 0 0 0 0 0 0 0 0 0 22551
0 0 0.00319433 0.218211 0.425244 0.432163 0.0058001 0.00119106 0.0462101 0.139205 0 0 0 0 0 0 0 0 0 0 0 22601
0 0 0.00319433 0.218211 0.425244 0.432163 0.0058001 0.00119106 0.0462101 0.139205 0 0 0 0 0 0 0 0 0 0 0 22651
0 0 0.00319433 0.218211 0.425244 0.432163 0.0058001 0.00119106 0.0462101 0.139205 0 0 0 0 0 0 0 0 0 0 0 22703
0 0 0.00319433 0.218211 0.425244 0.432163 0.0058001 0.00119106 0.0462101 0.139205 0 0 0 0 0 0 0 0 0 0 0 22754
0 0 0.00319433 0.218211 0.425244 0.432163 0.0058001 0.00119106 0.0462101 0.139205 0 0 0 0 0 0 0 0 0 0 0 22805
0 0 0.00319433 0.218211 0.425244 0.432163 0.0058001 0.00119106 0.0462101 0.139205 0 0 0 0 0 0 0 0 0 0 0 22855
0 0 0.00319433 0.218211 0.425244 0.432163 0.0058001 0.00119106 0.0462101 0.139205 0 0 0 0 0 0 0 0 0 0 0 22905
0 0 0.00319433 0.218211 0.425244 0.432163 0.0058001 0.00119106 0.0462101 0.139205 0 0 0 0 0 0 0 0 0 0 0 22957
0 0 0.00319433 0.218211 0.425244 0.432163 0.0058001 0.00119106 0.0462101 0.139205 0 0 0 0 0 0 0 0 0 0 0 23007
0 0 0.00319433 0.218211 0.425244 0.432163 0.0058001 0.00119106 0.0462101 0.139205 0 0 0 0 0 0 0 0 0 0 0 23059
0 0 0.00319433 0.218211 0.425244 0.432163 0.0058001 0.00119106 0.0462101 0.139205 0 0 0 0 0 0 0 0 0 0 0 23109
0 0 0.00319433 0.218211 0.425244 0.432163 0.0058001 0.00119106 0.0462101 0.139205 0 0 0 0 0 0 0 0 0 0 0 23160
0 0 0.00319433 0.218211 0.425244 0.432163 0.0058001 0.00119106 0.0462101 0.139205 0 0 0 0 0 0 0 0 0 0 0 23210
0 0 0.00319433 0.218211 0.425244 0.432163 0.0058001 0.00119106 0.0462101 0.139205 0 0 0 0 0 0 0 0 0 0 0 23261
0 0 0.00319433 0.218211 0.425244 0.432163 0.0058001 0.00119106 0.0462101 0.139205 0 0 0 0 0 0 0 0 0 0 0 23311
0 0 0.00319433 0.218211 0.425244 0.432163 0.0058001 0.00119106 0.0462101 0.139205 0 0 0 0 0 0 0 0 0 0 0 23362
0 0 0.00319433 0.218211 0.425244 0.432163 0.0058001 0.00119106 0.0462101 0.139205 0 0 0 0 0 0 0 0 0 0 0 23412
0 0 0.00319433 0.218211 0.425244 0.432163 0.0058001 0.00119106 0.0462101 0.139205 0 0 0 0 0 0 0 0 0 0 0 23462
0 0 0.00319433 0.218211 0.425244 0.432163 0.0058001 0.00119106 0.0462101 0.139205 0 0 0 0 0 0 0 0 0 0 0 23515
0 0 0.00319433 0.218211 0.425244 0.432163 0.0058001 0.00119106 0.0462101 0.139205 0 0 0 0 0 0 0 0 0 0 0 23566
0 0 0.00319433 0.218211 0.425244 0.432163 0.0058001 0.00119106 0.0462101 0.139205 0 0 0 0 0 0 0 0 0 0 0 23616
0 0 0.00319433 0.218211 0.425244 0.432163 0.0058001 0.00119106 0.0462101 0.139205 0 0 0 0 0 0 0 0 0 0 0 23666
0 0 0.00319433 0.218211 0.425244 0.432163 0.0058001 0.00119106 0.0462101 0.139205 0 0 0 0 0 0 0 0 0 0 0 23717
0 0 0.00319433 0.218211 0.425244 0.432163 0.0058001 0.00119106 0.0462101 0.139205 0 0 0 0 0 0 0 0 0 0 0 23767
0 0 0.00319433 0.218211 0.425244 0.432163 0.0058001 0.00119106 0.0462101 0.139205 0 0 0 0 0 0 0 0 0 0 0 23818
0 0 0.00319433 0.218211 0.425244 0.432163 0.0058001 0.00119106 0.0462101 0.139205 0 0 0 0 0 0 0 0 0 0 0 23870
0 0 0.00319433 0.218211 0.425244 0.432163 0.0058001 0.00119106 0.0462101 0.139205 0 0 0 0 0 0 0 0 0 0 0 23920
0 0 0.00319433 0.218211 0.425244 0.432163 0.0058001 0.00119106 0.0462101 0.139205 0 0 0 0 0 0 0 0 0 0 0 23970
0 0 0.00319433 0.218211 0.425244 0.432163 0.0058001 0.00119106 0.0462101 0.139205 0 0 0 0 0 0 0 0 0 0 0 24020
0 0 0.00319433 0.218211 0.425244 0.432163 0.0058001 0.00119106 0.0462101 0.139205 0 0 0 0 0 0 0 0 0 0 0 24070
0 0 0.00319433 0.218211 0.425244 0.432163 0.0058001 0.00119106 0.0462101 0.139205 0 0 0 0 0 0 0 0 0 0 0 24120
0 0 0.00319433 0.218211 0.425244 0.432163 0.0058001 0.00119106 0.0462101 0.139205 0 0 0 0 0 0 0 0 0 0 0 24170
0 0 0.00319433 0.218211 0.425244 0.432163 0.0058001 0.00119106 0.0462101 0.139205 0 0 0 0 0 0 0 0 0 0 0 24221
0 0 0.00319433 0.218211 0.425244 0.432163 0.0058001 0.00119106 0.0462101 0.139205 0 0 0 0 0 0 0 0 0 0 0 24271
0 0 0.00319433 0.218211 0.425244 0.432163 0.0058001 0.00119106 0.0462101 0.139205 0 0 0 0 0 0 0 0 0 0 0 24321
0 0 0.00319433 0.218211 0.425244 0.432163 0.0058001 0.00119106 0.0462101 0.139205 0 0 0 0 0 0 0 0 0 0 0 24373
0 0 0.00319433 0.218211 0.425244 0.432163 0.0058001 0.00119106 0.0462101 0.139205 0 0 0 0 0 0 0 0 0 0 0 24424
0 0 0.00319433 0.218211 0.425244 0.432163 0.0058001 0.00119106 0.0462101 0.139205 0 0 0 0 0 0 0 0 0 0 0 24475
0 0 0.00319433 0.218211 0.425244 0.432163 0.0058001 0.00119106 0.0462101 0.139205 0 0 0 0 0 0 0 0 0 0 0 24526
0 0 0.00319433 0.218211 0.425244 0.432163 0.0058001 0.00119106 0.0462101 0.139205 0 0 0 0 0 0 0 0 0 0 0 24578
0 0 0.00319433 0.218211 0.425244 0.432163 0.0058001 0.00119106 0.0462101 0.139205 0 0 0 0 0 0 0 0 0 0 0 24630
0 0 0.00194997 0.192701 0.426376 0.0801222 0.00454367 0.00183134 0.0246645 0.195374 0 0 0 0 0 0 0 0 0 0 0 24681
0 0 0.00201381 0.1928 0.426791 0.0839805 0.00456479 0.0018302 0.0244338 0.194329 0 0 0 0 0 0 0 0 0 0 0 24730
0 0 0.00239455 0.192808 0.426508 0.121568 0.00456389 0.00182995 0.0244388 0.194438 0 0 0 0 0 0 0 0 0 0 0 24780
0 0 0.00223648 0.192851 0.426578 0.105037 0.00456478 0.00182999 0.0244353 0.194437 0 0 0 0 0 0 0 0 0 0 0 24832
0 0 0.002437 0.192889 0.426433 0.125962 0.00457094 0.00182964 0.0244092 0.194378 0 0 0 0 0 0 0 0 0 0 0 24883
0 0 0.00217038 0.19288 0.426349 0.098657 0.00456629 0.00183014 0.0244625 0.194481 0 0 0 0 0 0 0 0 0 0 0 24934
0 0 0.00216424 0.192904 0.426378 0.0980653 0.004567 0.00183036 0.0244581 0.194505 0 0 0 0 0 0 0 0 0 0 0 24985
0 0 0.00239262 0.192903 0.426217 0.120613 0.00458148 0.0018298 0.0243255 0.1942 0 0 0 0 0 0 0 0 0 0 0 25036
0 0 0.00247071 0.192909 0.426281 0.1292 0.00457043 0.00183006 0.024303 0.194092 0 0 0 0 0 0 0 0 0 0 0 25087
0 0 0.00238284 0.192955 0.426367 0.119542 0.00455562 0.00183019 0.0242759 0.19394 0 0 0 0 0 0 0 0 0 0 0 25141
0 0 0.00214107 0.193 0.426689 0.0950145 0.00454567 0.00183052 0.0242512 0.194011 0 0 0 0 0 0 0 0 0 0 0 25193
0 0 0.00207039 0.193 0.427122 0.0880883 0.00453816 0.00183062 0.0241656 0.193913 0 0 0 0 0 0 0 0 0 0 0 25245
0 0 0.00202086 0.192986 0.42742 0.0834616 0.00453498 0.0018277 0.0242044 0.193623 0 0 0 0 0 0 0 0 0 0 0 25296
0 0 0.00198974 0.192965 0.432414 0.0825655 0.00452722 0.00182762 0.0241876 0.193861 0 0 0 0 0 0 0 0 0 0 0 25347
0 0 0.00197812 0.192876 0.427498 0.0810448 0.00451874 0.00182818 0.0242529 0.194261 0 0 0 0 0 0 0 0 0 0 0 25399
0 0 0.0019754 0.192841 0.427752 0.0800898 0.00451389 0.00183021 0.0242271 0.194712 0 0 0 0 0 0 0 0 0 0 0 25449
0 0 0.00198702 0.192832 0.430109 0.0814576 0.00450749 0.00183751 0.0241627 0.196423 0 0 0 0 0 0 0 0 0 0 0 25502
0 0 0.00199914 0.192822 0.435428 0.0833414 0.00450131 0.00184564 0.0240914 0.198175 0 0 0 0 0 0 0 0 0 0 0 25552
0 0 0.00200758 0.192895 0.440489 0.0844971 0.00449887 0.00184623 0.0240578 0.198468 0 0 0 0 0 0 0 0 0 0 0 25602
0 0 0.00199616 0.19289 0.441763 0.08407 0.0044946 0.00184264 0.02416 0.198089 0 0 0 0 0 0 0 0 0 0 0 25653
0 0 0.00200236 0.192967 0.479604 0.0898583 0.00449718 0.00184309 0.0241612 0.197964 0 0 0 0 0 0 0 0 0 0 0 25704
0 0 0.00198457 0.192964 0.44118 0.0838256 0.00449758 0.00184295 0.0244078 0.198417 0 0 0 0 0 0 0 0 0 0 0 25753
0 0 0.00202369 0.19325 0.43703 0.0858098 0.00446233 0.00185201 0.0242685 0.200449 0 0 0 0 0 0 0 0 0 0 0 25804
0 0 0.00202369 0.19325 0.43703 0.0858098 0.00446233 0.00185201 0.0242685 0.200449 0 0 0 0 0 0 0 0 0 0 0 25854
0 0 0.00209833 0.194243 0.444423 0.0911342 0.00442442 0.00185753 0.0240143 0.203375 0 0 0 0 0 0 0 0 0 0 0 25905
0 0 0.00219801 0.195337 0.451454 0.0977682 0.00444074 0.001858 0.0237518 0.20414 0 0 0 0 0 0 0 0 0 0 0 25956
0 0 0.00226532 0.198695 0.523679 0.108974 0.0044028 0.00184724 0.0240728 0.205635 0 0 0 0 0 0 0 0 0 0 0 26006
0 0 0.00238775 0.199275 0.52176 0.111126 0.00448614 0.00180865 0.024265 0.201654 0 0 0 0 0 0 0 0 0 0 0 26058
0 0 0.00261413 0.202963 0.559913 0.119901 0.00460179 0.00172081 0.0252292 0.193151 0 0 0 0 0 0 0 0 0 0 0 26108
0 0 0.00285608 0.205157 0.586643 0.139327 0.00463673 0.00175662 0.0238784 0.199912 0 0 0 0 0 0 0 0 0 0 0 26159
0 0 0.00310645 0.207936 0.612292 0.150334 0.00482533 0.00165934 0.0253393 0.188942 0 0 0 0 0 0 0 0 0 0 0 26209
0 0 0.00372738 0.21609 0.557121 0.201466 0.00498435 0.00166742 0.0240263 0.194047 0 0 0 0 0 0 0 0 0 0 0 26260
0 0 0.00441704 0.221685 0.620154 0.285199 0.00497515 0.00180311 0.0207164 0.217076 0 0 0 0 0 0 0 0 0 0 0 26313
0 0 0 0 0 0 0 0 0 0 0 0 0 0 0 0 0 0 0 0 0 26364
0 0 0 0 0 0 0 0 0 0 0 0 0 0 0 0 0 0 0 0 0 26413
0 0 0 0 0 0 0 0 0 0 0 0 0 0 0 0 0 0 0 0 0 26463
0 0 0 0 0 0 0 0 0 0 0 0 0 0 0 0 0 0 0 0 0 26514
0 0 0 0 0 0 0 0 0 0 0 0 0 0 0 0 0 0 0 0 0 26564
0 0 0 0 0 0 0 0 0 0 0 0 0 0 0 0 0 0 0 0 0 26615
0 0 0 0 0 0 0 0 0 0 0 0 0 0 0 0 0 0 0 0 0 26666
0 0 0 0 0 0 0 0 0 0 0 0 0 0 0 0 0 0 0 0 0 26719
0 0 0 0 0 0 0 0 0 0 0 0 0 0 0 0 0 0 0 0 0 26770
0 0 0 0 0 0 0 0 0 0 0 0 0 0 0 0 0 0 0 0 0 26820
0 0 0 0 0 0 0 0 0 0 0 0 0 0 0 0 0 0 0 0 0 26870
0 0 0 0 0 0 0 0 0 0 0 0 0 0 0 0 0 0 0 0 0 26921
0 0 0 0 0 0 0 0 0 0 0 0 0 0 0 0 0 0 0 0 0 26971
0 0 0 0 0 0 0 0 0 0 0 0 0 0 0 0 0 0 0 0 0 27021
0 0 0 0 0 0 0 0 0 0 0 0 0 0 0 0 0 0 0 0 0 27072
0 0 0 0 0 0 0 0 0 0 0 0 0 0 0 0 0 0 0 0 0 27122
0 0 0 0 0 0 0 0 0 0 0 0 0 0 0 0 0 0 0 0 0 27173
0 0 0 0 0 0 0 0 0 0 0 0 0 0 0 0 0 0 0 0 0 27223
0 0 0 0 0 0 0 0 0 0 0 0 0 0 0 0 0 0 0 0 0 27276
0 0 0 0 0 0 0 0 0 0 0 0 0 0 0 0 0 0 0 0 0 27326
0 0 0 0 0 0 0 0 0 0 0 0 0 0 0 0 0 0 0 0 0 27381
0 0 0 0 0 0 0 0 0 0 0 0 0 0 0 0 0 0 0 0 0 27433
0 0 0 0 0 0 0 0 0 0 0 0 0 0 0 0 0 0 0 0 0 27483
0 0 0 0 0 0 0 0 0 0 0 0 0 0 0 0 0 0 0 0 0 27536
0 0 0 0 0 0 0 0 0 0 0 0 0 0 0 0 0 0 0 0 0 27587
0 0 0 0 0 0 0 0 0 0 0 0 0 0 0 0 0 0 0 0 0 27638
0 0 0 0 0 0 0 0 0 0 0 0 0 0 0 0 0 0 0 0 0 27690
0 0 0 0 0 0 0 0 0 0 0 0 0 0 0 0 0 0 0 0 0 27742
0 0 0 0 0 0 0 0 0 0 0 0 0 0 0 0 0 0 0 0 0 27793
0 0 0 0 0 0 0 0 0 0 0 0 0 0 0 0 0 0 0 0 0 27843
0 0 0 0 0 0 0 0 0 0 0 0 0 0 0 0 0 0 0 0 0 27893
0 0 0 0 0 0 0 0 0 0 0 0 0 0 0 0 0 0 0 0 0 27945
0 0 0 0 0 0 0 0 0 0 0 0 0 0 0 0 0 0 0 0 0 28001
0 0 0 0 0 0 0 0 0 0 0 0 0 0 0 0 0 0 0 0 0 28053
0 0 0 0 0 0 0 0 0 0 0 0 0 0 0 0 0 0 0 0 0 28105
0 0 0 0 0 0 0 0 0 0 0 0 0 0 0 0 0 0 0 0 0 28156
0 0 1.48971e-05 0.00077553 0.00167376 99.6941 0.000231231 95.705 3.64138e-05 0.109721 53.7922 0 0 0 0 0 0 0 0 0 0 28207
0 0 1.48971e-05 0.00077553 0.00167376 99.6941 0.000231231 95.705 3.64138e-05 0.109721 53.7922 0 0 0 0 0 0 0 0 0 0 28259
0 0 0.00805315 73.2809 0.135963 93.4478 0.0558136 0.00453223 0.036917 0.0257495 -13.6712 0 0 0 0 0 0 0 0 0 0 28310
0 0 0.00805315 73.2809 0.135963 93.4478 0.0558136 0.00453223 0.036917 0.0257495 -13.6712 0 0 0 0 0 0 0 0 0 0 28361
0 0 0.00496488 0.210156 0.348473 74.7214 0.0456781 0.00114081 0.0154557 0.0840529 -22.8284 0 0 0 0 0 0 0 0 0 0 28412
0 0 0.00522793 0.211451 0.358014 72.2701 0.0192392 0.00105149 0.0161467 0.0830353 -22.6341 0 0 0 0 0 0 0 0 0 0 28462
0 0 0.00874338 0.238848 0.362579 70.6334 0.0102738 0.000699876 0.0275487 0.0580364 -22.384 0 0 0 0 0 0 0 0 0 0 28514
0 0 0.00245198 0.136505 0.271028 0.505254 0.00425415 0.00320673 0.0305134 0.117367 0 0 0 0 0 0 0 0 0 0 0 28570
0 0 0.00123504 0.0899177 0.206015 0.403113 0.0025015 0.00882016 0.0196238 0.156606 0 0 0 0 0 0 0 0 0 0 0 28621
0 0 0.000546736 0.0433047 0.113785 1.43026 0.00128912 0.0463761 0.00696372 0.183975 1.40571 0 0 0 0 0 0 0 0 0 0 28671
0 0 0.000546736 0.0433047 0.113785 1.43026 0.00128912 0.0463761 0.00696372 0.183975 1.40571 0 0 0 0 0 0 0 0 0 0 28723
0 0 0.000573458 0.0435934 0.114155 1.42045 0.00145638 0.0457649 0.00492274 0.179585 2.12117 0 0 0 0 0 0 0 0 0 0 28775
0 0 0.000655299 0.0507838 0.131057 1.06303 0.00192457 0.0334857 0.0054344 0.182554 2.58672 0 0 0 0 0 0 0 0 0 0 28826
0 0 0.000710322 0.0557059 0.141128 1.03445 0.00242261 0.0282821 0.00480474 0.183444 0 0 0 0 0 0 0 0 0 0 0 28878
0 0 0.000472641 0.0370415 0.0979659 1.99687 0.00189296 0.0729179 0.00342554 0.188912 7.93295 0 0 0 0 0 0 0 0 0 0 28929
0 0 0.000496496 0.0420685 0.106066 14.9652 0.00198764 0.0594602 0.00171115 0.19072 0 0 0 0 0 0 0 0 0 0 0 28979
0 0 0.000512183 0.0456364 0.109432 14.2613 0.00201434 0.054315 0.00178201 0.191083 0 0 0 0 0 0 0 0 0 0 0 29031
0 0 0.000375038 0.0332591 0.0805511 5.81005 0.00146064 0.11566 0.00163821 0.190693 1.51771 0 0 0 0 0 0 0 0 0 0 29081
0 0 0.000276826 0.0326257 0.0600583 8.88797 0.000933951 0.244605 0.00106772 0.193122 4.28528 0 0 0 0 0 0 0 0 0 0 29133
0 0 0.000276826 0.0326257 0.0600583 8.88797 0.000933951 0.244605 0.00106772 0.193122 4.28528 0 0 0 0 0 0 0 0 0 0 29183
0 0 0.000127236 0.0310052 0.0260911 24.6904 0.000404163 1.81497 0.000339579 0.197543 11.6218 0 0 0 0 0 0 0 0 0 0 29234
0 0 3.30785e-05 0.00559701 0.00613452 87.3324 0.000101967 38.2641 6.79531e-05 0.203634 31.4038 0 0 0 0 0 0 0 0 0 0 29285
0 0 1.07869e-05 0.00101399 0.00213961 98.6526 3.95688e-05 90.3998 2.03544e-05 0.207672 47.5398 0 0 0 0 0 0 0 0 0 0 29338
0 0 5.12687e-06 0.000279094 0.00102318 99.7528 2.25322e-05 98.5896 8.60062e-06 0.222596 60.937 0 0 0 0 0 0 0 0 0 0 29394
0 0 4.74305e-06 0.000134033 0.000879946 99.9021 3.59309e-05 99.5957 3.9522e-06 0.292158 68.74 0 0 0 0 0 0 0 0 0 0 29446
0 0 7.12623e-06 0.000125629 0.00106054 99.9086 4.57603e-05 99.7058 2.46988e-06 0.405153 68.7741 0 0 0 0 0 0 0 0 0 0 29498
0 0 9.06527e-06 0.000132731 0.00108 99.9049 4.99574e-05 99.7265 1.95192e-06 0.476168 68.0705 0 0 0 0 0 0 0 0 0 0 29551
0 0 8.16257e-06 0.000147115 0.00092938 99.8972 4.93896e-05 99.6772 2.28746e-06 0.42864 67.0318 0 0 0 0 0 0 0 0 0 0 29602
0 0 6.29543e-06 0.000182451 0.000641609 99.8782 5.93494e-05 99.5287 3.09724e-06 0.332566 62.9313 0 0 0 0 0 0 0 0 0 0 29654
0 0 5.5305e-06 0.000203974 0.000570858 99.8672 5.87004e-05 99.3631 4.71087e-06 0.251511 62.3665 0 0 0 0 0 0 0 0 0 0 29706
0 0 5.5305e-06 0.000203974 0.000570858 99.8672 5.87004e-05 99.3631 4.71087e-06 0.251511 62.3665 0 0 0 0 0 0 0 0 0 0 29757
0 0 1.04211e-05 0.000173059 0.000246194 99.8836 5.00546e-05 99.4012 4.00359e-06 0.222251 58.5621 0 0 0 0 0 0 0 0 0 0 29809
0 0 1.04211e-05 0.000173059 0.000246194 99.8836 5.00546e-05 99.4012 4.00359e-06 0.222251 58.5621 0 0 0 0 0 0 0 0 0 0 29859
0 0 2.56632e-05 0.000147604 8.57362e-05 99.8976 4.71772e-05 99.4539 2.95132e-06 0.206283 53.2697 0 0 0 0 0 0 0 0 0 0 29914
0 0 4.78281e-05 0.000145559 4.51463e-05 99.8988 5.10432e-05 99.4518 2.44373e-06 0.201462 49.2531 0 0 0 0 0 0 0 0 0 0 29972
0 0 4.78281e-05 0.000145559 4.51463e-05 99.8988 5.10432e-05 99.4518 2.44373e-06 0.201462 49.2531 0 0 0 0 0 0 0 0 0 0 30024
0 0 5.39118e-05 0.000121452 3.50209e-05 99.9125 5.72042e-05 99.533 2.1621e-06 0.200048 48.9482 0 0 0 0 0 0 0 0 0 0 30074
0 0 4.05478e-05 0.000119822 4.65227e-05 99.9134 5.76719e-05 99.5412 2.33972e-06 0.20132 50.7023 0 0 0 0 0 0 0 0 0 0 30125
0 0 4.51324e-05 0.000115853 4.24577e-05 99.9157 5.92663e-05 99.5641 2.14604e-06 0.207014 49.8691 0 0 0 0 0 0 0 0 0 0 30176
0 0 3.3283e-05 0.000114058 5.82081e-05 99.9168 6.15534e-05 99.5761 2.30868e-06 0.210945 51.7067 0 0 0 0 0 0 0 0 0 0 30228
0 0 1.67112e-05 0.000113088 0.000118816 99.9173 6.07613e-05 99.5926 2.73855e-06 0.220448 56.0265 0 0 0 0 0 0 0 0 0 0 30281
0 0 5.95571e-06 0.000115392 0.000395782 99.916 5.78224e-05 99.6265 3.28852e-06 0.254719 62.434 0 0 0 0 0 0 0 0 0 0 30332
0 0 5.53062e-06 0.0001164 0.000441602 99.9154 5.68606e-05 99.6379 3.15078e-06 0.268808 62.975 0 0 0 0 0 0 0 0 0 0 30382
0 0 5.78714e-06 0.000141994 0.000527759 99.9009 5.73284e-05 99.5611 3.64235e-06 0.264437 62.2135 0 0 0 0 0 0 0 0 0 0 30438
0 0 6.23623e-06 0.000175699 0.000597169 99.8825 5.69175e-05 99.4712 3.97745e-06 0.26772 60.7554 0 0 0 0 0 0 0 0 0 0 30488
0 0 7.03298e-06 0.000256218 0.000575295 99.8399 5.05817e-05 99.1432 5.91631e-06 0.223676 59.0869 0 0 0 0 0 0 0 0 0 0 30544
0 0 7.03298e-06 0.000256218 0.000575295 99.8399 5.05817e-05 99.1432 5.91631e-06 0.223676 59.0869 0 0 0 0 0 0 0 0 0 0 30594
0 0 6.23896e-06 0.000302754 0.000640837 99.8149 4.06857e-05 98.9248 8.68318e-06 0.205473 62.4127 0 0 0 0 0 0 0 0 0 0 30649
0 0 6.81223e-06 0.000367415 0.000646477 99.7802 3.67961e-05 98.6605 1.57128e-05 0.198653 70.2899 0 0 0 0 0 0 0 0 0 0 30699
0 0 1.04278e-05 0.000599434 0.000595237 99.6673 3.4125e-05 97.833 4.43321e-05 0.19537 82.9469 0 0 0 0 0 0 0 0 0 0 30756
0 0 1.58978e-05 0.00163228 0.000937782 99.1428 3.74413e-05 93.8116 7.42368e-05 0.195077 77.164 0 0 0 0 0 0 0 0 0 0 30808
0 0 1.58978e-05 0.00163228 0.000937782 99.1428 3.74413e-05 93.8116 7.42368e-05 0.195077 77.164 0 0 0 0 0 0 0 0 0 0 30858
0 0 3.5283e-05 0.00566455 0.00144069 96.7706 5.04636e-05 76.301 0.000133178 0.194735 66.242 0 0 0 0 0 0 0 0 0 0 30911
0 0 8.64821e-05 0.022449 0.00449084 76.6262 0.000116502 20.323 0.000391341 0.194539 50.7184 0 0 0 0 0 0 0 0 0 0 30964
0 0 0.000685638 0.0891884 0.0598834 2.04174 0.00103471 0.077616 0.00459169 0.194853 15.0488 0 0 0 0 0 0 0 0 0 0 31015
0 0 0.00140717 0.129862 0.147635 0.357529 0.00229603 0.0103517 0.0108227 0.19502 2.62135 0 0 0 0 0 0 0 0 0 0 31070
0 0 0.00203931 0.16542 0.241077 0.140871 0.00351295 0.00355334 0.0171492 0.195057 0 0 0 0 0 0 0 0 0 0 0 31121
0 0 0.00251993 0.188106 0.30847 0.119569 0.0042639 0.00202453 0.0226949 0.194935 0 0 0 0 0 0 0 0 0 0 0 31174
0 0 0.00243945 0.191292 0.34059 0.193808 0.00366887 0.00188192 0.0310504 0.194549 0 0 0 0 0 0 0 0 0 0 0 31225
0 0 0.00243945 0.191292 0.34059 0.193808 0.00366887 0.00188192 0.0310504 0.194549 0 0 0 0 0 0 0 0 0 0 0 31278
0 0 0.00236365 0.192271 0.35926 2.46388 0.00202993 0.00184426 0.077605 0.194107 -25.73 0 0 0 0 0 0 0 0 0 0 31329
0 0 0.00221064 0.192751 0.392603 37.5348 0.000972134 0.00182809 0.241387 0.193448 -60.9334 0 0 0 0 0 0 0 0 0 0 31379
0 0 0.00243581 0.193018 0.383946 48.1316 0.000879977 0.0018192 0.278726 0.192744 -66.6566 0 0 0 0 0 0 0 0 0 0 31432
0 0 0.00253764 0.19329 0.39524 50.0687 0.000866784 0.00180986 0.290484 0.192063 -67.9727 0 0 0 0 0 0 0 0 0 0 31485
0 0 0.00252126 0.193289 0.408073 50.1759 0.000865383 0.00180972 0.294201 0.191946 -68.0262 0 0 0 0 0 0 0 0 0 0 31536
0 0 0.00283193 0.19375 0.416471 50.5274 0.000867077 0.00179461 0.29914 0.190539 -69.3083 0 0 0 0 0 0 0 0 0 0 31589
0 0 0.00283193 0.19375 0.416471 50.5274 0.000867077 0.00179461 0.29914 0.190539 -69.3083 0 0 0 0 0 0 0 0 0 0 31640
0 0 0.00283403 0.194253 0.417268 50.7844 0.00087103 0.00177844 0.302425 0.189057 -69.2937 0 0 0 0 0 0 0 0 0 0 31691
0 0 0.00281297 0.196067 0.423213 51.6768 0.000886357 0.00172269 0.314803 0.184005 -69.1604 0 0 0 0 0 0 0 0 0 0 31742
0 0 0.00281297 0.196067 0.423213 51.6768 0.000886357 0.00172269 0.314803 0.184005 -69.1604 0 0 0 0 0 0 0 0 0 0 31793
0 0 0.00344291 0.202557 0.431425 54.7727 0.000939508 0.00153827 0.358947 0.165931 -70.4277 0 0 0 0 0 0 0 0 0 0 31845
0 0 0.00344291 0.202557 0.431425 54.7727 0.000939508 0.00153827 0.358947 0.165931 -70.4277 0 0 0 0 0 0 0 0 0 0 31898
0 0 0.00386335 0.207244 0.460846 56.9267 0.000978848 0.00142086 0.393472 0.154441 -71.4279 0 0 0 0 0 0 0 0 0 0 31948
0 0 0.00430961 0.213646 0.455696 59.7495 0.00103445 0.00127836 0.445287 0.140288 -71.6374 0 0 0 0 0 0 0 0 0 0 31999
0 0 0.00443198 0.213583 0.463162 59.7275 0.00103398 0.00128101 0.442788 0.140581 -72.076 0 0 0 0 0 0 0 0 0 0 32052
0 0 0.00439878 0.21683 0.426778 61.172 0.00106357 0.00121911 0.422552 0.134272 -73.063 0 0 0 0 0 0 0 0 0 0 32103
0 0 0.00439878 0.21683 0.426778 61.172 0.00106357 0.00121911 0.422552 0.134272 -73.063 0 0 0 0 0 0 0 0 0 0 32156
0 0 0.00308441 0.205598 0.429773 56.7592 0.000971924 0.00147664 0.130351 0.159043 -90.4276 0 0 0 0 0 0 0 0 0 0 32207
0 0 0.002695 0.198034 0.428378 54.4698 0.000920028 0.00166619 0.0876248 0.173467 -95.3114 0 0 0 0 0 0 0 0 0 0 32258
0 0 0.00225872 0.186044 0.414853 52.0827 0.000851772 0.00197843 0.0684211 0.188232 -96.1227 0 0 0 0 0 0 0 0 0 0 32311
0 0 0.002079 0.177039 0.401711 51.4583 0.000812576 0.00223784 0.0664241 0.19348 -94.1929 0 0 0 0 0 0 0 0 0 0 32362
0 0 0.00174518 0.150611 0.350978 50.1772 0.000703244 0.00322477 0.0545828 0.198106 -91.7027 0 0 0 0 0 0 0 0 0 0 32415
0 0 0.00131585 0.110939 0.270174 46.7029 0.000549423 0.00635958 0.0375531 0.200821 -86.1816 0 0 0 0 0 0 0 0 0 0 32467
0 0 0.00105961 0.0860901 0.218239 41.2877 0.000460121 0.0112179 0.0278163 0.203581 -79.2865 0 0 0 0 0 0 0 0 0 0 32518
0 0 0.0004976 0.0362768 0.103635 27.228 0.000268476 0.0762037 0.00886934 0.207946 -54.2806 0 0 0 0 0 0 0 0 0 0 32570
0 0 0.000132521 0.00831273 0.0283471 31.3529 0.000126753 1.92679 0.000959551 0.208402 -5.16974 0 0 0 0 0 0 0 0 0 0 32622
0 0 8.25307e-05 0.00498874 0.0178998 47.5565 0.000109271 5.77637 0.000388879 0.207562 0 0 0 0 0 0 0 0 0 0 0 32674
0 0 5.7562e-06 0.000277069 0.00131953 99.6182 1.48181e-05 97.5695 1.39172e-05 0.206412 60.2883 0 0 0 0 0 0 0 0 0 0 32728
0 0 3.99936e-06 0.000192098 0.000918233 99.8235 1.34781e-05 98.9849 9.28465e-06 0.206484 66.3129 0 0 0 0 0 0 0 0 0 0 32779
0 0 3.85064e-06 0.000186799 0.000885178 99.8375 1.41706e-05 99.0766 8.58127e-06 0.206693 66.2937 0 0 0 0 0 0 0 0 0 0 32833
0 0 3.03438e-06 0.000132727 0.000698628 99.9035 2.83694e-05 99.4924 6.10346e-06 0.207808 68.4661 0 0 0 0 0 0 0 0 0 0 32883
0 0 3.03438e-06 0.000132727 0.000698628 99.9035 2.83694e-05 99.4924 6.10346e-06 0.207808 68.4661 0 0 0 0 0 0 0 0 0 0 32936
0 0 3.08598e-06 0.000132142 0.000687674 99.9046 3.10118e-05 99.4995 5.9949e-06 0.208094 68.104 0 0 0 0 0 0 0 0 0 0 32990
0 0 3.61693e-06 0.000118627 0.000575375 99.914 5.69324e-05 99.5427 6.91178e-06 0.199769 69.8003 0 0 0 0 0 0 0 0 0 0 33042
0 0 4.14664e-06 0.000124799 0.000525887 99.9104 5.385e-05 99.5183 1.24668e-05 0.198483 80.4084 0 0 0 0 0 0 0 0 0 0 33094
0 0 6.21362e-06 0.00021205 0.000526154 99.8566 3.98582e-05 99.1704 3.36044e-05 0.19655 91.5751 0 0 0 0 0 0 0 0 0 0 33146
0 0 1.00195e-05 0.000449772 0.000666122 99.6919 4.32547e-05 98.0194 4.68126e-05 0.195464 84.6287 0 0 0 0 0 0 0 0 0 0 33199
0 0 1.69237e-05 0.00114225 0.00107527 99.0383 5.61371e-05 92.9993 8.00633e-05 0.19451 76.334 0 0 0 0 0 0 0 0 0 0 33249
0 0 3.35878e-05 0.0029206 0.00244017 95.1386 9.06074e-05 66.4351 0.000178512 0.194178 64.6002 0 0 0 0 0 0 0 0 0 0 33302
0 0 0.000521454 0.0322453 0.0219139 8.13496 0.000650156 0.40588 0.00202925 0.193792 23.1806 0 0 0 0 0 0 0 0 0 0 33355
0 0 0.000903535 0.0485913 0.0366416 2.68607 0.00103889 0.107059 0.00348745 0.193908 14.4854 0 0 0 0 0 0 0 0 0 0 33405
0 0 0.00171636 0.100603 0.0979371 0.468235 0.00220901 0.0141185 0.00844787 0.193951 2.51288 0 0 0 0 0 0 0 0 0 0 33457
0 0 0.00263651 0.160989 0.194657 0.171072 0.00370397 0.00346021 0.015759 0.194217 0 0 0 0 0 0 0 0 0 0 0 33508
0 0 0.00277344 0.180933 0.252728 0.146857 0.00426216 0.0023379 0.0192142 0.194165 0 0 0 0 0 0 0 0 0 0 0 33559
0 0 0.00279128 0.188255 0.281815 0.136713 0.00446077 0.00201157 0.0208255 0.19421 0 0 0 0 0 0 0 0 0 0 0 33617
0 0 0.00261647 0.1915 0.314941 0.120693 0.00454134 0.00188552 0.0219967 0.194008 0 0 0 0 0 0 0 0 0 0 0 33669
0 0 0.0022474 0.192225 0.369604 0.0967637 0.0045329 0.00184613 0.0236167 0.194119 0 0 0 0 0 0 0 0 0 0 0 33720
0 0 0.00224924 0.192522 0.37179 0.0962541 0.00447651 0.0018352 0.0238679 0.193835 0 0 0 0 0 0 0 0 0 0 0 33770
0 0 0.00215191 0.192606 0.389386 0.0944278 0.00438177 0.00183183 0.0248656 0.193604 0 0 0 0 0 0 0 0 0 0 0 33822
0 0 0.00210887 0.192644 0.398017 0.106252 0.0042548 0.00183039 0.0260963 0.193421 0 0 0 0 0 0 0 0 0 0 0 33875
0 0 0.00201756 0.192693 0.416835 0.128521 0.00406227 0.00182958 0.0278549 0.193008 0 0 0 0 0 0 0 0 0 0 0 33928
0 0 0.00201213 0.192715 0.418208 0.137784 0.00399609 0.0018294 0.0285724 0.192971 0 0 0 0 0 0 0 0 0 0 0 33979
0 0 0.00201213 0.192715 0.418208 0.137784 0.00399609 0.0018294 0.0285724 0.192971 0 0 0 0 0 0 0 0 0 0 0 34030
0 0 0.00201015 0.19274 0.419 0.170804 0.00379883 0.00182931 0.0308999 0.192893 0 0 0 0 0 0 0 0 0 0 0 34081
0 0 0.00200792 0.192758 0.419849 0.137695 0.00399655 0.00182931 0.0285656 0.192859 0 0 0 0 0 0 0 0 0 0 0 34133
0 0 0.00200649 0.192783 0.420798 0.117654 0.00414931 0.00182931 0.0269356 0.192859 0 0 0 0 0 0 0 0 0 0 0 34184
0 0 0.00200649 0.192783 0.420798 0.117654 0.00414931 0.00182931 0.0269356 0.192859 0 0 0 0 0 0 0 0 0 0 0 34234
0 0 0.0020102 0.192876 0.422081 0.102974 0.00430823 0.00182935 0.0250677 0.19296 0 0 0 0 0 0 0 0 0 0 0 34286
0 0 0.00201327 0.192936 0.422149 0.101 0.00433135 0.00182937 0.0245697 0.192972 0 0 0 0 0 0 0 0 0 0 0 34338
0 0 0.00202101 0.193055 0.423166 0.144758 0.00447484 0.00182946 0.0216613 0.19312 0 0 0 0 0 0 0 0 0 0 0 34390
0 0 0.00202101 0.193055 0.423166 0.144758 0.00447484 0.00182946 0.0216613 0.19312 0 0 0 0 0 0 0 0 0 0 0 34443
0 0 0.00202933 0.193084 0.422704 0.15686 0.00451476 0.00182951 0.0209997 0.19317 0 0 0 0 0 0 0 0 0 0 0 34496
0 0 0.00202925 0.193154 0.422795 0.141831 0.0045402 0.00182943 0.0212688 0.193134 0 0 0 0 0 0 0 0 0 0 0 34549
0 0 0.00203799 0.19316 0.421854 0.131278 0.00456015 0.00182945 0.0215037 0.193158 0 0 0 0 0 0 0 0 0 0 0 34601
0 0 0.00204679 0.193241 0.421024 0.129615 0.00456576 0.00182961 0.0214508 0.193152 0 0 0 0 0 0 0 0 0 0 0 34651
0 0 0.00206336 0.193478 0.420203 0.125604 0.00458888 0.00182955 0.0214298 0.193197 0 0 0 0 0 0 0 0 0 0 0 34704
0 0 0.00205422 0.193578 0.421574 0.125139 0.00458091 0.00182949 0.0214442 0.193147 0 0 0 0 0 0 0 0 0 0 0 34756
0 0 0.00205264 0.193707 0.422852 0.112718 0.00458384 0.00182972 0.0218918 0.193236 0 0 0 0 0 0 0 0 0 0 0 34808
0 0 0.00206525 0.193617 0.421125 0.110659 0.00457502 0.00182965 0.0219196 0.193257 0 0 0 0 0 0 0 0 0 0 0 34859
0 0 0.00213541 0.193611 0.408379 0.140943 0.00456824 0.00182948 0.0204809 0.193263 0 0 0 0 0 0 0 0 0 0 0 34910
0 0 0.00240672 0.193775 0.366025 0.840691 0.00457328 0.00182946 0.0129586 0.193306 0 0 0 0 0 0 0 0 0 0 0 34961
0 0 0.0323509 0.193946 0.0309733 41.4398 0.00456238 0.00182927 0.00198801 0.193486 -37.5852 0 0 0 0 0 0 0 0 0 0 35012
0 0 0.175008 0.194099 0.00667102 44.4985 0.004558 0.00182917 0.00114725 0.193468 -50.2496 0 0 0 0 0 0 0 0 0 0 35063
0 0 0.408129 0.19425 0.00376296 48.374 0.00455386 0.00182911 0.000911574 0.193498 -57.7626 0 0 0 0 0 0 0 0 0 0 35114
0 0 0.831442 0.194437 0.00333341 49.1816 0.0045675 0.00182906 0.000871692 0.193616 -64.7729 0 0 0 0 0 0 0 0 0 0 35166
0 0 2.04165 0.194659 0.0032609 49.8616 0.00456629 0.00182899 0.000866085 0.193679 -74.1051 0 0 0 0 0 0 0 0 0 0 35217
0 0 2.64493 0.194564 0.00325829 49.9088 0.00457064 0.00182895 0.000871449 0.193646 -76.6955 0 0 0 0 0 0 0 0 0 0 35271
0 0 4.85602 0.194397 0.00324065 49.987 0.00456291 0.00182893 0.000875481 0.193622 -83.104 0 0 0 0 0 0 0 0 0 0 35324
0 0 6.76132 0.194206 0.00322704 50.0032 0.00456528 0.0018288 0.000894685 0.193807 -86.2753 0 0 0 0 0 0 0 0 0 0 35377
0 0 7.39143 0.194057 0.00323729 50.0094 0.00460781 0.00182848 0.000888045 0.193648 -87.4323 0 0 0 0 0 0 0 0 0 0 35433
0 0 7.39143 0.194057 0.00323729 50.0094 0.00460781 0.00182848 0.000888045 0.193648 -87.4323 0 0 0 0 0 0 0 0 0 0 35486
0 0 7.4572 0.194297 0.00324585 50.0091 0.00474632 0.00182847 0.000870893 0.193482 -87.9223 0 0 0 0 0 0 0 0 0 0 35538
0 0 7.46399 0.194422 0.00325129 50.0067 0.0049507 0.00182856 0.000867173 0.193373 -88.0235 0 0 0 0 0 0 0 0 0 0 35595
0 0 7.4857 0.194736 0.00328536 50.0028 0.00656661 0.00182846 0.000858667 0.193192 -88.2468 0 0 0 0 0 0 0 0 0 0 35647
0 0 7.50344 0.19557 0.00329738 49.9943 0.00857587 0.0018284 0.00085842 0.193079 -88.2935 0 0 0 0 0 0 0 0 0 0 35700
0 0 7.51784 0.196077 0.00330384 49.9831 0.0126623 0.00182842 0.000860932 0.192999 -88.264 0 0 0 0 0 0 0 0 0 0 35751
0 0 7.51784 0.196077 0.00330384 49.9831 0.0126623 0.00182842 0.000860932 0.192999 -88.264 0 0 0 0 0 0 0 0 0 0 35810
0 0 7.51916 0.196466 0.00331596 49.9631 0.014081 0.00182842 0.000862046 0.192959 -88.2486 0 0 0 0 0 0 0 0 0 0 35861
0 0 7.48649 0.197106 0.0033255 49.9168 0.0200149 0.00182844 0.000874927 0.192928 -87.8995 0 0 0 0 0 0 0 0 0 0 35912
0 0 7.39116 0.196676 0.00338839 49.6351 0.0299902 0.00182845 0.000914348 0.192814 -86.9759 0 0 0 0 0 0 0 0 0 0 35963
0 0 7.39915 0.19727 0.00339722 49.8031 0.0320817 0.00182853 0.00104995 0.192789 -84.1025 0 0 0 0 0 0 0 0 0 0 36014
0 0 7.39915 0.19727 0.00339722 49.8031 0.0320817 0.00182853 0.00104995 0.192789 -84.1025 0 0 0 0 0 0 0 0 0 0 36066
0 0 7.51574 0.19811 0.00344805 50.0052 0.0386093 0.00182806 0.0014138 0.192766 -78.1428 0 0 0 0 0 0 0 0 0 0 36117
0 0 7.52655 0.198434 0.0034358 50.0101 0.0403968 0.00182803 0.0013187 0.192852 -79.7003 0 0 0 0 0 0 0 0 0 0 36169
0 0 7.53299 0.198028 0.00345202 50.0112 0.0407197 0.00182797 0.00122022 0.192967 -81.482 0 0 0 0 0 0 0 0 0 0 36219
0 0 7.52364 0.19747 0.00344012 50.0074 0.0394698 0.00182835 0.00104194 0.193389 -85.2017 0 0 0 0 0 0 0 0 0 0 36271
0 0 7.44477 0.197691 0.00341426 50.0092 0.0359504 0.00182831 0.00104934 0.194864 -86.0197 0 0 0 0 0 0 0 0 0 0 36323
0 0 7.24308 0.199103 0.00343079 50.0052 0.0333873 0.00182846 0.00108029 0.198297 -88.4992 0 0 0 0 0 0 0 0 0 0 36375
0 0 6.74818 0.202763 0.00345393 49.9966 0.0332814 0.00182866 0.00129711 0.207042 -91.7115 0 0 0 0 0 0 0 0 0 0 36427
0 0 5.78743 0.209057 0.00343733 49.9891 0.0336558 0.00182865 0.00182614 0.227128 -93.9103 0 0 0 0 0 0 0 0 0 0 36478
0 0 4.95699 0.213849 0.00342158 49.9744 0.0307567 0.00182849 0.00264185 0.249825 -98.6012 0 0 0 0 0 0 0 0 0 0 36532
0 0 4.95699 0.213849 0.00342158 49.9744 0.0307567 0.00182849 0.00264185 0.249825 -98.6012 0 0 0 0 0 0 0 0 0 0 36582
0 0 4.95626 0.216237 0.00339645 49.9428 0.0228406 0.00182836 0.00327976 0.249979 -99.9998 0 0 0 0 0 0 0 0 0 0 36635
0 0 5.32583 0.222791 0.00334041 49.7353 0.013827 0.00182823 0.00349554 0.234094 -99.9996 0 0 0 0 0 0 0 0 0 0 36685
0 0 5.73719 0.221205 0.00330944 49.7321 0.013701 0.00182809 0.00269576 0.21809 -99.9996 0 0 0 0 0 0 0 0 0 0 36742
0 0 5.85566 0.219938 0.00328428 49.7086 0.0113746 0.00182804 0.00257684 0.20504 -99.9994 0 0 0 0 0 0 0 0 0 0 36794
0 0 4.88551 0.224468 0.0032752 49.4842 0.00919123 0.0018285 0.00294559 0.197224 -99.9989 0 0 0 0 0 0 0 0 0 0 36846
0 0 4.5661 0.226994 0.00324897 49.5299 0.00823455 0.00182883 0.0034663 0.194141 -99.8783 0 0 0 0 0 0 0 0 0 0 36898
0 0 5.69337 0.240429 0.00320643 49.8372 0.00616606 0.00182911 0.00406338 0.193309 -99.9972 0 0 0 0 0 0 0 0 0 0 36951
0 0 6.47197 0.234483 0.00319841 49.9373 0.0065038 0.00182924 0.00415602 0.193036 -96.7533 0 0 0 0 0 0 0 0 0 0 37002
0 0 6.5086 0.225533 0.00319384 49.9425 0.00720751 0.00182894 0.00320212 0.192969 -92.6319 0 0 0 0 0 0 0 0 0 0 37054
0 0 5.94135 0.227534 0.0031918 49.9228 0.00742848 0.00182864 0.00284501 0.192957 -84.5148 0 0 0 0 0 0 0 0 0 0 37104
0 0 3.40768 0.223081 0.00319565 49.8603 0.00725166 0.00182853 0.00235309 0.192954 -75.5716 0 0 0 0 0 0 0 0 0 0 37155
0 0 1.40373 0.223243 0.00320868 49.7033 0.00752113 0.00182836 0.00223571 0.192977 -57.0736 0 0 0 0 0 0 0 0 0 0 37206
0 0 1.40373 0.223243 0.00320868 49.7033 0.00752113 0.00182836 0.00223571 0.192977 -57.0736 0 0 0 0 0 0 0 0 0 0 37258
0 0 0.601128 0.218866 0.00324508 49.3234 0.00814039 0.00182967 0.00225265 0.193307 -44.6389 0 0 0 0 0 0 0 0 0 0 37309
0 0 0.39765 0.216156 0.00325134 49.3081 0.00839009 0.0018326 0.00264881 0.193825 -35.2369 0 0 0 0 0 0 0 0 0 0 37360
0 0 0.308262 0.204248 0.00338161 47.9724 0.00797228 0.00183853 0.00280084 0.194637 -30.7012 0 0 0 0 0 0 0 0 0 0 37411
0 0 0.308262 0.204248 0.00338161 47.9724 0.00797228 0.00183853 0.00280084 0.194637 -30.7012 0 0 0 0 0 0 0 0 0 0 37462
0 0 0.224827 0.198063 0.00438698 39.909 0.00685641 0.0019096 0.00359573 0.204766 -23.1265 0 0 0 0 0 0 0 0 0 0 37513
0 0 0.224827 0.198063 0.00438698 39.909 0.00685641 0.0019096 0.00359573 0.204766 -23.1265 0 0 0 0 0 0 0 0 0 0 37563
0 0 0.227003 0.197392 0.00447254 40.279 0.0068442 0.0019666 0.00382382 0.213195 -20.7376 0 0 0 0 0 0 0 0 0 0 37615
0 0 0.248982 0.195347 0.00444202 43.0235 0.00669707 0.00210827 0.00366597 0.234658 -19.0991 0 0 0 0 0 0 0 0 0 0 37666
0 0 0.264229 0.19438 0.00441411 44.5847 0.00612101 0.00218659 0.00339141 0.246831 -19.4746 0 0 0 0 0 0 0 0 0 0 37717
0 0 0.294191 0.193586 0.00459097 45.2422 0.00570141 0.00230082 0.0030809 0.265616 -20.4612 0 0 0 0 0 0 0 0 0 0 37767
0 0 0.292964 0.193396 0.00444273 44.9007 0.00549936 0.00221134 0.00333728 0.251564 -20.415 0 0 0 0 0 0 0 0 0 0 37820
0 0 0.304811 0.193355 0.00461809 44.4847 0.00515387 0.00226876 0.00320949 0.261298 -20.8512 0 0 0 0 0 0 0 0 0 0 37871
0 0 0.325229 0.193511 0.00452959 45.2902 0.0050269 0.00227319 0.0031902 0.262692 -21.5185 0 0 0 0 0 0 0 0 0 0 37923
0 0 0.363527 0.193881 0.00422359 46.8147 0.00497716 0.00220302 0.00334895 0.252846 -22.5959 0 0 0 0 0 0 0 0 0 0 37974
0 0 0.347508 0.1945 0.00441499 47.0494 0.004991 0.00228756 0.00313349 0.268328 -22.1565 0 0 0 0 0 0 0 0 0 0 38025
0 0 0.343748 0.194878 0.00413507 47.0953 0.00496921 0.00213628 0.00354032 0.245464 -22.1217 0 0 0 0 0 0 0 0 0 0 38075
0 0 0.300379 0.194903 0.00415424 45.4844 0.00490144 0.00206608 0.00381694 0.23512 -20.9764 0 0 0 0 0 0 0 0 0 0 38126
0 0 0.265731 0.19487 0.00427807 42.785 0.00488761 0.00198923 0.00416621 0.223607 -20.095 0 0 0 0 0 0 0 0 0 0 38176
0 0 0.239394 0.194667 0.00444909 40.3974 0.00488039 0.0019435 0.00437284 0.216378 -19.3586 0 0 0 0 0 0 0 0 0 0 38228
0 0 0.139952 0.195509 0.00711546 25.0173 0.00473843 0.00191908 0.00510819 0.215701 -15.8021 0 0 0 0 0 0 0 0 0 0 38280
0 0 0.139952 0.195509 0.00711546 25.0173 0.00473843 0.00191908 0.00510819 0.215701 -15.8021 0 0 0 0 0 0 0 0 0 0 38330
0 0 0.125309 0.197267 0.00779405 22.5716 0.00459355 0.00192014 0.00484332 0.219765 -16.6237 0 0 0 0 0 0 0 0 0 0 38380
0 0 0.125309 0.197267 0.00779405 22.5716 0.00459355 0.00192014 0.00484332 0.219765 -16.6237 0 0 0 0 0 0 0 0 0 0 38432
0 0 0.121621 0.19786 0.00798911 21.8999 0.00451586 0.00191352 0.00464831 0.221674 -17.533 0 0 0 0 0 0 0 0 0 0 38482
0 0 0.113623 0.197554 0.00848625 20.306 0.00447128 0.00189935 0.00333318 0.22011 -24.6205 0 0 0 0 0 0 0 0 0 0 38532
0 0 0.10413 0.198162 0.00908655 18.3487 0.00442664 0.0018681 0.00351108 0.215895 -24.1345 0 0 0 0 0 0 0 0 0 0 38582
0 0 0.078468 0.198469 0.0119055 13.0157 0.0043589 0.00185517 0.00460998 0.214414 -18.7028 0 0 0 0 0 0 0 0 0 0 38634
0 0 0.0436727 0.198721 0.0213544 5.98809 0.00447458 0.00185262 0.0062634 0.214855 -12.1415 0 0 0 0 0 0 0 0 0 0 38686
0 0 0.0235669 0.198591 0.0400666 2.48231 0.00478679 0.00185328 0.00863995 0.216735 -4.88561 0 0 0 0 0 0 0 0 0 0 38737
0 0 0.00930161 0.196853 0.115365 0.542696 0.00740575 0.0018517 0.0112186 0.227292 0 0 0 0 0 0 0 0 0 0 0 38788
0 0 0.00681565 0.195842 0.173149 0.301932 0.00985989 0.00185063 0.0113131 0.237027 0 0 0 0 0 0 0 0 0 0 0 38838
0 0 0.00847065 0.195843 0.15303 0.361436 0.0129053 0.00184625 0.00893262 0.244095 0 0 0 0 0 0 0 0 0 0 0 38889
0 0 0.0101037 0.19565 0.130568 0.457761 0.0131022 0.00184741 0.00706304 0.247638 -1.71754 0 0 0 0 0 0 0 0 0 0 38941
0 0 0.00961926 0.195048 0.152247 1.07943 0.0176703 0.00185697 0.00525724 0.261401 -5.35416 0 0 0 0 0 0 0 0 0 0 38992
0 0 0.0124948 0.194745 0.108585 1.23476 0.0134088 0.00185074 0.00490323 0.262813 -8.32999 0 0 0 0 0 0 0 0 0 0 39043
