0 0  0 0 0 0 0 0 0 0 0 0 64
0 0  0 0 0 0 0 0 0 0 0 0 117
0 0  0 0 0 0 0 0 0 0 0 0 168
0 0  0 0 0 0 0 0 0 0 0 0 220
0 0  0 0 0 0 0 0 0 0 0 0 272
0 0  0 0 0 0 0 0 0 0 0 0 323
0 0  0 0 0 0 0 0 0 0 0 0 374
0 0  0 0 0 0 0 0 0 0 0 0 425
0 0  0 0 0 0 0 0 0 0 0 0 476
0 0  0 0 0 0 0 0 0 0 0 0 526
0 0  0 0 0 0 0 0 0 0 0 0 578
0 0  0 0 0 0 0 0 0 0 0 0 628
0 0  0 0 0 0 0 0 0 0 0 0 678
0 0  0 0 0 0 0 0 0 0 0 0 730
0 0  0 0 0 0 0 0 0 0 0 0 781
0 0  0 0 0 0 0 0 0 0 0 0 833
0 0  0 0 0 0 0 0 0 0 0 0 883
0 0  0 0 0 0 0 0 0 0 0 0 934
0 0  0 0 0 0 0 0 0 0 0 0 986
0 0  0 0 0 0 0 0 0 0 0 0 1036
0 0  0 0 0 0 0 0 0 0 0 0 1086
0 0  0 0 0 0 0 0 0 0 0 0 1137
0 0  0 0 0 0 0 0 0 0 0 0 1187
0 0  0 0 0 0 0 0 0 0 0 0 1237
0 0  0 0 0 0 0 0 0 0 0 0 1288
0 0  0 0 0 0 0 0 0 0 0 0 1338
0 0  0 0 0 0 0 0 0 0 0 0 1389
0 0  0 0 0 0 0 0 0 0 0 0 1439
0 0  0 0 0 0 0 0 0 0 0 0 1489
0 0  0 0 0 0 0 0 0 0 0 0 1546
0 0  0 0 0 0 0 0 0 0 0 0 1734
0 0  0 0 0 0 0 0 0 0 0 0 1784
0 0  0 0 0 0 0 0 0 0 0 0 1834
0 0  0 0 0 0 0 0 0 0 0 0 1886
0 0  0 0 0 0 0 0 0 0 0 0 1936
0 0  0 0 0 0 0 0 0 0 0 0 1987
0 0  0 0 0 0 0 0 0 0 0 0 2038
0 0  0 0 0 0 0 0 0 0 0 0 2089
0 0  0 0 0 0 0 0 0 0 0 0 2140
0 0  0 0 0 0 0 0 0 0 0 0 2191
0 0  0 0 0 0 0 0 0 0 0 0 2241
0 0  0 0 0 0 0 0 0 0 0 0 2293
0 0  0 0 0 0 0 0 0 0 0 0 2344
0 0  0 0 0 0 0 0 0 0 0 0 2395
0 0  0 0 0 0 0 0 0 0 0 0 2446
0 0  0 0 0 0 0 0 0 0 0 0 2497
0 0  0 0 0 0 0 0 0 0 0 0 2548
0 0  0 0 0 0 0 0 0 0 0 0 2599
0 0  0 0 0 0 0 0 0 0 0 0 2650
0 0  0 0 0 0 0 0 0 0 0 0 2701
0 0  0 0 0 0 0 0 0 0 0 0 2752
0 0  0 0 0 0 0 0 0 0 0 0 2803
0 0  0 0 0 0 0 0 0 0 0 0 2854
0 0  0 0 0 0 0 0 0 0 0 0 2906
0 0  0 0 0 0 0 0 0 0 0 0 2957
0 0  0 0 0 0 0 0 0 0 0 0 3007
0 0  0 0 0 0 0 0 0 0 0 0 3058
0 0  0 0 0 0 0 0 0 0 0 0 3109
0 0  0 0 0 0 0 0 0 0 0 0 3160
0 0  0 0 0 0 0 0 0 0 0 0 3212
0 0  0 0 0 0 0 0 0 0 0 0 3261
0 0  0 0 0 0 0 0 0 0 0 0 3312
0 0  0 0 0 0 0 0 0 0 0 0 3362
0 0  0 0 0 0 0 0 0 0 0 0 3414
0 0  0 0 0 0 0 0 0 0 0 0 3465
0 0  0 0 0 0 0 0 0 0 0 0 3516
0 0  0 0 0 0 0 0 0 0 0 0 3567
0 0  0 0 0 0 0 0 0 0 0 0 3618
0 0  0 0 0 0 0 0 0 0 0 0 3669
0 inf  0 0 0 0 0 0 0 0 0 0 3720
0 inf  0 0 0 0 0 0 0 0 0 0 3771
1 inf  0 0 0 0 0 0 0 0 0 0 3822
1 inf  0 0 0 0 0 0 0 0 0 0 3873
1 inf  0 0 0 0 0 0 0 0 0 0 3925
1 inf  0 0 0 0 0 0 0 0 0 0 3975
1 inf  0 0 0 0 0 0 0 0 0 0 4025
1 inf  0 0 0 0 0 0 0 0 0 0 4076
1 inf  0 0 0 0 0 0 0 0 0 0 4126
1 inf  0 0 0 0 0 0 0 0 0 0 4178
1 inf  0 0 0 0 0 0 0 0 0 0 4229
1 inf  0 0 0 0 0 0 0 0 0 0 4281
1 inf  0 0 0 0 0 0 0 0 0 0 4331
1 inf  0 0 0 0 0 0 0 0 0 0 4382
1 inf  0 0 0 0 0 0 0 0 0 0 4433
1 inf  0 0 0 0 0 0 0 0 0 0 4484
1 inf  0 0 0 0 0 0 0 0 0 0 4535
1 inf  0 0 0 0 0 0 0 0 0 0 4586
1 inf  0 0 0 0 0 0 0 0 0 0 4637
1 inf  0 0 0 0 0 0 0 0 0 0 4687
1 inf  0 0 0 0 0 0 0 0 0 0 4738
1 inf  0 0 0 0 0 0 0 0 0 0 4790
1 inf  0 0 0 0 0 0 0 0 0 0 4841
1 inf  0 0 0 0 0 0 0 0 0 0 4893
1 inf  0 0 0 0 0 0 0 0 0 0 4944
0 46.69  0 0 0 0 0 0 0 0 0 0 4996
0 46.69  0 0 0 0 0 0 0 0 0 0 5046
1 46.69  0 0 0 0 0 0 0 0 0 0 5097
1 46.69  0 0 0 0 0 0 0 0 0 0 5148
1 46.69  0 0 0 0 0 0 0 0 0 0 5199
1 46.69  0 0 0 0 0 0 0 0 0 0 5251
1 46.69  0 0 0 0 0 0 0 0 0 0 5303
1 46.69  0 0 0 0 0 0 0 0 0 0 5354
1 46.69  0 0 0 0 0 0 0 0 0 0 5406
1 46.69  0 0 0 0 0 0 0 0 0 0 5456
1 46.69  0 0 0 0 0 0 0 0 0 0 5507
1 46.69  0 0 0 0 0 0 0 0 0 0 5557
1 46.69  0 0 0 0 0 0 0 0 0 0 5609
1 46.69  0 0 0 0 0 0 0 0 0 0 5660
1 46.69  0 0 0 0 0 0 0 0 0 0 5711
1 46.69  0 0 0 0 0 0 0 0 0 0 5762
1 46.69  0 0 0 0 0 0 0 0 0 0 5812
1 46.69  0 0 0 0 0 0 0 0 0 0 5863
1 60.73  0 0 0 0 0 0 0 0 0 0 5914
1 60.73  0 0 0 0 0 0 0 0 0 0 5964
1 60.73  0 0 0 0 0 0 0 0 0 0 6015
1 60.73  0 0 0 0 0 0 0 0 0 0 6065
1 60.73  0 0 0 0 0 0 0 0 0 0 6116
1 60.73  0 0 0 0 0 0 0 0 0 0 6166
1 60.73  0 0 0 0 0 0 0 0 0 0 6217
1 60.73  0 0 0 0 0 0 0 0 0 0 6267
1 60.73  0 0 0 0 0 0 0 0 0 0 6318
1 60.73  0 0 0 0 0 0 0 0 0 0 6368
0 60.73  0 0 0 0 0 0 0 0 0 0 6431
0 60.73  0 0 0 0 0 0 0 0 0 0 6483
1 60.73  0 0 0 0 0 0 0 0 0 0 6533
1 60.73  0 0 0 0 0 0 0 0 0 0 6584
1 60.73  0 0 0 0 0 0 0 0 0 0 6635
1 60.73  0 0 0 0 0 0 0 0 0 0 6686
1 60.73  0 0 0 0 0 0 0 0 0 0 6738
1 66.59  0 0 0 0 0 0 0 0 0 0 6790
1 66.59  0 0 0 0 0 0 0 0 0 0 6841
1 66.59  0 0 0 0 0 0 0 0 0 0 6893
1 66.59  0 0 0 0 0 0 0 0 0 0 6944
0 66.59  0 0 0 0 0 0 0 0 0 0 6995
0 66.59  0 0 0 0 0 0 0 0 0 0 7047
1 66.59  0 0 0 0 0 0 0 0 0 0 7098
1 66.59  0 0 0 0 0 0 0 0 0 0 7150
1 66.59  0 0 0 0 0 0 0 0 0 0 7202
1 66.59  0 0 0 0 0 0 0 0 0 0 7252
1 66.59  0 0 0 0 0 0 0 0 0 0 7304
1 66.59  0 0 0 0 0 0 0 0 0 0 7356
1 66.59  0 0 0 0 0 0 0 0 0 0 7408
1 66.59  0 0 0 0 0 0 0 0 0 0 7459
1 66.59  0 0 0 0 0 0 0 0 0 0 7509
1 66.59  0 0 0 0 0 0 0 0 0 0 7560
1 66.59  0 0 0 0 0 0 0 0 0 0 7610
1 66.59  0 0 0 0 0 0 0 0 0 0 7661
1 66.59  0 0 0 0 0 0 0 0 0 0 7711
1 66.59  0 0 0 0 0 0 0 0 0 0 7762
1 66.59  0 0 0 0 0 0 0 0 0 0 7812
1 66.59  0 0 0 0 0 0 0 0 0 0 7863
1 66.59  0 0 0 0 0 0 0 0 0 0 7915
1 66.59  0 0 0 0 0 0 0 0 0 0 7966
1 66.59  0 0 0 0 0 0 0 0 0 0 8017
1 66.59  0 0 0 0 0 0 0 0 0 0 8067
1 66.59  0 0 0 0 0 0 0 0 0 0 8117
1 66.59  0 0 0 0 0 0 0 0 0 0 8168
1 66.59  0 0 0 0 0 0 0 0 0 0 8219
1 66.59  0 0 0 0 0 0 0 0 0 0 8269
1 66.59  0 0 0 0 0 0 0 0 0 0 8319
1 66.59  0 0 0 0 0 0 0 0 0 0 8371
1 66.59  0 0 0 0 0 0 0 0 0 0 8422
1 66.59  0 0 0 0 0 0 0 0 0 0 8474
1 66.59  0 0 0 0 0 0 0 0 0 0 8526
1 66.59  0 0 0 0 0 0 0 0 0 0 8577
1 66.59  0 0 0 0 0 0 0 0 0 0 8628
1 66.59  0 0 0 0 0 0 0 0 0 0 8678
1 66.59  0 0 0 0 0 0 0 0 0 0 8729
1 66.59  0 0 0 0 0 0 0 0 0 0 8780
1 66.59  0 0 0 0 0 0 0 0 0 0 8829
1 66.59  0 0 0 0 0 0 0 0 0 0 8881
0 66.59  0 0 0 0 0 0 0 0 0 0 8933
0 66.59  0 0 0 0 0 0 0 0 0 0 8983
1 66.59  0 0 0 0 0 0 0 0 0 0 9034
1 66.59  0 0 0 0 0 0 0 0 0 0 9085
1 66.59  0 0 0 0 0 0 0 0 0 0 9137
1 66.59  0 0 0 0 0 0 0 0 0 0 9189
1 66.59  0 0 0 0 0 0 0 0 0 0 9239
1 66.59  0 0 0 0 0 0 0 0 0 0 9290
1 66.59  0 0 0 0 0 0 0 0 0 0 9341
1 66.59  0 0 0 0 0 0 0 0 0 0 9392
1 66.59  0 0 0 0 0 0 0 0 0 0 9441
1 66.59  0 0 0 0 0 0 0 0 0 0 9492
1 66.59  0 0 0 0 0 0 0 0 0 0 9544
1 66.59  0 0 0 0 0 0 0 0 0 0 9595
1 66.59  0 0 0 0 0 0 0 0 0 0 9646
1 0  0 0 0 0 0 0 0 0 0 0 9698
1 0  0 0 0 0 0 0 0 0 0 0 9750
1 0  0 0 0 0 0 0 0 0 0 0 9800
1 0  0 0 0 0 0 0 0 0 0 0 9851
1 66.59  0 0 0 0 0 0 0 0 0 0 9903
1 66.59  0 0 0 0 0 0 0 0 0 0 9954
1 66.59  0 0 0 0 0 0 0 0 0 0 10005
1 66.59  0 0 0 0 0 0 0 0 0 0 10056
1 66.59  0 0 0 0 0 0 0 0 0 0 10106
1 66.59  0 0 0 0 0 0 0 0 0 0 10156
1 66.59  0 0 0 0 0 0 0 0 0 0 10207
1 66.59  0 0 0 0 0 0 0 0 0 0 10258
1 66.59  0 0 0 0 0 0 0 0 0 0 10308
1 66.59  0 0 0 0 0 0 0 0 0 0 10358
1 66.59  0 0 0 0 0 0 0 0 0 0 10409
1 66.59  0 0 0 0 0 0 0 0 0 0 10460
1 66.59  0 0 0 0 0 0 0 0 0 0 10511
1 66.59  0 0 0 0 0 0 0 0 0 0 10561
1 66.59  0 0 0 0 0 0 0 0 0 0 10611
1 66.59  0 0 0 0 0 0 0 0 0 0 10662
1 66.59  0 0 0 0 0 0 0 0 0 0 10714
1 66.59  0 0 0 0 0 0 0 0 0 0 10765
1 66.59  0 0 0 0 0 0 0 0 0 0 10817
1 66.59  0 0 0 0 0 0 0 0 0 0 10867
1 66.59  0 0 0 0 0 0 0 0 0 0 10918
1 66.59  0 0 0 0 0 0 0 0 0 0 10969
1 66.59  0 0 0 0 0 0 0 0 0 0 11019
1 66.59  0 0 0 0 0 0 0 0 0 0 11071
1 14.08  0 0 0 0 0 0 0 0 0 0 11122
1 14.08  0 0 0 0 0 0 0 0 0 0 11172
1 14.08  0 0 0 0 0 0 0 0 0 0 11223
1 14.08  0 0 0 0 0 0 0 0 0 0 11274
1 14.08  0 0 0 0 0 0 0 0 0 0 11324
1 14.08  0 0 0 0 0 0 0 0 0 0 11374
1 14.08  0 0 0 0 0 0 0 0 0 0 11425
1 14.08  0 0 0 0 0 0 0 0 0 0 11476
0 14.08  0 0 0 0 0 0 0 0 0 0 11527
0 14.08  0 0 0 0 0 0 0 0 0 0 11578
1 14.08  0 0 0 0 0 0 0 0 0 0 11628
1 14.08  0 0 0 0 0 0 0 0 0 0 11678
1 100.67  0 0 0 0 0 0 0 0 0 0 11729
1 100.67  0 0 0 0 0 0 0 0 0 0 11780
1 100.67  0 0 0 0 0 0 0 0 0 0 11831
1 100.67  0 0 0 0 0 0 0 0 0 0 11880
1 100.67  0 0 0 0 0 0 0 0 0 0 11932
1 100.67  0 0 0 0 0 0 0 0 0 0 11984
1 100.67  0 0 0 0 0 0 0 0 0 0 12035
1 100.67  0 0 0 0 0 0 0 0 0 0 12085
1 100.67  0 0 0 0 0 0 0 0 0 0 12136
1 100.67  0 0 0 0 0 0 0 0 0 0 12186
1 100.67  0 0 0 0 0 0 0 0 0 0 12237
1 100.67  0 0 0 0 0 0 0 0 0 0 12287
1 100.67  0 0 0 0 0 0 0 0 0 0 12339
1 100.67  0 0 0 0 0 0 0 0 0 0 12390
1 100.67  0 0 0 0 0 0 0 0 0 0 12441
1 100.67  0 0 0 0 0 0 0 0 0 0 12494
1 100.67  0 0 0 0 0 0 0 0 0 0 12544
1 100.67  0 0 0 0 0 0 0 0 0 0 12596
1 100.67  0 0 0 0 0 0 0 0 0 0 12647
1 100.67  0 0 0 0 0 0 0 0 0 0 12699
1 100.67  0 0 0 0 0 0 0 0 0 0 12749
1 100.67  0 0 0 0 0 0 0 0 0 0 12800
1 100.67  0 0 0 0 0 0 0 0 0 0 12851
0 100.67  0 0 0 0 0 0 0 0 0 0 12902
0 100.67  0 0 0 0 0 0 0 0 0 0 12952
1 51.19  0 0 0 0 0 0 0 0 0 0 13002
1 51.19  0 0 0 0 0 0 0 0 0 0 13054
1 51.19  0 0 0 0 0 0 0 0 0 0 13106
1 51.19  0 0 0 0 0 0 0 0 0 0 13157
1 51.19  0 0 0 0 0 0 0 0 0 0 13208
1 51.19  0 0 0 0 0 0 0 0 0 0 13258
0 51.19  0 0 0 0 0 0 0 0 0 0 13309
0 51.19  0 0 0 0 0 0 0 0 0 0 13359
1 51.19  0 0 0 0 0 0 0 0 0 0 13409
1 51.19  0 0 0 0 0 0 0 0 0 0 13461
1 51.19  0 0 0 0 0 0 0 0 0 0 13512
1 51.19  0 0 0 0 0 0 0 0 0 0 13563
1 51.19  0 0 0 0 0 0 0 0 0 0 13614
1 51.19  0 0 0 0 0 0 0 0 0 0 13666
0 51.19  0 0 0 0 0 0 0 0 0 0 13715
0 51.19  0 0 0 0 0 0 0 0 0 0 13765
1 65.5  0 0 0 0 0 0 0 0 0 0 13816
1 65.5  0 0 0 0 0 0 0 0 0 0 13868
1 65.5  0 0 0 0 0 0 0 0 0 0 13919
1 65.5  0 0 0 0 0 0 0 0 0 0 13970
1 65.5  0 0 0 0 0 0 0 0 0 0 14021
1 65.5  0 0 0 0 0 0 0 0 0 0 14072
1 65.5  0 0 0 0 0 0 0 0 0 0 14122
1 65.5  0 0 0 0 0 0 0 0 0 0 14173
1 65.5  0 0 0 0 0 0 0 0 0 0 14223
1 65.5  0 0 0 0 0 0 0 0 0 0 14274
1 65.5  0 0 0 0 0 0 0 0 0 0 14324
1 65.5  0 0 0 0 0 0 0 0 0 0 14374
1 65.5  0 0 0 0 0 0 0 0 0 0 14426
1 65.5  0 0 0 0 0 0 0 0 0 0 14477
1 65.5  0 0 0 0 0 0 0 0 0 0 14528
1 65.5  0 0 0 0 0 0 0 0 0 0 14579
1 0  0 0 0 0 0 0 0 0 0 0 14630
1 0  0 0 0 0 0 0 0 0 0 0 14681
1 0  0 0 0 0 0 0 0 0 0 0 14731
1 0  0 0 0 0 0 0 0 0 0 0 14781
1 65.5  0 0 0 0 0 0 0 0 0 0 14833
1 65.5  0 0 0 0 0 0 0 0 0 0 14884
1 65.5  0 0 0 0 0 0 0 0 0 0 14935
1 65.5  0 0 0 0 0 0 0 0 0 0 14986
1 65.5  0 0 0 0 0 0 0 0 0 0 15037
1 43.96  0 0 0 0 0 0 0 0 0 0 15088
1 43.96  0 0 0 0 0 0 0 0 0 0 15139
1 43.96  0 0 0 0 0 0 0 0 0 0 15189
1 43.96  0 0 0 0 0 0 0 0 0 0 15240
0 43.96  0 0 0 0 0 0 0 0 0 0 15292
0 43.96  0 0 0 0 0 0 0 0 0 0 15343
1 43.96  0 0 0 0 0 0 0 0 0 0 15393
1 43.96  0 0 0 0 0 0 0 0 0 0 15444
1 43.96  0 0 0 0 0 0 0 0 0 0 15495
1 43.96  0 0 0 0 0 0 0 0 0 0 15545
1 43.96  0 0 0 0 0 0 0 0 0 0 15596
1 43.96  0 0 0 0 0 0 0 0 0 0 15646
1 43.96  0 0 0 0 0 0 0 0 0 0 15697
1 43.96  0 0 0 0 0 0 0 0 0 0 15748
4 43.96  0 0 0 0 0 0 0 0 0 0 15797
4 43.96  0 0 0 0 0 0 0 0 0 0 15849
12 43.96  0 0 0 0 0 0 0 0 0 0 15900
12 43.96  0 0 0 0 0 0 0 0 0 0 15952
19 43.96  0 0 0 0 0 0 0 0 0 0 16002
19 43.96  0 0 0 0 0 0 0 0 0 0 16052
22 43.96  0 0 0 0 0 0 0 0 0 0 16102
22 43.96  0 0 0 0 0 0 0 0 0 0 16152
18 43.96  0 0 0 0 0 0 0 0 0 0 16202
18 43.96  0 0 0 0 0 0 0 0 0 0 16253
16 43.96  0 0 0 0 0 0 0 0 0 0 16303
16 43.96  0 0 0 0 0 0 0 0 0 0 16353
21 43.96  0 0 0 0 0 0 0 0 0 0 16404
21 43.96  0 0 0 0 0 0 0 0 0 0 16454
22 48.58  0 0 0 0 0 0 0 0 0 0 16504
22 48.58  0 0 0 0 0 0 0 0 0 0 16555
16 48.58  0 0 0 0 0 0 0 0 0 0 16606
16 48.58  0 0 0 0 0 0 0 0 0 0 16657
24 48.58  0 0 0 0 0 0 0 0 0 0 16707
24 48.58  0 0 0 0 0 0 0 0 0 0 16758
128 48.58  0 0 0 0 0 0 0 0 0 0 16808
128 48.58  0 0 0 0 0 0 0 0 0 0 16858
198 48.58  0 0 0 0 0 0 0 0 0 0 16908
198 48.58  0 0 0 0 0 0 0 0 0 0 16959
243 48.58  0 0 0 0 0 0 0 0 0 0 17009
243 48.58  0 0 0 0 0 0 0 0 0 0 17059
267 48.58  0 0 0 0 0 0 0 0 0 0 17110
267 48.58  0 0 0 0 0 0 0 0 0 0 17160
227 48.58  0 0 0 0 0 0 0 0 0 0 17210
227 48.58  0 0 0 0 0 0 0 0 0 0 17260
131 48.58  0 0 0 0 0 0 0 0 0 0 17311
131 48.58  0 0 0 0 0 0 0 0 0 0 17361
90 48.58  0 0 0 0 0 0 0 0 0 0 17412
90 48.58  0 0 0 0 0 0 0 0 0 0 17463
69 48.58  0 0 0 0 0 0 0 0 0 0 17512
69 48.58  0 0 0 0 0 0 0 0 0 0 17563
52 48.58  0 0 0 0 0 0 0 0 0 0 17614
52 48.58  0 0 0 0 0 0 0 0 0 0 17664
37 48.58  0 0 0 0 0 0 0 0 0 0 17715
37 48.58  0 0 0 0 0 0 0 0 0 0 17765
27 48.58  0 0 0 0 0 0 0 0 0 0 17816
27 48.58  0 0 0 0 0 0 0 0 0 0 17866
23 48.58  0 0 0 0 0 0 0 0 0 0 17916
23 48.58  0 0 0 0 0 0 0 0 0 0 17966
23 40  0 0 0 0 0 0 0 0 0 0 18017
23 40  0 0 0 0 0 0 0 0 0 0 18068
20 40  0 0 0 0 0 0 0 0 0 0 18119
20 40  0 0 0 0 0 0 0 0 0 0 18169
15 40  0 0 0 0 0 0 0 0 0 0 18219
15 40  0 0 0 0 0 0 0 0 0 0 18270
9 40  0 0 0 0 0 0 0 0 0 0 18320
9 40  0 0 0 0 0 0 0 0 0 0 18370
6 40  0 0 0 0 0 0 0 0 0 0 18421
6 40  0 0 0 0 0 0 0 0 0 0 18472
5 40  0 0 0 0 0 0 0 0 0 0 18524
5 40  0 0 0 0 0 0 0 0 0 0 18574
7 40  0 0 0 0 0 0 0 0 0 0 18625
7 40  0 0 0 0 0 0 0 0 0 0 18676
9 40  0 0 0 0 0 0 0 0 0 0 18726
9 40  0 0 0 0 0 0 0 0 0 0 18777
10 40  0 0 0 0 0 0 0 0 0 0 18827
10 40  0 0 0 0 0 0 0 0 0 0 18878
11 40  0 0 0 0 0 0 0 0 0 0 18928
11 40  0 0 0 0 0 0 0 0 0 0 18979
13 40  0 0 0 0 0 0 0 0 0 0 19030
13 40  0 0 0 0 0 0 0 0 0 0 19081
12 54.55  0 0 0 0 0 0 0 0 0 0 19131
12 54.55  0 0 0 0 0 0 0 0 0 0 19181
10 54.55  0 0 0 0 0 0 0 0 0 0 19231
10 54.55  0 0 0 0 0 0 0 0 0 0 19282
10 54.55  0 0 0 0 0 0 0 0 0 0 19332
10 54.55  0 0 0 0 0 0 0 0 0 0 19383
14 54.55  0 0 0 0 0 0 0 0 0 0 19434
14 54.55  0 0 0 0 0 0 0 0 0 0 19485
17 54.55  0 0 0 0 0 0 0 0 0 0 19535
21 54.55  0 0 0 0 0 0 0 0 0 0 19585
21 54.55  0 0 0 0 0 0 0 0 0 0 19635
22 54.55  0 0 0 0 0 0 0 0 0 0 19687
22 54.55  0 0 0 0 0 0 0 0 0 0 19738
23 54.55  0 0 0 0 0 0 0 0 0 0 19790
23 54.55  0 0 0 0 0 0 0 0 0 0 19840
24 54.55  0 0 0 0 0 0 0 0 0 0 19890
24 54.55  0 0 0 0 0 0 0 0 0 0 19941
23 54.55  0 0 0 0 0 0 0 0 0 0 19994
23 54.55  0 0 0 0 0 0 0 0 0 0 20073
23 54.55  0 0 0 0 0 0 0 0 0 0 20123
23 54.55  0 0 0 0 0 0 0 0 0 0 20174
1 54.55  0 0 0 0 0 0 0 0 0 0 20224
1 54.55  0 0 0 0 0 0 0 0 0 0 20275
1 54.55  0 0 0 0 0 0 0 0 0 0 20325
1 54.55  0 0 0 0 0 0 0 0 0 0 20375
1 54.55  0 0 0 0 0 0 0 0 0 0 20425
1 54.55  0 0 0 0 0 0 0 0 0 0 20475
2 54.55  0 0 0 0 0 0 0 0 0 0 20526
2 54.55  0 0 0 0 0 0 0 0 0 0 20576
5 54.55  0 0 0 0 0 0 0 0 0 0 20626
5 54.55  0 0 0 0 0 0 0 0 0 0 20677
8 54.55  0 0 0 0 0 0 0 0 0 0 20727
8 54.55  0 0 0 0 0 0 0 0 0 0 20777
10 54.55  0 0 0 0 0 0 0 0 0 0 20828
10 54.55  0 0 0 0 0 0 0 0 0 0 20878
13 54.55  0 0 0 0 0 0 0 0 0 0 20929
13 54.55  0 0 0 0 0 0 0 0 0 0 20978
13 54.55  0 0 0 0 0 0 0 0 0 0 21029
13 54.55  0 0 0 0 0 0 0 0 0 0 21079
14 54.55  0 0 0 0 0 0 0 0 0 0 21129
14 54.55  0 0 0 0 0 0 0 0 0 0 21180
14 54.55  0 0 0 0 0 0 0 0 0 0 21230
14 54.55  0 0 0 0 0 0 0 0 0 0 21280
14 54.55  0 0 0 0 0 0 0 0 0 0 21331
14 54.55  0 0 0 0 0 0 0 0 0 0 21381
15 54.55  0 0 0 0 0 0 0 0 0 0 21431
15 54.55  0 0 0 0 0 0 0 0 0 0 21481
16 54.55  0 0 0 0 0 0 0 0 0 0 21532
16 54.55  0 0 0 0 0 0 0 0 0 0 21582
16 54.55  0 0 0 0 0 0 0 0 0 0 21632
16 54.55  0 0 0 0 0 0 0 0 0 0 21684
17 54.55  0 0 0 0 0 0 0 0 0 0 21735
17 54.55  0 0 0 0 0 0 0 0 0 0 21785
17 54.55  0 0 0 0 0 0 0 0 0 0 21836
16 54.55  0 0 0 0 0 0 0 0 0 0 21887
16 54.55  0 0 0 0 0 0 0 0 0 0 21937
17 54.55  0 0 0 0 0 0 0 0 0 0 21988
17 54.55  0 0 0 0 0 0 0 0 0 0 22039
18 54.55  0 0 0 0 0 0 0 0 0 0 22090
18 54.55  0 0 0 0 0 0 0 0 0 0 22140
16 54.55  0 0 0 0 0 0 0 0 0 0 22191
16 54.55  0 0 0 0 0 0 0 0 0 0 22242
16 54.55  0 0 0 0 0 0 0 0 0 0 22292
16 54.55  0 0 0 0 0 0 0 0 0 0 22343
16 54.55  0 0 0 0 0 0 0 0 0 0 22393
16 54.55  0 0 0 0 0 0 0 0 0 0 22443
17 54.55  0 0 0 0 0 0 0 0 0 0 22494
17 54.55  0 0 0 0 0 0 0 0 0 0 22544
17 54.55  0 0 0 0 0 0 0 0 0 0 22595
17 54.55  0 0 0 0 0 0 0 0 0 0 22645
17 54.55  0 0 0 0 0 0 0 0 0 0 22696
17 54.55  0 0 0 0 0 0 0 0 0 0 22747
18 54.55  0 0 0 0 0 0 0 0 0 0 22798
18 54.55  0 0 0 0 0 0 0 0 0 0 22848
18 54.55  0 0 0 0 0 0 0 0 0 0 22899
18 54.55  0 0 0 0 0 0 0 0 0 0 22950
17 54.55  0 0 0 0 0 0 0 0 0 0 23001
17 54.55  0 0 0 0 0 0 0 0 0 0 23052
18 54.55  0 0 0 0 0 0 0 0 0 0 23102
18 54.55  0 0 0 0 0 0 0 0 0 0 23152
18 54.55  0 0 0 0 0 0 0 0 0 0 23203
18 54.55  0 0 0 0 0 0 0 0 0 0 23254
18 54.55  0 0 0 0 0 0 0 0 0 0 23305
18 54.55  0 0 0 0 0 0 0 0 0 0 23356
18 54.55  0 0 0 0 0 0 0 0 0 0 23407
18 54.55  0 0 0 0 0 0 0 0 0 0 23458
18 54.55  0 0 0 0 0 0 0 0 0 0 23510
18 54.55  0 0 0 0 0 0 0 0 0 0 23559
17 54.55  0 0 0 0 0 0 0 0 0 0 23610
17 54.55  0 0 0 0 0 0 0 0 0 0 23661
17 54.55  0 0 0 0 0 0 0 0 0 0 23712
17 54.55  0 0 0 0 0 0 0 0 0 0 23762
18 54.55  0 0 0 0 0 0 0 0 0 0 23812
18 54.55  0 0 0 0 0 0 0 0 0 0 23863
20 54.55  0 0 0 0 0 0 0 0 0 0 23914
20 54.55  0 0 0 0 0 0 0 0 0 0 23965
21 54.55  0 0 0 0 0 0 0 0 0 0 24016
21 54.55  0 0 0 0 0 0 0 0 0 0 24067
21 54.55  0 0 0 0 0 0 0 0 0 0 24118
21 54.55  0 0 0 0 0 0 0 0 0 0 24167
19 54.55  0 0 0 0 0 0 0 0 0 0 24218
19 54.55  0 0 0 0 0 0 0 0 0 0 24268
18 54.55  0 0 0 0 0 0 0 0 0 0 24319
18 54.55  0 0 0 0 0 0 0 0 0 0 24370
17 54.55  0 0 0 0 0 0 0 0 0 0 24420
17 54.55  0 0 0 0 0 0 0 0 0 0 24471
17 54.55  0 0 0 0 0 0 0 0 0 0 24521
17 54.55  0 0 0 0 0 0 0 0 0 0 24571
17 54.55  0 0 0 0 0 0 0 0 0 0 24622
17 54.55  0 0 0 0 0 0 0 0 0 0 24673
17 54.55  0 0 0 0 0 0 0 0 0 0 24724
17 54.55  0 0 0 0 0 0 0 0 0 0 24773
16 54.55  0 0 0 0 0 0 0 0 0 0 24823
16 54.55  0 0 0 0 0 0 0 0 0 0 24874
15 54.55  0 0 0 0 0 0 0 0 0 0 24925
15 54.55  0 0 0 0 0 0 0 0 0 0 24975
15 54.55  0 0 0 0 0 0 0 0 0 0 25026
15 54.55  0 0 0 0 0 0 0 0 0 0 25076
9 54.55  0 0 0 0 0 0 0 0 0 0 25126
9 54.55  0 0 0 0 0 0 0 0 0 0 25177
9 54.55  0 0 0 0 0 0 0 0 0 0 25227
9 54.55  0 0 0 0 0 0 0 0 0 0 25278
1 9.82  0 0 0 0 0 0 0 0 0 0 25329
1 9.82  0 0 0 0 0 0 0 0 0 0 25379
1 9.82  0 0 0 0 0 0 0 0 0 0 25430
1 9.82  0 0 0 0 0 0 0 0 0 0 25480
6 9.82  0 0 0 0 0 0 0 0 0 0 25530
6 9.82  0 0 0 0 0 0 0 0 0 0 25581
8 9.82  0 0 0 0 0 0 0 0 0 0 25631
8 9.82  0 0 0 0 0 0 0 0 0 0 25681
11 119.76  0 0 0 0 0 0 0 0 0 0 25732
11 119.76  0 0 0 0 0 0 0 0 0 0 25782
13 119.76  0 0 0 0 0 0 0 0 0 0 25832
13 119.76  0 0 0 0 0 0 0 0 0 0 25882
15 119.76  0 0 0 0 0 0 0 0 0 0 25934
15 119.76  0 0 0 0 0 0 0 0 0 0 25984
16 119.76  0 0 0 0 0 0 0 0 0 0 26035
16 119.76  0 0 0 0 0 0 0 0 0 0 26086
16 119.76  0 0 0 0 0 0 0 0 0 0 26136
16 119.76  0 0 0 0 0 0 0 0 0 0 26186
16 119.76  0 0 0 0 0 0 0 0 0 0 26238
16 119.76  0 0 0 0 0 0 0 0 0 0 26289
16 119.76  0 0 0 0 0 0 0 0 0 0 26340
16 119.76  0 0 0 0 0 0 0 0 0 0 26390
16 119.76  0 0 0 0 0 0 0 0 0 0 26440
16 119.76  0 0 0 0 0 0 0 0 0 0 26492
16 119.76  0 0 0 0 0 0 0 0 0 0 26542
17 119.76  0 0 0 0 0 0 0 0 0 0 26594
17 119.76  0 0 0 0 0 0 0 0 0 0 26645
17 119.76  0 0 0 0 0 0 0 0 0 0 26695
17 119.76  0 0 0 0 0 0 0 0 0 0 26746
16 119.76  0 0 0 0 0 0 0 0 0 0 26796
16 119.76  0 0 0 0 0 0 0 0 0 0 26846
12 119.76  0 0 0 0 0 0 0 0 0 0 26897
12 119.76  0 0 0 0 0 0 0 0 0 0 26948
10 119.76  0 0 0 0 0 0 0 0 0 0 26998
10 119.76  0 0 0 0 0 0 0 0 0 0 27050
9 119.76  0 0 0 0 0 0 0 0 0 0 27099
9 119.76  0 0 0 0 0 0 0 0 0 0 27149
9 119.76  0 0 0 0 0 0 0 0 0 0 27199
9 119.76  0 0 0 0 0 0 0 0 0 0 27250
10 119.76  0 0 0 0 0 0 0 0 0 0 27301
10 119.76  0 0 0 0 0 0 0 0 0 0 27351
10 119.76  0 0 0 0 0 0 0 0 0 0 27401
10 119.76  0 0 0 0 0 0 0 0 0 0 27452
10 119.76  0 0 0 0 0 0 0 0 0 0 27503
10 119.76  0 0 0 0 0 0 0 0 0 0 27553
10 119.76  0 0 0 0 0 0 0 0 0 0 27603
10 119.76  0 0 0 0 0 0 0 0 0 0 27654
7 119.76  0 0 0 0 0 0 0 0 0 0 27704
7 119.76  0 0 0 0 0 0 0 0 0 0 27754
6 28.57  0 0 0 0 0 0 0 0 0 0 27806
6 28.57  0 0 0 0 0 0 0 0 0 0 27857
10 28.57  0 0 0 0 0 0 0 0 0 0 27907
10 28.57  0 0 0 0 0 0 0 0 0 0 27957
15 28.57  0 0 0 0 0 0 0 0 0 0 28007
15 28.57  0 0 0 0 0 0 0 0 0 0 28059
18 28.57  0 0 0 0 0 0 0 0 0 0 28108
18 28.57  0 0 0 0 0 0 0 0 0 0 28158
20 28.57  0 0 0 0 0 0 0 0 0 0 28209
20 28.57  0 0 0 0 0 0 0 0 0 0 28259
22 28.57  0 0 0 0 0 0 0 0 0 0 28310
22 28.57  0 0 0 0 0 0 0 0 0 0 28361
22 28.57  0 0 0 0 0 0 0 0 0 0 28412
22 28.57  0 0 0 0 0 0 0 0 0 0 28462
22 28.57  0 0 0 0 0 0 0 0 0 0 28512
22 28.57  0 0 0 0 0 0 0 0 0 0 28563
23 28.57  0 0 0 0 0 0 0 0 0 0 28613
23 28.57  0 0 0 0 0 0 0 0 0 0 28664
24 28.57  0 0 0 0 0 0 0 0 0 0 28714
24 28.57  0 0 0 0 0 0 0 0 0 0 28765
26 28.57  0 0 0 0 0 0 0 0 0 0 28816
26 28.57  0 0 0 0 0 0 0 0 0 0 28867
26 28.57  0 0 0 0 0 0 0 0 0 0 28917
26 28.57  0 0 0 0 0 0 0 0 0 0 28968
1 28.57  0 0 0 0 0 0 0 0 0 0 29019
1 28.57  0 0 0 0 0 0 0 0 0 0 29069
1 28.57  0 0 0 0 0 0 0 0 0 0 29120
1 28.57  0 0 0 0 0 0 0 0 0 0 29171
1 28.57  0 0 0 0 0 0 0 0 0 0 29222
1 28.57  0 0 0 0 0 0 0 0 0 0 29274
1 28.57  0 0 0 0 0 0 0 0 0 0 29324
1 28.57  0 0 0 0 0 0 0 0 0 0 29376
1 28.57  0 0 0 0 0 0 0 0 0 0 29429
1 28.57  0 0 0 0 0 0 0 0 0 0 29480
6 28.57  0 0 0 0 0 0 0 0 0 0 29531
6 28.57  0 0 0 0 0 0 0 0 0 0 29581
12 28.57  0 0 0 0 0 0 0 0 0 0 29631
12 28.57  0 0 0 0 0 0 0 0 0 0 29681
16 28.57  0 0 0 0 0 0 0 0 0 0 29731
16 28.57  0 0 0 0 0 0 0 0 0 0 29783
18 29.57  0 0 0 0 0 0 0 0 0 0 29834
18 29.57  0 0 0 0 0 0 0 0 0 0 29884
20 29.57  0 0 0 0 0 0 0 0 0 0 29934
20 29.57  0 0 0 0 0 0 0 0 0 0 29985
20 29.57  0 0 0 0 0 0 0 0 0 0 30036
21 29.57  0 0 0 0 0 0 0 0 0 0 30087
21 29.57  0 0 0 0 0 0 0 0 0 0 30137
21 29.57  0 0 0 0 0 0 0 0 0 0 30188
21 29.57  0 0 0 0 0 0 0 0 0 0 30238
22 29.57  0 0 0 0 0 0 0 0 0 0 30289
22 29.57  0 0 0 0 0 0 0 0 0 0 30341
21 29.57  0 0 0 0 0 0 0 0 0 0 30392
21 29.57  0 0 0 0 0 0 0 0 0 0 30443
13 29.57  0 0 0 0 0 0 0 0 0 0 30495
13 29.57  0 0 0 0 0 0 0 0 0 0 30545
10 29.57  0 0 0 0 0 0 0 0 0 0 30597
10 29.57  0 0 0 0 0 0 0 0 0 0 30649
9 29.57  0 0 0 0 0 0 0 0 0 0 30699
9 29.57  0 0 0 0 0 0 0 0 0 0 30751
9 29.57  0 0 0 0 0 0 0 0 0 0 30803
9 29.57  0 0 0 0 0 0 0 0 0 0 30854
9 29.57  0 0 0 0 0 0 0 0 0 0 30904
9 29.57  0 0 0 0 0 0 0 0 0 0 30955
9 29.57  0 0 0 0 0 0 0 0 0 0 31006
9 29.57  0 0 0 0 0 0 0 0 0 0 31057
9 29.57  0 0 0 0 0 0 0 0 0 0 31108
9 29.57  0 0 0 0 0 0 0 0 0 0 31158
9 29.57  0 0 0 0 0 0 0 0 0 0 31210
9 29.57  0 0 0 0 0 0 0 0 0 0 31261
9 29.57  0 0 0 0 0 0 0 0 0 0 31312
9 29.57  0 0 0 0 0 0 0 0 0 0 31364
9 29.57  0 0 0 0 0 0 0 0 0 0 31414
9 29.57  0 0 0 0 0 0 0 0 0 0 31466
9 29.57  0 0 0 0 0 0 0 0 0 0 31518
9 29.57  0 0 0 0 0 0 0 0 0 0 31569
9 29.57  0 0 0 0 0 0 0 0 0 0 31619
9 29.57  0 0 0 0 0 0 0 0 0 0 31669
8 29.57  0 0 0 0 0 0 0 0 0 0 31719
8 29.57  0 0 0 0 0 0 0 0 0 0 31771
9 29.57  0 0 0 0 0 0 0 0 0 0 31821
9 29.57  0 0 0 0 0 0 0 0 0 0 31873
8 29.57  0 0 0 0 0 0 0 0 0 0 31925
8 29.57  0 0 0 0 0 0 0 0 0 0 31975
8 29.57  0 0 0 0 0 0 0 0 0 0 32026
8 29.57  0 0 0 0 0 0 0 0 0 0 32078
8 29.57  0 0 0 0 0 0 0 0 0 0 32130
8 29.57  0 0 0 0 0 0 0 0 0 0 32181
8 29.57  0 0 0 0 0 0 0 0 0 0 32231
8 29.57  0 0 0 0 0 0 0 0 0 0 32283
6 29.57  0 0 0 0 0 0 0 0 0 0 32335
6 29.57  0 0 0 0 0 0 0 0 0 0 32387
6 29.57  0 0 0 0 0 0 0 0 0 0 32438
1 29.57  0 0 0 0 0 0 0 0 0 0 32491
1 29.57  0 0 0 0 0 0 0 0 0 0 32543
1 29.57  0 0 0 0 0 0 0 0 0 0 32594
1 29.57  0 0 0 0 0 0 0 0 0 0 32646
1 29.57  0 0 0 0 0 0 0 0 0 0 32697
1 29.57  0 0 0 0 0 0 0 0 0 0 32749
2 29.57  0 0 0 0 0 0 0 0 0 0 32801
2 29.57  0 0 0 0 0 0 0 0 0 0 32853
3 29.57  0 0 0 0 0 0 0 0 0 0 32905
3 29.57  0 0 0 0 0 0 0 0 0 0 32956
4 29.57  0 0 0 0 0 0 0 0 0 0 33007
4 29.57  0 0 0 0 0 0 0 0 0 0 33057
5 29.57  0 0 0 0 0 0 0 0 0 0 33108
5 29.57  0 0 0 0 0 0 0 0 0 0 33158
5 29.57  0 0 0 0 0 0 0 0 0 0 33209
5 29.57  0 0 0 0 0 0 0 0 0 0 33324
6 29.57  0 0 0 0 0 0 0 0 0 0 33374
6 29.57  0 0 0 0 0 0 0 0 0 0 33425
6 29.57  0 0 0 0 0 0 0 0 0 0 33475
1 29.57  0 0 0 0 0 0 0 0 0 0 33527
1 29.57  0 0 0 0 0 0 0 0 0 0 33578
1 29  0 0 0 0 0 0 0 0 0 0 33629
1 29  0 0 0 0 0 0 0 0 0 0 33680
1 29  0 0 0 0 0 0 0 0 0 0 33731
1 29  0 0 0 0 0 0 0 0 0 0 33782
1 15.2  0 0 0 0 0 0 0 0 0 0 33832
1 15.2  0 0 0 0 0 0 0 0 0 0 33884
1 15.2  0 0 0 0 0 0 0 0 0 0 33936
1 15.2  0 0 0 0 0 0 0 0 0 0 33988
1 15.2  0 0 0 0 0 0 0 0 0 0 34040
1 15.2  0 0 0 0 0 0 0 0 0 0 34091
1 15.2  0 0 0 0 0 0 0 0 0 0 34142
1 15.2  0 0 0 0 0 0 0 0 0 0 34193
1 15.2  0 0 0 0 0 0 0 0 0 0 34243
1 88.5  0 0 0 0 0 0 0 0 0 0 34294
1 88.5  0 0 0 0 0 0 0 0 0 0 34344
1 88.5  0 0 0 0 0 0 0 0 0 0 34395
1 88.5  0 0 0 0 0 0 0 0 0 0 34446
1 88.5  0 0 0 0 0 0 0 0 0 0 34497
1 88.5  0 0 0 0 0 0 0 0 0 0 34548
2 88.5  0 0 0 0 0 0 0 0 0 0 34599
2 88.5  0 0 0 0 0 0 0 0 0 0 34650
2 88.5  0 0 0 0 0 0 0 0 0 0 34701
2 88.5  0 0 0 0 0 0 0 0 0 0 34753
3 88.5  0 0 0 0 0 0 0 0 0 0 34804
3 88.5  0 0 0 0 0 0 0 0 0 0 34856
3 88.5  0 0 0 0 0 0 0 0 0 0 34907
3 88.5  0 0 0 0 0 0 0 0 0 0 34957
3 88.5  0 0 0 0 0 0 0 0 0 0 35010
3 88.5  0 0 0 0 0 0 0 0 0 0 35062
3 88.5  0 0 0 0 0 0 0 0 0 0 35112
3 88.5  0 0 0 0 0 0 0 0 0 0 35163
3 88.5  0 0 0 0 0 0 0 0 0 0 35214
3 88.5  0 0 0 0 0 0 0 0 0 0 35264
4 88.5  0 0 0 0 0 0 0 0 0 0 35315
4 88.5  0 0 0 0 0 0 0 0 0 0 35365
3 88.5  0 0 0 0 0 0 0 0 0 0 35417
3 88.5  0 0 0 0 0 0 0 0 0 0 35469
4 88.5  0 0 0 0 0 0 0 0 0 0 35520
4 88.5  0 0 0 0 0 0 0 0 0 0 35571
4 88.5  0 0 0 0 0 0 0 0 0 0 35622
4 88.5  0 0 0 0 0 0 0 0 0 0 35673
4 88.5  0 0 0 0 0 0 0 0 0 0 35724
4 88.5  0 0 0 0 0 0 0 0 0 0 35774
4 88.5  0 0 0 0 0 0 0 0 0 0 35826
4 88.5  0 0 0 0 0 0 0 0 0 0 35877
4 88.5  0 0 0 0 0 0 0 0 0 0 35929
4 88.5  0 0 0 0 0 0 0 0 0 0 35980
4 88.5  0 0 0 0 0 0 0 0 0 0 36031
4 88.5  0 0 0 0 0 0 0 0 0 0 36081
4 88.5  0 0 0 0 0 0 0 0 0 0 36133
4 88.5  0 0 0 0 0 0 0 0 0 0 36182
4 88.5  0 0 0 0 0 0 0 0 0 0 36233
4 88.5  0 0 0 0 0 0 0 0 0 0 36284
4 88.5  0 0 0 0 0 0 0 0 0 0 36334
5 88.5  0 0 0 0 0 0 0 0 0 0 36386
5 88.5  0 0 0 0 0 0 0 0 0 0 36438
5 88.5  0 0 0 0 0 0 0 0 0 0 36489
5 88.5  0 0 0 0 0 0 0 0 0 0 36540
6 88.5  0 0 0 0 0 0 0 0 0 0 36592
6 88.5  0 0 0 0 0 0 0 0 0 0 36642
4 88.5  0 0 0 0 0 0 0 0 0 0 36694
4 88.5  0 0 0 0 0 0 0 0 0 0 36746
4 88.5  0 0 0 0 0 0 0 0 0 0 36798
4 88.5  0 0 0 0 0 0 0 0 0 0 36849
3 23.99  0 0 0 0 0 0 0 0 0 0 36900
3 23.99  0 0 0 0 0 0 0 0 0 0 36950
3 23.99  0 0 0 0 0 0 0 0 0 0 37001
3 23.99  0 0 0 0 0 0 0 0 0 0 37053
3 23.99  0 0 0 0 0 0 0 0 0 0 37104
3 23.99  0 0 0 0 0 0 0 0 0 0 37156
3 23.99  0 0 0 0 0 0 0 0 0 0 37207
3 23.99  0 0 0 0 0 0 0 0 0 0 37258
3 23.99  0 0 0 0 0 0 0 0 0 0 37310
3 23.99  0 0 0 0 0 0 0 0 0 0 37363
2 23.99  0 0 0 0 0 0 0 0 0 0 37414
2 23.99  0 0 0 0 0 0 0 0 0 0 37465
2 23.99  0 0 0 0 0 0 0 0 0 0 37517
2 23.99  0 0 0 0 0 0 0 0 0 0 37569
4 23.99  0 0 0 0 0 0 0 0 0 0 37620
4 23.99  0 0 0 0 0 0 0 0 0 0 37671
3 23.99  0 0 0 0 0 0 0 0 0 0 37723
3 23.99  0 0 0 0 0 0 0 0 0 0 37774
4 23.99  0 0 0 0 0 0 0 0 0 0 37827
4 23.99  0 0 0 0 0 0 0 0 0 0 37878
4 23.99  0 0 0 0 0 0 0 0 0 0 37929
4 23.99  0 0 0 0 0 0 0 0 0 0 37981
3 23.99  0 0 0 0 0 0 0 0 0 0 38033
3 23.99  0 0 0 0 0 0 0 0 0 0 38085
2 23.99  0 0 0 0 0 0 0 0 0 0 38136
3 23.99  0 0 0 0 0 0 0 0 0 0 38188
3 23.99  0 0 0 0 0 0 0 0 0 0 38239
2 23.99  0 0 0 0 0 0 0 0 0 0 38289
2 23.99  0 0 0 0 0 0 0 0 0 0 38340
2 23.99  0 0 0 0 0 0 0 0 0 0 38391
2 23.99  0 0 0 0 0 0 0 0 0 0 38441
2 23.99  0 0 0 0 0 0 0 0 0 0 38493
2 23.99  0 0 0 0 0 0 0 0 0 0 38545
2 23.99  0 0 0 0 0 0 0 0 0 0 38596
2 23.99  0 0 0 0 0 0 0 0 0 0 38646
2 23.99  0 0 0 0 0 0 0 0 0 0 38698
2 23.99  0 0 0 0 0 0 0 0 0 0 38749
3 23.99  0 0 0 0 0 0 0 0 0 0 38801
3 23.99  0 0 0 0 0 0 0 0 0 0 38852
2 23.99  0 0 0 0 0 0 0 0 0 0 38902
2 23.99  0 0 0 0 0 0 0 0 0 0 38953
3 23.99  0 0 0 0 0 0 0 0 0 0 39005
3 23.99  0 0 0 0 0 0 0 0 0 0 39057
3 23.99  0 0 0 0 0 0 0 0 0 0 39108
3 23.99  0 0 0 0 0 0 0 0 0 0 39159
2 23.99  0 0 0 0 0 0 0 0 0 0 39209
2 23.99  0 0 0 0 0 0 0 0 0 0 39261
2 23.99  0 0 0 0 0 0 0 0 0 0 39312
2 23.99  0 0 0 0 0 0 0 0 0 0 39362
2 23.99  0 0 0 0 0 0 0 0 0 0 39413
2 23.99  0 0 0 0 0 0 0 0 0 0 39464
2 23.99  0 0 0 0 0 0 0 0 0 0 39514
2 23.99  0 0 0 0 0 0 0 0 0 0 39566
2 23.99  0 0 0 0 0 0 0 0 0 0 39617
2 23.99  0 0 0 0 0 0 0 0 0 0 39668
4 23.99  0 0 0 0 0 0 0 0 0 0 39719
4 23.99  0 0 0 0 0 0 0 0 0 0 39770
11 23.99  0 0 0 0 0 0 0 0 0 0 39821
11 23.99  0 0 0 0 0 0 0 0 0 0 39871
13 20  0 0 0 0 0 0 0 0 0 0 39923
13 20  0 0 0 0 0 0 0 0 0 0 39974
11 20  0 0 0 0 0 0 0 0 0 0 40024
11 20  0 0 0 0 0 0 0 0 0 0 40075
11 20  0 0 0 0 0 0 0 0 0 0 40126
11 20  0 0 0 0 0 0 0 0 0 0 40176
12 20  0 0 0 0 0 0 0 0 0 0 40228
12 20  0 0 0 0 0 0 0 0 0 0 40278
14 20  0 0 0 0 0 0 0 0 0 0 40328
14 20  0 0 0 0 0 0 0 0 0 0 40380
14 20  0 0 0 0 0 0 0 0 0 0 40432
14 20  0 0 0 0 0 0 0 0 0 0 40483
1 20  0 0 0 0 0 0 0 0 0 0 40533
1 20  0 0 0 0 0 0 0 0 0 0 40584
1 20  0 0 0 0 0 0 0 0 0 0 40635
1 20  0 0 0 0 0 0 0 0 0 0 40686
1 20  0 0 0 0 0 0 0 0 0 0 40737
1 20  0 0 0 0 0 0 0 0 0 0 40788
1 20  0 0 0 0 0 0 0 0 0 0 40839
0 20  0 0 0 0 0 0 0 0 0 0 40889
0 20  0 0 0 0 0 0 0 0 0 0 40941
0 20  0 0 0 0 0 0 0 0 0 0 40992
0 20  0 0 0 0 0 0 0 0 0 0 41042
0 20  0 0 0 0 0 0 0 0 0 0 41093
0 20  0 0 0 0 0 0 0 0 0 0 41144
0 20  0 0 0 0 0 0 0 0 0 0 41194
0 20  0 0 0 0 0 0 0 0 0 0 41246
0 0  0 0 0 0 0 0 0 0 0 0 41297
0 0  0 0 0 0 0 0 0 0 0 0 41347
0 0  0 0 0 0 0 0 0 0 0 0 41399
0 0  0 0 0 0 0 0 0 0 0 0 41449
0 0  0 0 0 0 0 0 0 0 0 0 41500
0 0  0 0 0 0 0 0 0 0 0 0 41551
0 0  0 0 0 0 0 0 0 0 0 0 41603
0 0  0 0 0 0 0 0 0 0 0 0 41653
0 0  0 0 0 0 0 0 0 0 0 0 41705
0 0  0 0 0 0 0 0 0 0 0 0 41756
0 0  0 0 0 0 0 0 0 0 0 0 41807
0 0  0 0 0 0 0 0 0 0 0 0 41858
0 0  0 0 0 0 0 0 0 0 0 0 41908
0 0  0 0 0 0 0 0 0 0 0 0 41959
0 0  0 0 0 0 0 0 0 0 0 0 42010
0 0  0 0 0 0 0 0 0 0 0 0 42060
0 0  0 0 0 0 0 0 0 0 0 0 42112
0 0  0 0 0 0 0 0 0 0 0 0 42163
0 34  0 0 0 0 0 0 0 0 0 0 42213
0 34  0 0 0 0 0 0 0 0 0 0 42265
0 0  0 0 0 0 0 0 0 0 0 0 42315
0 0  0 0 0 0 0 0 0 0 0 0 42366
0 0  0 0 0 0 0 0 0 0 0 0 42418
0 0  0 0 0 0 0 0 0 0 0 0 42468
0 0  0 0 0 0 0 0 0 0 0 0 42519
0 0  0 0 0 0 0 0 0 0 0 0 42570
0 0  0 0 0 0 0 0 0 0 0 0 42621
0 0  0 0 0 0 0 0 0 0 0 0 42672
0 0  0 0 0 0 0 0 0 0 0 0 42722
0 0  0 0 0 0 0 0 0 0 0 0 42773
0 0  0 0 0 0 0 0 0 0 0 0 42824
0 0  0 0 0 0 0 0 0 0 0 0 42874
0 0  0 0 0 0 0 0 0 0 0 0 42926
0 0  0 0 0 0 0 0 0 0 0 0 42975
0 0  0 0 0 0 0 0 0 0 0 0 43026
0 0  0 0 0 0 0 0 0 0 0 0 43078
0 46  0 0 0 0 0 0 0 0 0 0 43130
0 46  0 0 0 0 0 0 0 0 0 0 43182
0 46.1  0 0 0 0 0 0 0 0 0 0 43231
0 46.1  0 0 0 0 0 0 0 0 0 0 43282
519 46  0 0 0 0 0 0 0 0 0 0 43332
519 46  0 0 0 0 0 0 0 0 0 0 43383
1520 46.15  0 0 0 0 0 0 0 0 0 0 43434
1520 46.15  0 0 0 0 0 0 0 0 0 0 43484
20 0  0 0 0 0 0 0 0 0 0 0 43536
20 0  0 0 0 0 0 0 0 0 0 0 43587
20 0  0 0 0 0 0 0 0 0 0 0 43638
20 0  0 0 0 0 0 0 0 0 0 0 43688
20 0  0 0 0 0 0 0 0 0 0 0 43740
20 0  0 0 0 0 0 0 0 0 0 0 43792
20 0  0 0 0 0 0 0 0 0 0 0 43843
20 0  0 0 0 0 0 0 0 0 0 0 43895
20 0  0 0 0 0 0 0 0 0 0 0 43947
20 0  0 0 0 0 0 0 0 0 0 0 43998
20 0  0 0 0 0 0 0 0 0 0 0 44048
20 0  0 0 0 0 0 0 0 0 0 0 44100
20 0  0 0 0 0 0 0 0 0 0 0 44149
0 0  0 0 0 0 0 0 0 0 0 0 44201
0 0  0 0 0 0 0 0 0 0 0 0 44252
0 0  0 0 0 0 0 0 0 0 0 0 44304
0 0  0 0 0 0 0 0 0 0 0 0 44356
0 0  0 0 0 0 0 0 0 0 0 0 44408
0 0  0 0 0 0 0 0 0 0 0 0 44460
0 0  0 0 0 0 0 0 0 0 0 0 44511
0 0  0 0 0 0 0 0 0 0 0 0 44563
0 0  0 0 0 0 0 0 0 0 0 0 44612
0 0  0 0 0 0 0 0 0 0 0 0 44664
0 0  0 0 0 0 0 0 0 0 0 0 44715
0 0  0 0 0 0 0 0 0 0 0 0 44766
0 42  0 0 0 0 0 0 0 0 0 0 44817
0 42  0 0 0 0 0 0 0 0 0 0 44869
0 0  0 0 0 0 0 0 0 0 0 0 44921
0 0  0 0 0 0 0 0 0 0 0 0 44973
0 0  0 0 0 0 0 0 0 0 0 0 45025
0 0  0 0 0 0 0 0 0 0 0 0 45076
0 0  0 0 0 0 0 0 0 0 0 0 45127
0 0  0 0 0 0 0 0 0 0 0 0 45178
0 0  0 0 0 0 0 0 0 0 0 0 45228
0 0  0 0 0 0 0 0 0 0 0 0 45279
0 42  0 0 0 0 0 0 0 0 0 0 45330
0 42  0 0 0 0 0 0 0 0 0 0 45381
0 42.8  0 0 0 0 0 0 0 0 0 0 45432
0 42.8  0 0 0 0 0 0 0 0 0 0 45483
626 42.86  0 0 0 0 0 0 0 0 0 0 45534
626 42.86  0 0 0 0 0 0 0 0 0 0 45585
26 4  0 0 0 0 0 0 0 0 0 0 45637
26 4  0 0 0 0 0 0 0 0 0 0 45688
26 4  0 0 0 0 0 0 0 0 0 0 45740
26 4  0 0 0 0 0 0 0 0 0 0 45792
26 4  0 0 0 0 0 0 0 0 0 0 45843
0 0  0 0 0 0 0 0 0 0 0 0 45894
0 0  0 0 0 0 0 0 0 0 0 0 45945
0 42  0 0 0 0 0 0 0 0 0 0 45996
0 42  0 0 0 0 0 0 0 0 0 0 46047
0 4  0 0 0 0 0 0 0 0 0 0 46097
0 4  0 0 0 0 0 0 0 0 0 0 46148
0 4  0 0 0 0 0 0 0 0 0 0 46200
0 4  0 0 0 0 0 0 0 0 0 0 46252
0 4  0 0 0 0 0 0 0 0 0 0 46301
0 4  0 0 0 0 0 0 0 0 0 0 46353
0 0  0 0 0 0 0 0 0 0 0 0 46405
0 0  0 0 0 0 0 0 0 0 0 0 46457
0 42  0 0 0 0 0 0 0 0 0 0 46509
0 42  0 0 0 0 0 0 0 0 0 0 46561
0 0  0 0 0 0 0 0 0 0 0 0 46613
0 0  0 0 0 0 0 0 0 0 0 0 46664
0 0  0 0 0 0 0 0 0 0 0 0 46716
0 0  0 0 0 0 0 0 0 0 0 0 46768
0 0  0 0 0 0 0 0 0 0 0 0 46852
0 0  0 0 0 0 0 0 0 0 0 0 46902
0 0  0 0 0 0 0 0 0 0 0 0 46953
0 0  0 0 0 0 0 0 0 0 0 0 47004
0 0  0 0 0 0 0 0 0 0 0 0 47094
0 42.86  0 0 0 0 0 0 0 0 0 0 47146
0 42.86  0 0 0 0 0 0 0 0 0 0 47197
0 42.86  0 0 0 0 0 0 0 0 0 0 47248
0 42.86  0 0 0 0 0 0 0 0 0 0 47298
0 42.86  0 0 0 0 0 0 0 0 0 0 47351
0 42.86  0 0 0 0 0 0 0 0 0 0 47402
0 42.86  0 0 0 0 0 0 0 0 0 0 47454
0 42.86  0 0 0 0 0 0 0 0 0 0 47505
0 42.86  0 0 0 0 0 0 0 0 0 0 47556
0 0  0 0 0 0 0 0 0 0 0 0 47606
0 0  0 0 0 0 0 0 0 0 0 0 47657
0 42  0 0 0 0 0 0 0 0 0 0 47707
0 42  0 0 0 0 0 0 0 0 0 0 47758
0 4  0 0 0 0 0 0 0 0 0 0 47810
0 4  0 0 0 0 0 0 0 0 0 0 47860
0 42  0 0 0 0 0 0 0 0 0 0 47912
0 42  0 0 0 0 0 0 0 0 0 0 47963
8622 4  0 0 0 0 0 0 0 0 0 0 48014
8622 4  0 0 0 0 0 0 0 0 0 0 48065
0 0  0 0 0 0 0 0 0 0 0 0 48117
0 0  0 0 0 0 0 0 0 0 0 0 48167
0 42  0 0 0 0 0 0 0 0 0 0 48219
0 42  0 0 0 0 0 0 0 0 0 0 48269
0 0  0 0 0 0 0 0 0 0 0 0 48319
0 0  0 0 0 0 0 0 0 0 0 0 48371
0 42  0 0 0 0 0 0 0 0 0 0 48422
0 42  0 0 0 0 0 0 0 0 0 0 48472
8621 4  0 0 0 0 0 0 0 0 0 0 48525
8621 4  0 0 0 0 0 0 0 0 0 0 48575
8621 4  0 0 0 0 0 0 0 0 0 0 48627
8621 4  0 0 0 0 0 0 0 0 0 0 48678
8621 4  0 0 0 0 0 0 0 0 0 0 48729
8621 4  0 0 0 0 0 0 0 0 0 0 48779
0 42.8  0 0 0 0 0 0 0 0 0 0 48830
0 42.8  0 0 0 0 0 0 0 0 0 0 48880
621 42.86  0 0 0 0 0 0 0 0 0 0 48931
621 42.86  0 0 0 0 0 0 0 0 0 0 48981
22 42.86  0 0 0 0 0 0 0 0 0 0 49032
22 42.86  0 0 0 0 0 0 0 0 0 0 49083
23 42.86  0 0 0 0 0 0 0 0 0 0 49133
23 42.86  0 0 0 0 0 0 0 0 0 0 49185
22 4  0 0 0 0 0 0 0 0 0 0 49236
0 0  0 0 0 0 0 0 0 0 0 0 49287
0 0  0 0 0 0 0 0 0 0 0 0 49337
0 42  0 0 0 0 0 0 0 0 0 0 49388
0 42  0 0 0 0 0 0 0 0 0 0 49438
0 0  0 0 0 0 0 0 0 0 0 0 49489
0 0  0 0 0 0 0 0 0 0 0 0 49540
0 42  0 0 0 0 0 0 0 0 0 0 49591
0 42  0 0 0 0 0 0 0 0 0 0 49642
8622 4  0 0 0 0 0 0 0 0 0 0 49694
8622 4  0 0 0 0 0 0 0 0 0 0 49744
0 42.8  0 0 0 0 0 0 0 0 0 0 49794
0 42.8  0 0 0 0 0 0 0 0 0 0 49844
622 42  0 0 0 0 0 0 0 0 0 0 49895
622 42  0 0 0 0 0 0 0 0 0 0 49947
0 0  0 0 0 0 0 0 0 0 0 0 49998
0 0  0 0 0 0 0 0 0 0 0 0 50048
0 42  0 0 0 0 0 0 0 0 0 0 50099
0 42  0 0 0 0 0 0 0 0 0 0 50149
8622 4  0 0 0 0 0 0 0 0 0 0 50200
8622 4  0 0 0 0 0 0 0 0 0 0 50251
8622 4  0 0 0 0 0 0 0 0 0 0 50301
8622 4  0 0 0 0 0 0 0 0 0 0 50353
8622 4  0 0 0 0 0 0 0 0 0 0 50404
8622 4  0 0 0 0 0 0 0 0 0 0 50455
0 42.8  0 0 0 0 0 0 0 0 0 0 50505
0 42.8  0 0 0 0 0 0 0 0 0 0 50556
623 42  0 0 0 0 0 0 0 0 0 0 50606
623 42  0 0 0 0 0 0 0 0 0 0 50657
0 4  0 0 0 0 0 0 0 0 0 0 50707
0 4  0 0 0 0 0 0 0 0 0 0 50758
0 42  0 0 0 0 0 0 0 0 0 0 50809
0 42  0 0 0 0 0 0 0 0 0 0 50860
8623 4  0 0 0 0 0 0 0 0 0 0 50911
8623 4  0 0 0 0 0 0 0 0 0 0 50963
0 42.8  0 0 0 0 0 0 0 0 0 0 51014
0 42.8  0 0 0 0 0 0 0 0 0 0 51066
623 42  0 0 0 0 0 0 0 0 0 0 51116
623 42  0 0 0 0 0 0 0 0 0 0 51167
0 0  0 0 0 0 0 0 0 0 0 0 51218
0 0  0 0 0 0 0 0 0 0 0 0 51269
0 42  0 0 0 0 0 0 0 0 0 0 51320
0 42  0 0 0 0 0 0 0 0 0 0 51371
8623 4  0 0 0 0 0 0 0 0 0 0 51423
8623 4  0 0 0 0 0 0 0 0 0 0 51475
0 42  0 0 0 0 0 0 0 0 0 0 51526
0 42  0 0 0 0 0 0 0 0 0 0 51577
8623 42  0 0 0 0 0 0 0 0 0 0 51627
8623 42  0 0 0 0 0 0 0 0 0 0 51678
0 42.8  0 0 0 0 0 0 0 0 0 0 51728
0 42.8  0 0 0 0 0 0 0 0 0 0 51779
622 42  0 0 0 0 0 0 0 0 0 0 51830
622 42  0 0 0 0 0 0 0 0 0 0 51882
8623 42.86  0 0 0 0 0 0 0 0 0 0 51932
8623 42.86  0 0 0 0 0 0 0 0 0 0 51984
23 42  0 0 0 0 0 0 0 0 0 0 52035
8623 42  0 0 0 0 0 0 0 0 0 0 52086
8623 42  0 0 0 0 0 0 0 0 0 0 52137
0 42.8  0 0 0 0 0 0 0 0 0 0 52190
0 42.8  0 0 0 0 0 0 0 0 0 0 52241
623 42  0 0 0 0 0 0 0 0 0 0 52292
623 42  0 0 0 0 0 0 0 0 0 0 52343
0 4  0 0 0 0 0 0 0 0 0 0 52394
0 4  0 0 0 0 0 0 0 0 0 0 52446
0 42  0 0 0 0 0 0 0 0 0 0 52496
0 42  0 0 0 0 0 0 0 0 0 0 52547
8623 4  0 0 0 0 0 0 0 0 0 0 52598
8623 4  0 0 0 0 0 0 0 0 0 0 52648
0 42.8  0 0 0 0 0 0 0 0 0 0 52699
0 42.8  0 0 0 0 0 0 0 0 0 0 52749
623 42  0 0 0 0 0 0 0 0 0 0 52800
623 42  0 0 0 0 0 0 0 0 0 0 52850
0 42.8  0 0 0 0 0 0 0 0 0 0 52901
0 42.8  0 0 0 0 0 0 0 0 0 0 52952
624 42  0 0 0 0 0 0 0 0 0 0 53003
624 42  0 0 0 0 0 0 0 0 0 0 53054
8624 42.86  0 0 0 0 0 0 0 0 0 0 53106
8624 42.86  0 0 0 0 0 0 0 0 0 0 53157
24 42  0 0 0 0 0 0 0 0 0 0 53207
24 42  0 0 0 0 0 0 0 0 0 0 53258
8624 42  0 0 0 0 0 0 0 0 0 0 53309
8624 42  0 0 0 0 0 0 0 0 0 0 53359
0 42.8  0 0 0 0 0 0 0 0 0 0 53410
0 42.8  0 0 0 0 0 0 0 0 0 0 53460
624 42  0 0 0 0 0 0 0 0 0 0 53511
624 42  0 0 0 0 0 0 0 0 0 0 53562
0 4  0 0 0 0 0 0 0 0 0 0 53613
0 4  0 0 0 0 0 0 0 0 0 0 53664
0 42  0 0 0 0 0 0 0 0 0 0 53716
0 42  0 0 0 0 0 0 0 0 0 0 53768
8624 4  0 0 0 0 0 0 0 0 0 0 53819
8624 4  0 0 0 0 0 0 0 0 0 0 53871
0 42.8  0 0 0 0 0 0 0 0 0 0 53922
0 42.8  0 0 0 0 0 0 0 0 0 0 53972
624 42  0 0 0 0 0 0 0 0 0 0 54023
624 42  0 0 0 0 0 0 0 0 0 0 54075
0 42.86  0 0 0 0 0 0 0 0 0 0 54126
0 42.86  0 0 0 0 0 0 0 0 0 0 54176
24 42  0 0 0 0 0 0 0 0 0 0 54228
24 42  0 0 0 0 0 0 0 0 0 0 54279
8623 42.86  0 0 0 0 0 0 0 0 0 0 54330
8623 42.86  0 0 0 0 0 0 0 0 0 0 54380
24 42.86  0 0 0 0 0 0 0 0 0 0 54431
24 42.86  0 0 0 0 0 0 0 0 0 0 54481
24 42.86  0 0 0 0 0 0 0 0 0 0 54532
24 42.86  0 0 0 0 0 0 0 0 0 0 54582
24 42.86  0 0 0 0 0 0 0 0 0 0 54633
24 42.86  0 0 0 0 0 0 0 0 0 0 54684
24 42  0 0 0 0 0 0 0 0 0 0 54734
8623 42.86  0 0 0 0 0 0 0 0 0 0 54785
8623 42.86  0 0 0 0 0 0 0 0 0 0 54835
24 42  0 0 0 0 0 0 0 0 0 0 54887
24 42  0 0 0 0 0 0 0 0 0 0 54938
8624 42.86  0 0 0 0 0 0 0 0 0 0 54989
8624 42.86  0 0 0 0 0 0 0 0 0 0 55040
24 42.8  0 0 0 0 0 0 0 0 0 0 55090
24 42.8  0 0 0 0 0 0 0 0 0 0 55142
624 42  0 0 0 0 0 0 0 0 0 0 55193
624 42  0 0 0 0 0 0 0 0 0 0 55243
0 42.86  0 0 0 0 0 0 0 0 0 0 55294
0 42.86  0 0 0 0 0 0 0 0 0 0 55344
25 42  0 0 0 0 0 0 0 0 0 0 55396
25 42  0 0 0 0 0 0 0 0 0 0 55447
869 42.869  0 0 0 0 0 0 0 0 0 0 55498
869 42.869  0 0 0 0 0 0 0 0 0 0 55548
0 42.86  0 0 0 0 0 0 0 0 0 0 55600
0 42.86  0 0 0 0 0 0 0 0 0 0 55653
1 42.86  0 0 0 0 0 0 0 0 0 0 55705
1 42.86  0 0 0 0 0 0 0 0 0 0 55756
1 5.2  0 0 0 0 0 0 0 0 0 0 55808
1 5.2  0 0 0 0 0 0 0 0 0 0 55859
1 5.2  0 0 0 0 0 0 0 0 0 0 55910
1 5.2  0 0 0 0 0 0 0 0 0 0 55961
1 5.2  0 0 0 0 0 0 0 0 0 0 56012
1 5.2  0 0 0 0 0 0 0 0 0 0 56064
1 5.2  0 0 0 0 0 0 0 0 0 0 56116
1 5.2  0 0 0 0 0 0 0 0 0 0 56168
2 5.2  0 0 0 0 0 0 0 0 0 0 56218
2 5.2  0 0 0 0 0 0 0 0 0 0 56270
1 5.2  0 0 0 0 0 0 0 0 0 0 56322
1 5.2  0 0 0 0 0 0 0 0 0 0 56374
1 5.2  0 0 0 0 0 0 0 0 0 0 56426
1 5.2  0 0 0 0 0 0 0 0 0 0 56477
1 5.2  0 0 0 0 0 0 0 0 0 0 56527
1 5.2  0 0 0 0 0 0 0 0 0 0 56578
1 5.2  0 0 0 0 0 0 0 0 0 0 56629
1 5.2  0 0 0 0 0 0 0 0 0 0 56680
1 5.2  0 0 0 0 0 0 0 0 0 0 56731
1 5.2  0 0 0 0 0 0 0 0 0 0 56783
1 5.2  0 0 0 0 0 0 0 0 0 0 56834
1 5.2  0 0 0 0 0 0 0 0 0 0 56886
1 5.2  0 0 0 0 0 0 0 0 0 0 56935
1 5.2  0 0 0 0 0 0 0 0 0 0 56986
1 5.2  0 0 0 0 0 0 0 0 0 0 57036
1 5.2  0 0 0 0 0 0 0 0 0 0 57087
1 5.2  0 0 0 0 0 0 0 0 0 0 57139
2 5.2  0 0 0 0 0 0 0 0 0 0 57190
2 5.2  0 0 0 0 0 0 0 0 0 0 57240
3 5.2  0 0 0 0 0 0 0 0 0 0 57291
3 5.2  0 0 0 0 0 0 0 0 0 0 57341
5 5.2  0 0 0 0 0 0 0 0 0 0 57393
5 5.2  0 0 0 0 0 0 0 0 0 0 57445
7 5.2  0 0 0 0 0 0 0 0 0 0 57496
7 5.2  0 0 0 0 0 0 0 0 0 0 57548
7 5.2  0 0 0 0 0 0 0 0 0 0 57598
7 5.2  0 0 0 0 0 0 0 0 0 0 57648
7 5.2  0 0 0 0 0 0 0 0 0 0 57700
7 5.2  0 0 0 0 0 0 0 0 0 0 57751
7 5.2  0 0 0 0 0 0 0 0 0 0 57802
7 5.2  0 0 0 0 0 0 0 0 0 0 57853
8 5.2  0 0 0 0 0 0 0 0 0 0 57905
8 5.2  0 0 0 0 0 0 0 0 0 0 57957
9 5.2  0 0 0 0 0 0 0 0 0 0 58009
9 5.2  0 0 0 0 0 0 0 0 0 0 58060
9 5.2  0 0 0 0 0 0 0 0 0 0 58112
9 5.2  0 0 0 0 0 0 0 0 0 0 58163
9 5.2  0 0 0 0 0 0 0 0 0 0 58213
9 5.2  0 0 0 0 0 0 0 0 0 0 58264
10 5.2  0 0 0 0 0 0 0 0 0 0 58315
10 5.2  0 0 0 0 0 0 0 0 0 0 58365
10 5.2  0 0 0 0 0 0 0 0 0 0 58416
10 5.2  0 0 0 0 0 0 0 0 0 0 58466
9 5.2  0 0 0 0 0 0 0 0 0 0 58517
9 5.2  0 0 0 0 0 0 0 0 0 0 58568
10 5.2  0 0 0 0 0 0 0 0 0 0 58618
10 5.2  0 0 0 0 0 0 0 0 0 0 58669
10 5.2  0 0 0 0 0 0 0 0 0 0 58719
10 5.2  0 0 0 0 0 0 0 0 0 0 58770
10 5.2  0 0 0 0 0 0 0 0 0 0 58821
10 5.2  0 0 0 0 0 0 0 0 0 0 58872
8 5.2  0 0 0 0 0 0 0 0 0 0 58924
8 5.2  0 0 0 0 0 0 0 0 0 0 58976
5 5.2  0 0 0 0 0 0 0 0 0 0 59027
5 5.2  0 0 0 0 0 0 0 0 0 0 59078
3 5.2  0 0 0 0 0 0 0 0 0 0 59129
3 5.2  0 0 0 0 0 0 0 0 0 0 59180
3 5.2  0 0 0 0 0 0 0 0 0 0 59232
3 5.2  0 0 0 0 0 0 0 0 0 0 59283
2 5.2  0 0 0 0 0 0 0 0 0 0 59335
2 5.2  0 0 0 0 0 0 0 0 0 0 59387
2 5.2  0 0 0 0 0 0 0 0 0 0 59439
1 5.2  0 0 0 0 0 0 0 0 0 0 59491
1 5.2  0 0 0 0 0 0 0 0 0 0 59542
1 5.2  0 0 0 0 0 0 0 0 0 0 59594
1 5.2  0 0 0 0 0 0 0 0 0 0 59646
5 5.2  0 0 0 0 0 0 0 0 0 0 59698
5 5.2  0 0 0 0 0 0 0 0 0 0 59749
10 5.2  0 0 0 0 0 0 0 0 0 0 59800
10 5.2  0 0 0 0 0 0 0 0 0 0 59850
15 5.2  0 0 0 0 0 0 0 0 0 0 59902
15 5.2  0 0 0 0 0 0 0 0 0 0 59953
18 5.2  0 0 0 0 0 0 0 0 0 0 60004
18 5.2  0 0 0 0 0 0 0 0 0 0 60055
20 5.2  0 0 0 0 0 0 0 0 0 0 60107
20 5.2  0 0 0 0 0 0 0 0 0 0 60158
21 5.2  0 0 0 0 0 0 0 0 0 0 60210
21 5.2  0 0 0 0 0 0 0 0 0 0 60262
21 5.2  0 0 0 0 0 0 0 0 0 0 60313
21 5.2  0 0 0 0 0 0 0 0 0 0 60364
23 13.29  0 0 0 0 0 0 0 0 0 0 60415
23 13.29  0 0 0 0 0 0 0 0 0 0 60465
23 13.29  0 0 0 0 0 0 0 0 0 0 60516
23 13.29  0 0 0 0 0 0 0 0 0 0 60567
25 300  0 0 0 0 0 0 0 0 0 0 60619
25 300  0 0 0 0 0 0 0 0 0 0 60671
26 300  0 0 0 0 0 0 0 0 0 0 60721
26 300  0 0 0 0 0 0 0 0 0 0 60771
26 300  0 0 0 0 0 0 0 0 0 0 60823
26 300  0 0 0 0 0 0 0 0 0 0 60873
27 300  0 0 0 0 0 0 0 0 0 0 60925
27 300  0 0 0 0 0 0 0 0 0 0 61046
27 300  0 0 0 0 0 0 0 0 0 0 61103
27 300  0 0 0 0 0 0 0 0 0 0 61154
29 150  0 0 0 0 0 0 0 0 0 0 61207
29 150  0 0 0 0 0 0 0 0 0 0 61495
29 150  0 0 0 0 0 0 0 0 0 0 61545
34 150  0 0 0 0 0 0 0 0 0 0 61597
34 150  0 0 0 0 0 0 0 0 0 0 61649
33 150  0 0 0 0 0 0 0 0 0 0 61701
33 150  0 0 0 0 0 0 0 0 0 0 61753
33 150  0 0 0 0 0 0 0 0 0 0 61804
33 150  0 0 0 0 0 0 0 0 0 0 61855
32 150  0 0 0 0 0 0 0 0 0 0 61906
32 150  0 0 0 0 0 0 0 0 0 0 61956
32 150  0 0 0 0 0 0 0 0 0 0 62007
32 150  0 0 0 0 0 0 0 0 0 0 62057
32 150  0 0 0 0 0 0 0 0 0 0 62109
32 150  0 0 0 0 0 0 0 0 0 0 62161
32 150  0 0 0 0 0 0 0 0 0 0 62213
32 150  0 0 0 0 0 0 0 0 0 0 62264
32 150  0 0 0 0 0 0 0 0 0 0 62315
32 150  0 0 0 0 0 0 0 0 0 0 62367
31 150  0 0 0 0 0 0 0 0 0 0 62418
31 150  0 0 0 0 0 0 0 0 0 0 62470
31 40  0 0 0 0 0 0 0 0 0 0 62521
31 40  0 0 0 0 0 0 0 0 0 0 62573
31 40  0 0 0 0 0 0 0 0 0 0 62625
31 40  0 0 0 0 0 0 0 0 0 0 62677
31 40  0 0 0 0 0 0 0 0 0 0 62729
31 40  0 0 0 0 0 0 0 0 0 0 62779
32 40  0 0 0 0 0 0 0 0 0 0 62831
32 40  0 0 0 0 0 0 0 0 0 0 62883
32 40  0 0 0 0 0 0 0 0 0 0 62934
32 40  0 0 0 0 0 0 0 0 0 0 62985
32 40  0 0 0 0 0 0 0 0 0 0 63038
32 40  0 0 0 0 0 0 0 0 0 0 63090
32 40  0 0 0 0 0 0 0 0 0 0 63141
32 40  0 0 0 0 0 0 0 0 0 0 63191
32 40  0 0 0 0 0 0 0 0 0 0 63243
33 40  0 0 0 0 0 0 0 0 0 0 63295
33 40  0 0 0 0 0 0 0 0 0 0 63346
33 40  0 0 0 0 0 0 0 0 0 0 63396
33 40  0 0 0 0 0 0 0 0 0 0 63448
32 60  0 0 0 0 0 0 0 0 0 0 63500
32 60  0 0 0 0 0 0 0 0 0 0 63552
32 60  0 0 0 0 0 0 0 0 0 0 63604
32 60  0 0 0 0 0 0 0 0 0 0 63655
33 60  0 0 0 0 0 0 0 0 0 0 63708
33 60  0 0 0 0 0 0 0 0 0 0 63758
33 60  0 0 0 0 0 0 0 0 0 0 63809
33 60  0 0 0 0 0 0 0 0 0 0 63859
33 60  0 0 0 0 0 0 0 0 0 0 63911
33 60  0 0 0 0 0 0 0 0 0 0 63960
33 60  0 0 0 0 0 0 0 0 0 0 64011
33 60  0 0 0 0 0 0 0 0 0 0 64061
34 60  0 0 0 0 0 0 0 0 0 0 64112
34 60  0 0 0 0 0 0 0 0 0 0 64163
34 60  0 0 0 0 0 0 0 0 0 0 64214
34 60  0 0 0 0 0 0 0 0 0 0 64266
35 60  0 0 0 0 0 0 0 0 0 0 64318
35 60  0 0 0 0 0 0 0 0 0 0 64370
34 60  0 0 0 0 0 0 0 0 0 0 64421
34 60  0 0 0 0 0 0 0 0 0 0 64473
34 60  0 0 0 0 0 0 0 0 0 0 64524
34 60  0 0 0 0 0 0 0 0 0 0 64576
34 60  0 0 0 0 0 0 0 0 0 0 64626
34 60  0 0 0 0 0 0 0 0 0 0 64677
35 60  0 0 0 0 0 0 0 0 0 0 64729
35 60  0 0 0 0 0 0 0 0 0 0 64780
35 60  0 0 0 0 0 0 0 0 0 0 64831
35 60  0 0 0 0 0 0 0 0 0 0 64883
35 60  0 0 0 0 0 0 0 0 0 0 64934
35 60  0 0 0 0 0 0 0 0 0 0 64985
35 60  0 0 0 0 0 0 0 0 0 0 65036
35 60  0 0 0 0 0 0 0 0 0 0 65087
35 60  0 0 0 0 0 0 0 0 0 0 65139
36 60  0 0 0 0 0 0 0 0 0 0 65191
36 60  0 0 0 0 0 0 0 0 0 0 65242
36 60  0 0 0 0 0 0 0 0 0 0 65294
36 60  0 0 0 0 0 0 0 0 0 0 65345
35 60  0 0 0 0 0 0 0 0 0 0 65397
35 60  0 0 0 0 0 0 0 0 0 0 65449
35 60  0 0 0 0 0 0 0 0 0 0 65501
35 60  0 0 0 0 0 0 0 0 0 0 65551
35 60  0 0 0 0 0 0 0 0 0 0 65604
35 60  0 0 0 0 0 0 0 0 0 0 65653
35 60  0 0 0 0 0 0 0 0 0 0 65705
35 60  0 0 0 0 0 0 0 0 0 0 65756
36 60  0 0 0 0 0 0 0 0 0 0 65808
36 60  0 0 0 0 0 0 0 0 0 0 65859
36 60  0 0 0 0 0 0 0 0 0 0 65909
36 60  0 0 0 0 0 0 0 0 0 0 65960
36 60  0 0 0 0 0 0 0 0 0 0 66011
36 60  0 0 0 0 0 0 0 0 0 0 66061
36 23.08  0 0 0 0 0 0 0 0 0 0 66113
36 23.08  0 0 0 0 0 0 0 0 0 0 66165
37 23.08  0 0 0 0 0 0 0 0 0 0 66217
37 23.08  0 0 0 0 0 0 0 0 0 0 66268
37 23.08  0 0 0 0 0 0 0 0 0 0 66319
37 23.08  0 0 0 0 0 0 0 0 0 0 66371
37 23.08  0 0 0 0 0 0 0 0 0 0 66422
37 23.08  0 0 0 0 0 0 0 0 0 0 66473
37 23.08  0 0 0 0 0 0 0 0 0 0 66524
37 23.08  0 0 0 0 0 0 0 0 0 0 66576
37 23.08  0 0 0 0 0 0 0 0 0 0 66627
37 23.08  0 0 0 0 0 0 0 0 0 0 66677
37 23.08  0 0 0 0 0 0 0 0 0 0 66729
37 23.08  0 0 0 0 0 0 0 0 0 0 66780
37 23.08  0 0 0 0 0 0 0 0 0 0 66831
37 23.08  0 0 0 0 0 0 0 0 0 0 66883
37 23.08  0 0 0 0 0 0 0 0 0 0 66934
37 23.08  0 0 0 0 0 0 0 0 0 0 66986
37 23.08  0 0 0 0 0 0 0 0 0 0 67037
37 23.08  0 0 0 0 0 0 0 0 0 0 67088
37 23.08  0 0 0 0 0 0 0 0 0 0 67138
37 23.08  0 0 0 0 0 0 0 0 0 0 67190
37 23.08  0 0 0 0 0 0 0 0 0 0 67243
37 23.08  0 0 0 0 0 0 0 0 0 0 67293
37 23.08  0 0 0 0 0 0 0 0 0 0 67344
36 23.08  0 0 0 0 0 0 0 0 0 0 67394
36 23.08  0 0 0 0 0 0 0 0 0 0 67446
37 23.08  0 0 0 0 0 0 0 0 0 0 67497
37 23.08  0 0 0 0 0 0 0 0 0 0 67548
38 23.08  0 0 0 0 0 0 0 0 0 0 67599
38 23.08  0 0 0 0 0 0 0 0 0 0 67650
38 23.08  0 0 0 0 0 0 0 0 0 0 67702
38 23.08  0 0 0 0 0 0 0 0 0 0 67751
39 23.08  0 0 0 0 0 0 0 0 0 0 67803
39 23.08  0 0 0 0 0 0 0 0 0 0 67854
39 23.08  0 0 0 0 0 0 0 0 0 0 67905
39 23.08  0 0 0 0 0 0 0 0 0 0 67956
39 23.08  0 0 0 0 0 0 0 0 0 0 68007
39 23.08  0 0 0 0 0 0 0 0 0 0 68058
39 23.08  0 0 0 0 0 0 0 0 0 0 68110
39 23.08  0 0 0 0 0 0 0 0 0 0 68161
39 23.08  0 0 0 0 0 0 0 0 0 0 68213
39 23.08  0 0 0 0 0 0 0 0 0 0 68263
39 27.27  0 0 0 0 0 0 0 0 0 0 68314
39 27.27  0 0 0 0 0 0 0 0 0 0 68364
38 27.27  0 0 0 0 0 0 0 0 0 0 68416
38 27.27  0 0 0 0 0 0 0 0 0 0 68467
38 27.27  0 0 0 0 0 0 0 0 0 0 68519
38 27.27  0 0 0 0 0 0 0 0 0 0 68571
39 27.27  0 0 0 0 0 0 0 0 0 0 68622
39 27.27  0 0 0 0 0 0 0 0 0 0 68674
39 27.27  0 0 0 0 0 0 0 0 0 0 68725
39 27.27  0 0 0 0 0 0 0 0 0 0 68775
39 27.27  0 0 0 0 0 0 0 0 0 0 68826
39 27.27  0 0 0 0 0 0 0 0 0 0 68877
39 27.27  0 0 0 0 0 0 0 0 0 0 68927
39 27.27  0 0 0 0 0 0 0 0 0 0 68978
40 27.27  0 0 0 0 0 0 0 0 0 0 69029
40 27.27  0 0 0 0 0 0 0 0 0 0 69079
40 27.27  0 0 0 0 0 0 0 0 0 0 69129
40 27.27  0 0 0 0 0 0 0 0 0 0 69181
40 27.27  0 0 0 0 0 0 0 0 0 0 69232
40 27.27  0 0 0 0 0 0 0 0 0 0 69283
40 60  0 0 0 0 0 0 0 0 0 0 69335
40 60  0 0 0 0 0 0 0 0 0 0 69385
40 60  0 0 0 0 0 0 0 0 0 0 69437
40 60  0 0 0 0 0 0 0 0 0 0 69491
40 60  0 0 0 0 0 0 0 0 0 0 69542
40 60  0 0 0 0 0 0 0 0 0 0 69594
40 60  0 0 0 0 0 0 0 0 0 0 69645
40 60  0 0 0 0 0 0 0 0 0 0 69696
40 60  0 0 0 0 0 0 0 0 0 0 69747
40 60  0 0 0 0 0 0 0 0 0 0 69798
40 60  0 0 0 0 0 0 0 0 0 0 69850
40 60  0 0 0 0 0 0 0 0 0 0 69900
40 60  0 0 0 0 0 0 0 0 0 0 69951
40 60  0 0 0 0 0 0 0 0 0 0 70001
40 60  0 0 0 0 0 0 0 0 0 0 70052
40 60  0 0 0 0 0 0 0 0 0 0 70103
40 60  0 0 0 0 0 0 0 0 0 0 70153
40 60  0 0 0 0 0 0 0 0 0 0 70205
40 60  0 0 0 0 0 0 0 0 0 0 70256
40 60  0 0 0 0 0 0 0 0 0 0 70307
40 60  0 0 0 0 0 0 0 0 0 0 70358
40 60  0 0 0 0 0 0 0 0 0 0 70410
40 60  0 0 0 0 0 0 0 0 0 0 70462
40 60  0 0 0 0 0 0 0 0 0 0 70513
40 60  0 0 0 0 0 0 0 0 0 0 70564
40 60  0 0 0 0 0 0 0 0 0 0 70614
40 60  0 0 0 0 0 0 0 0 0 0 70666
40 60  0 0 0 0 0 0 0 0 0 0 70717
40 60  0 0 0 0 0 0 0 0 0 0 70769
40 60  0 0 0 0 0 0 0 0 0 0 70820
40 60  0 0 0 0 0 0 0 0 0 0 70870
40 60  0 0 0 0 0 0 0 0 0 0 70921
40 60  0 0 0 0 0 0 0 0 0 0 70972
41 60  0 0 0 0 0 0 0 0 0 0 71022
41 60  0 0 0 0 0 0 0 0 0 0 71073
41 60  0 0 0 0 0 0 0 0 0 0 71123
41 60  0 0 0 0 0 0 0 0 0 0 71174
41 60  0 0 0 0 0 0 0 0 0 0 71226
41 60  0 0 0 0 0 0 0 0 0 0 71278
41 60  0 0 0 0 0 0 0 0 0 0 71330
41 60  0 0 0 0 0 0 0 0 0 0 71381
41 60  0 0 0 0 0 0 0 0 0 0 71432
41 60  0 0 0 0 0 0 0 0 0 0 71484
42 60  0 0 0 0 0 0 0 0 0 0 71535
41 60  0 0 0 0 0 0 0 0 0 0 71586
41 60  0 0 0 0 0 0 0 0 0 0 71637
42 60  0 0 0 0 0 0 0 0 0 0 71688
42 60  0 0 0 0 0 0 0 0 0 0 71739
42 60  0 0 0 0 0 0 0 0 0 0 71791
42 60  0 0 0 0 0 0 0 0 0 0 71843
42 60  0 0 0 0 0 0 0 0 0 0 71896
42 60  0 0 0 0 0 0 0 0 0 0 71947
42 60  0 0 0 0 0 0 0 0 0 0 71999
42 60  0 0 0 0 0 0 0 0 0 0 72049
43 60  0 0 0 0 0 0 0 0 0 0 72101
43 60  0 0 0 0 0 0 0 0 0 0 72152
42 60  0 0 0 0 0 0 0 0 0 0 72203
42 60  0 0 0 0 0 0 0 0 0 0 72254
43 60  0 0 0 0 0 0 0 0 0 0 72306
43 60  0 0 0 0 0 0 0 0 0 0 72357
43 60  0 0 0 0 0 0 0 0 0 0 72409
43 60  0 0 0 0 0 0 0 0 0 0 72461
43 60  0 0 0 0 0 0 0 0 0 0 72512
43 60  0 0 0 0 0 0 0 0 0 0 72563
43 60  0 0 0 0 0 0 0 0 0 0 72615
43 60  0 0 0 0 0 0 0 0 0 0 72665
43 60  0 0 0 0 0 0 0 0 0 0 72716
43 60  0 0 0 0 0 0 0 0 0 0 72767
43 60  0 0 0 0 0 0 0 0 0 0 72818
43 60  0 0 0 0 0 0 0 0 0 0 72870
44 60  0 0 0 0 0 0 0 0 0 0 72921
44 60  0 0 0 0 0 0 0 0 0 0 72973
44 16.22  0 0 0 0 0 0 0 0 0 0 73025
44 16.22  0 0 0 0 0 0 0 0 0 0 73076
44 16.22  0 0 0 0 0 0 0 0 0 0 73126
44 16.22  0 0 0 0 0 0 0 0 0 0 73177
44 16.22  0 0 0 0 0 0 0 0 0 0 73228
44 16.22  0 0 0 0 0 0 0 0 0 0 73278
45 16.22  0 0 0 0 0 0 0 0 0 0 73329
45 16.22  0 0 0 0 0 0 0 0 0 0 73379
45 16.22  0 0 0 0 0 0 0 0 0 0 73431
45 16.22  0 0 0 0 0 0 0 0 0 0 73483
45 16.22  0 0 0 0 0 0 0 0 0 0 73533
45 16.22  0 0 0 0 0 0 0 0 0 0 73585
45 16.22  0 0 0 0 0 0 0 0 0 0 73635
45 85.71  0 0 0 0 0 0 0 0 0 0 73686
45 85.71  0 0 0 0 0 0 0 0 0 0 73738
45 85.71  0 0 0 0 0 0 0 0 0 0 73790
45 85.71  0 0 0 0 0 0 0 0 0 0 73843
45 85.71  0 0 0 0 0 0 0 0 0 0 73895
45 85.71  0 0 0 0 0 0 0 0 0 0 73947
45 85.71  0 0 0 0 0 0 0 0 0 0 73998
45 85.71  0 0 0 0 0 0 0 0 0 0 74049
45 85.71  0 0 0 0 0 0 0 0 0 0 74100
45 85.71  0 0 0 0 0 0 0 0 0 0 74150
45 85.71  0 0 0 0 0 0 0 0 0 0 74201
45 85.71  0 0 0 0 0 0 0 0 0 0 74252
45 85.71  0 0 0 0 0 0 0 0 0 0 74303
45 85.71  0 0 0 0 0 0 0 0 0 0 74355
45 85.71  0 0 0 0 0 0 0 0 0 0 74406
45 85.71  0 0 0 0 0 0 0 0 0 0 74457
45 85.71  0 0 0 0 0 0 0 0 0 0 74545
45 85.71  0 0 0 0 0 0 0 0 0 0 74597
45 85.71  0 0 0 0 0 0 0 0 0 0 74648
46 85.71  0 0 0 0 0 0 0 0 0 0 74700
46 85.71  0 0 0 0 0 0 0 0 0 0 74752
45 85.71  0 0 0 0 0 0 0 0 0 0 74802
45 85.71  0 0 0 0 0 0 0 0 0 0 74854
46 85.71  0 0 0 0 0 0 0 0 0 0 75094
46 85.71  0 0 0 0 0 0 0 0 0 0 75145
48 85.71  0 0 0 0 0 0 0 0 0 0 75196
48 85.71  0 0 0 0 0 0 0 0 0 0 75248
47 85.71  0 0 0 0 0 0 0 0 0 0 75298
47 85.71  0 0 0 0 0 0 0 0 0 0 75350
46 85.71  0 0 0 0 0 0 0 0 0 0 75400
46 85.71  0 0 0 0 0 0 0 0 0 0 75452
46 85.71  0 0 0 0 0 0 0 0 0 0 75503
46 85.71  0 0 0 0 0 0 0 0 0 0 75555
46 85.71  0 0 0 0 0 0 0 0 0 0 75605
46 85.71  0 0 0 0 0 0 0 0 0 0 75656
45 85.71  0 0 0 0 0 0 0 0 0 0 75708
45 85.71  0 0 0 0 0 0 0 0 0 0 75759
45 85.71  0 0 0 0 0 0 0 0 0 0 75810
45 85.71  0 0 0 0 0 0 0 0 0 0 75862
45 85.71  0 0 0 0 0 0 0 0 0 0 75912
45 85.71  0 0 0 0 0 0 0 0 0 0 75965
45 85.71  0 0 0 0 0 0 0 0 0 0 76016
45 85.71  0 0 0 0 0 0 0 0 0 0 76068
45 85.71  0 0 0 0 0 0 0 0 0 0 76119
45 85.71  0 0 0 0 0 0 0 0 0 0 76170
45 85.71  0 0 0 0 0 0 0 0 0 0 76222
45 85.71  0 0 0 0 0 0 0 0 0 0 76273
45 85.71  0 0 0 0 0 0 0 0 0 0 76325
45 85.71  0 0 0 0 0 0 0 0 0 0 76377
45 100  0 0 0 0 0 0 0 0 0 0 76429
45 100  0 0 0 0 0 0 0 0 0 0 76480
45 100  0 0 0 0 0 0 0 0 0 0 76532
45 100  0 0 0 0 0 0 0 0 0 0 76584
45 100  0 0 0 0 0 0 0 0 0 0 76635
45 100  0 0 0 0 0 0 0 0 0 0 76687
45 100  0 0 0 0 0 0 0 0 0 0 76738
45 100  0 0 0 0 0 0 0 0 0 0 76790
45 100  0 0 0 0 0 0 0 0 0 0 76841
44 100  0 0 0 0 0 0 0 0 0 0 76893
44 100  0 0 0 0 0 0 0 0 0 0 76945
44 100  0 0 0 0 0 0 0 0 0 0 76997
44 100  0 0 0 0 0 0 0 0 0 0 77049
44 100  0 0 0 0 0 0 0 0 0 0 77100
44 100  0 0 0 0 0 0 0 0 0 0 77151
45 100  0 0 0 0 0 0 0 0 0 0 77203
45 100  0 0 0 0 0 0 0 0 0 0 77255
45 100  0 0 0 0 0 0 0 0 0 0 77306
45 100  0 0 0 0 0 0 0 0 0 0 77357
44 100  0 0 0 0 0 0 0 0 0 0 77408
44 100  0 0 0 0 0 0 0 0 0 0 77459
44 100  0 0 0 0 0 0 0 0 0 0 77510
44 100  0 0 0 0 0 0 0 0 0 0 77561
44 100  0 0 0 0 0 0 0 0 0 0 77613
44 100  0 0 0 0 0 0 0 0 0 0 77664
44 100  0 0 0 0 0 0 0 0 0 0 77715
44 100  0 0 0 0 0 0 0 0 0 0 77767
44 100  0 0 0 0 0 0 0 0 0 0 77818
44 100  0 0 0 0 0 0 0 0 0 0 77870
44 100  0 0 0 0 0 0 0 0 0 0 77921
44 100  0 0 0 0 0 0 0 0 0 0 77972
44 100  0 0 0 0 0 0 0 0 0 0 78022
44 100  0 0 0 0 0 0 0 0 0 0 78073
44 100  0 0 0 0 0 0 0 0 0 0 78123
44 100  0 0 0 0 0 0 0 0 0 0 78174
45 100  0 0 0 0 0 0 0 0 0 0 78226
45 100  0 0 0 0 0 0 0 0 0 0 78277
45 100  0 0 0 0 0 0 0 0 0 0 78329
45 100  0 0 0 0 0 0 0 0 0 0 78380
44 42.86  0 0 0 0 0 0 0 0 0 0 78431
44 42.86  0 0 0 0 0 0 0 0 0 0 78482
45 42.86  0 0 0 0 0 0 0 0 0 0 78533
45 42.86  0 0 0 0 0 0 0 0 0 0 78586
44 42.86  0 0 0 0 0 0 0 0 0 0 78638
45 42.86  0 0 0 0 0 0 0 0 0 0 78690
45 42.86  0 0 0 0 0 0 0 0 0 0 78741
44 42.86  0 0 0 0 0 0 0 0 0 0 78792
44 42.86  0 0 0 0 0 0 0 0 0 0 78843
44 42.86  0 0 0 0 0 0 0 0 0 0 78895
44 42.86  0 0 0 0 0 0 0 0 0 0 78946
44 42.86  0 0 0 0 0 0 0 0 0 0 78999
44 42.86  0 0 0 0 0 0 0 0 0 0 79049
44 85.71  0 0 0 0 0 0 0 0 0 0 79101
44 85.71  0 0 0 0 0 0 0 0 0 0 79152
44 85.71  0 0 0 0 0 0 0 0 0 0 79203
44 85.71  0 0 0 0 0 0 0 0 0 0 79254
44 85.71  0 0 0 0 0 0 0 0 0 0 79305
44 85.71  0 0 0 0 0 0 0 0 0 0 79357
44 85.71  0 0 0 0 0 0 0 0 0 0 79409
44 85.71  0 0 0 0 0 0 0 0 0 0 79460
44 85.71  0 0 0 0 0 0 0 0 0 0 79510
44 85.71  0 0 0 0 0 0 0 0 0 0 79561
44 85.71  0 0 0 0 0 0 0 0 0 0 79613
44 85.71  0 0 0 0 0 0 0 0 0 0 79664
44 85.71  0 0 0 0 0 0 0 0 0 0 79715
44 85.71  0 0 0 0 0 0 0 0 0 0 79766
45 85.71  0 0 0 0 0 0 0 0 0 0 79817
45 85.71  0 0 0 0 0 0 0 0 0 0 79867
44 85.71  0 0 0 0 0 0 0 0 0 0 79918
44 85.71  0 0 0 0 0 0 0 0 0 0 79969
44 85.71  0 0 0 0 0 0 0 0 0 0 80019
44 85.71  0 0 0 0 0 0 0 0 0 0 80070
45 85.71  0 0 0 0 0 0 0 0 0 0 80120
45 85.71  0 0 0 0 0 0 0 0 0 0 80171
45 85.71  0 0 0 0 0 0 0 0 0 0 80222
45 85.71  0 0 0 0 0 0 0 0 0 0 80272
45 85.71  0 0 0 0 0 0 0 0 0 0 80324
45 85.71  0 0 0 0 0 0 0 0 0 0 80376
44 100  0 0 0 0 0 0 0 0 0 0 80427
44 100  0 0 0 0 0 0 0 0 0 0 80478
44 100  0 0 0 0 0 0 0 0 0 0 80528
44 100  0 0 0 0 0 0 0 0 0 0 80579
44 100  0 0 0 0 0 0 0 0 0 0 80629
44 100  0 0 0 0 0 0 0 0 0 0 80680
44 100  0 0 0 0 0 0 0 0 0 0 80731
44 100  0 0 0 0 0 0 0 0 0 0 80782
44 100  0 0 0 0 0 0 0 0 0 0 80833
44 100  0 0 0 0 0 0 0 0 0 0 80884
44 100  0 0 0 0 0 0 0 0 0 0 80936
44 100  0 0 0 0 0 0 0 0 0 0 80987
44 100  0 0 0 0 0 0 0 0 0 0 81038
44 85.71  0 0 0 0 0 0 0 0 0 0 81090
44 85.71  0 0 0 0 0 0 0 0 0 0 81142
44 85.71  0 0 0 0 0 0 0 0 0 0 81193
44 85.71  0 0 0 0 0 0 0 0 0 0 81244
45 85.71  0 0 0 0 0 0 0 0 0 0 81296
45 85.71  0 0 0 0 0 0 0 0 0 0 81347
45 85.71  0 0 0 0 0 0 0 0 0 0 81397
45 85.71  0 0 0 0 0 0 0 0 0 0 81448
45 85.71  0 0 0 0 0 0 0 0 0 0 81499
45 85.71  0 0 0 0 0 0 0 0 0 0 81549
44 85.71  0 0 0 0 0 0 0 0 0 0 81600
44 85.71  0 0 0 0 0 0 0 0 0 0 81650
44 85.71  0 0 0 0 0 0 0 0 0 0 81702
44 85.71  0 0 0 0 0 0 0 0 0 0 81751
45 85.71  0 0 0 0 0 0 0 0 0 0 81803
45 85.71  0 0 0 0 0 0 0 0 0 0 81854
45 85.71  0 0 0 0 0 0 0 0 0 0 81907
45 85.71  0 0 0 0 0 0 0 0 0 0 81957
45 85.71  0 0 0 0 0 0 0 0 0 0 82007
45 85.71  0 0 0 0 0 0 0 0 0 0 82058
45 85.71  0 0 0 0 0 0 0 0 0 0 82109
45 85.71  0 0 0 0 0 0 0 0 0 0 82159
45 85.71  0 0 0 0 0 0 0 0 0 0 82211
45 85.71  0 0 0 0 0 0 0 0 0 0 82260
45 85.71  0 0 0 0 0 0 0 0 0 0 82311
45 85.71  0 0 0 0 0 0 0 0 0 0 82362
45 100  0 0 0 0 0 0 0 0 0 0 82412
45 100  0 0 0 0 0 0 0 0 0 0 82463
45 100  0 0 0 0 0 0 0 0 0 0 82513
45 100  0 0 0 0 0 0 0 0 0 0 82565
45 100  0 0 0 0 0 0 0 0 0 0 82616
45 100  0 0 0 0 0 0 0 0 0 0 82668
45 100  0 0 0 0 0 0 0 0 0 0 82719
45 100  0 0 0 0 0 0 0 0 0 0 82770
45 100  0 0 0 0 0 0 0 0 0 0 82821
45 100  0 0 0 0 0 0 0 0 0 0 82872
45 100  0 0 0 0 0 0 0 0 0 0 82923
45 100  0 0 0 0 0 0 0 0 0 0 82974
46 100  0 0 0 0 0 0 0 0 0 0 83025
46 100  0 0 0 0 0 0 0 0 0 0 83076
46 85.71  0 0 0 0 0 0 0 0 0 0 83126
46 85.71  0 0 0 0 0 0 0 0 0 0 83177
46 85.71  0 0 0 0 0 0 0 0 0 0 83228
46 85.71  0 0 0 0 0 0 0 0 0 0 83279
46 85.71  0 0 0 0 0 0 0 0 0 0 83330
46 85.71  0 0 0 0 0 0 0 0 0 0 83381
46 85.71  0 0 0 0 0 0 0 0 0 0 83432
46 85.71  0 0 0 0 0 0 0 0 0 0 83483
46 85.71  0 0 0 0 0 0 0 0 0 0 83535
46 85.71  0 0 0 0 0 0 0 0 0 0 83586
46 85.71  0 0 0 0 0 0 0 0 0 0 83637
46 85.71  0 0 0 0 0 0 0 0 0 0 83690
46 85.71  0 0 0 0 0 0 0 0 0 0 83741
46 85.71  0 0 0 0 0 0 0 0 0 0 83793
46 85.71  0 0 0 0 0 0 0 0 0 0 83845
46 85.71  0 0 0 0 0 0 0 0 0 0 83896
46 85.71  0 0 0 0 0 0 0 0 0 0 83947
46 66.67  0 0 0 0 0 0 0 0 0 0 83999
46 66.67  0 0 0 0 0 0 0 0 0 0 84050
46 66.67  0 0 0 0 0 0 0 0 0 0 84101
46 66.67  0 0 0 0 0 0 0 0 0 0 84152
46 66.67  0 0 0 0 0 0 0 0 0 0 84204
46 66.67  0 0 0 0 0 0 0 0 0 0 84254
47 66.67  0 0 0 0 0 0 0 0 0 0 84305
47 66.67  0 0 0 0 0 0 0 0 0 0 84357
46 66.67  0 0 0 0 0 0 0 0 0 0 84408
46 66.67  0 0 0 0 0 0 0 0 0 0 84459
47 66.67  0 0 0 0 0 0 0 0 0 0 84511
47 66.67  0 0 0 0 0 0 0 0 0 0 84563
46 66.67  0 0 0 0 0 0 0 0 0 0 84614
46 66.67  0 0 0 0 0 0 0 0 0 0 84667
47 66.67  0 0 0 0 0 0 0 0 0 0 84718
47 66.67  0 0 0 0 0 0 0 0 0 0 84770
46 75  0 0 0 0 0 0 0 0 0 0 84821
46 75  0 0 0 0 0 0 0 0 0 0 84873
47 75  0 0 0 0 0 0 0 0 0 0 84925
47 75  0 0 0 0 0 0 0 0 0 0 84976
46 75  0 0 0 0 0 0 0 0 0 0 85028
46 75  0 0 0 0 0 0 0 0 0 0 85079
46 75  0 0 0 0 0 0 0 0 0 0 85130
46 75  0 0 0 0 0 0 0 0 0 0 85181
46 75  0 0 0 0 0 0 0 0 0 0 85232
46 75  0 0 0 0 0 0 0 0 0 0 85284
46 75  0 0 0 0 0 0 0 0 0 0 85335
46 75  0 0 0 0 0 0 0 0 0 0 85385
47 75  0 0 0 0 0 0 0 0 0 0 85436
46 75  0 0 0 0 0 0 0 0 0 0 85487
46 75  0 0 0 0 0 0 0 0 0 0 85538
46 75  0 0 0 0 0 0 0 0 0 0 85588
46 75  0 0 0 0 0 0 0 0 0 0 85638
46 75  0 0 0 0 0 0 0 0 0 0 85692
46 75  0 0 0 0 0 0 0 0 0 0 85742
46 75  0 0 0 0 0 0 0 0 0 0 85793
46 75  0 0 0 0 0 0 0 0 0 0 85844
46 75  0 0 0 0 0 0 0 0 0 0 85894
46 75  0 0 0 0 0 0 0 0 0 0 85945
46 75  0 0 0 0 0 0 0 0 0 0 85995
46 75  0 0 0 0 0 0 0 0 0 0 86046
46 75  0 0 0 0 0 0 0 0 0 0 86097
46 75  0 0 0 0 0 0 0 0 0 0 86147
46 75  0 0 0 0 0 0 0 0 0 0 86198
46 75  0 0 0 0 0 0 0 0 0 0 86249
46 85.71  0 0 0 0 0 0 0 0 0 0 86300
46 85.71  0 0 0 0 0 0 0 0 0 0 86352
46 85.71  0 0 0 0 0 0 0 0 0 0 86404
46 85.71  0 0 0 0 0 0 0 0 0 0 86456
46 85.71  0 0 0 0 0 0 0 0 0 0 86507
46 85.71  0 0 0 0 0 0 0 0 0 0 86559
45 85.71  0 0 0 0 0 0 0 0 0 0 86610
45 85.71  0 0 0 0 0 0 0 0 0 0 86661
45 85.71  0 0 0 0 0 0 0 0 0 0 86712
45 85.71  0 0 0 0 0 0 0 0 0 0 86763
45 85.71  0 0 0 0 0 0 0 0 0 0 86815
45 85.71  0 0 0 0 0 0 0 0 0 0 86866
46 85.71  0 0 0 0 0 0 0 0 0 0 86917
46 85.71  0 0 0 0 0 0 0 0 0 0 86968
45 85.71  0 0 0 0 0 0 0 0 0 0 87020
45 85.71  0 0 0 0 0 0 0 0 0 0 87072
46 85.71  0 0 0 0 0 0 0 0 0 0 87124
46 85.71  0 0 0 0 0 0 0 0 0 0 87175
45 85.71  0 0 0 0 0 0 0 0 0 0 87227
45 85.71  0 0 0 0 0 0 0 0 0 0 87279
45 85.71  0 0 0 0 0 0 0 0 0 0 87330
45 85.71  0 0 0 0 0 0 0 0 0 0 87380
45 85.71  0 0 0 0 0 0 0 0 0 0 87431
45 85.71  0 0 0 0 0 0 0 0 0 0 87482
45 85.71  0 0 0 0 0 0 0 0 0 0 87533
45 85.71  0 0 0 0 0 0 0 0 0 0 87584
45 100  0 0 0 0 0 0 0 0 0 0 87635
45 100  0 0 0 0 0 0 0 0 0 0 87687
45 100  0 0 0 0 0 0 0 0 0 0 87739
45 100  0 0 0 0 0 0 0 0 0 0 87790
45 100  0 0 0 0 0 0 0 0 0 0 87842
45 100  0 0 0 0 0 0 0 0 0 0 87893
45 100  0 0 0 0 0 0 0 0 0 0 87944
45 100  0 0 0 0 0 0 0 0 0 0 87995
45 100  0 0 0 0 0 0 0 0 0 0 88046
45 100  0 0 0 0 0 0 0 0 0 0 88098
45 100  0 0 0 0 0 0 0 0 0 0 88216
45 100.004  0 0 0 0 0 0 0 0 0 0 88266
5 100  0 0 0 0 0 0 0 0 0 0 88317
5 100  0 0 0 0 0 0 0 0 0 0 88368
45 100  0 0 0 0 0 0 0 0 0 0 88418
45 100  0 0 0 0 0 0 0 0 0 0 88521
46 0  0 0 0 0 0 0 0 0 0 0 88573
0 100  0 0 0 0 0 0 0 0 0 0 88623
0 100  0 0 0 0 0 0 0 0 0 0 88674
46 100  0 0 0 0 0 0 0 0 0 0 88725
46 100  0 0 0 0 0 0 0 0 0 0 88776
47 100  0 0 0 0 0 0 0 0 0 0 88828
47 100  0 0 0 0 0 0 0 0 0 0 88880
46 100  0 0 0 0 0 0 0 0 0 0 88931
46 100  0 0 0 0 0 0 0 0 0 0 88981
46 100  0 0 0 0 0 0 0 0 0 0 89031
46 100  0 0 0 0 0 0 0 0 0 0 89082
45 100  0 0 0 0 0 0 0 0 0 0 89133
45 100  0 0 0 0 0 0 0 0 0 0 89184
45 100  0 0 0 0 0 0 0 0 0 0 89235
44 100  0 0 0 0 0 0 0 0 0 0 89286
44 100  0 0 0 0 0 0 0 0 0 0 89338
45 100  0 0 0 0 0 0 0 0 0 0 89390
45 100  0 0 0 0 0 0 0 0 0 0 89441
45 100  0 0 0 0 0 0 0 0 0 0 89493
45 100  0 0 0 0 0 0 0 0 0 0 89543
45 100  0 0 0 0 0 0 0 0 0 0 89594
45 100  0 0 0 0 0 0 0 0 0 0 89644
45 100  0 0 0 0 0 0 0 0 0 0 89695
45 100  0 0 0 0 0 0 0 0 0 0 89746
44 100  0 0 0 0 0 0 0 0 0 0 89797
44 100  0 0 0 0 0 0 0 0 0 0 89848
45 100  0 0 0 0 0 0 0 0 0 0 89901
45 100  0 0 0 0 0 0 0 0 0 0 89952
45 100  0 0 0 0 0 0 0 0 0 0 90004
45 100  0 0 0 0 0 0 0 0 0 0 90056
44 100  0 0 0 0 0 0 0 0 0 0 90108
44 100  0 0 0 0 0 0 0 0 0 0 90159
45 100  0 0 0 0 0 0 0 0 0 0 90211
45 100  0 0 0 0 0 0 0 0 0 0 90264
45 100  0 0 0 0 0 0 0 0 0 0 90316
45 100  0 0 0 0 0 0 0 0 0 0 90367
45 100  0 0 0 0 0 0 0 0 0 0 90419
45 100  0 0 0 0 0 0 0 0 0 0 90471
45 100  0 0 0 0 0 0 0 0 0 0 90522
45 100  0 0 0 0 0 0 0 0 0 0 90573
50 100  0 0 0 0 0 0 0 0 0 0 90625
50 100  0 0 0 0 0 0 0 0 0 0 90677
51 100  0 0 0 0 0 0 0 0 0 0 90728
51 100  0 0 0 0 0 0 0 0 0 0 90780
51 100  0 0 0 0 0 0 0 0 0 0 90831
51 100  0 0 0 0 0 0 0 0 0 0 90882
53 28.57  0 0 0 0 0 0 0 0 0 0 90934
53 28.57  0 0 0 0 0 0 0 0 0 0 90986
55 28.57  0 0 0 0 0 0 0 0 0 0 91037
56 28.57  0 0 0 0 0 0 0 0 0 0 91088
56 28.57  0 0 0 0 0 0 0 0 0 0 91139
56 28.57  0 0 0 0 0 0 0 0 0 0 91192
56 28.57  0 0 0 0 0 0 0 0 0 0 91243
54 28.57  0 0 0 0 0 0 0 0 0 0 91294
54 28.57  0 0 0 0 0 0 0 0 0 0 91345
54 28.57  0 0 0 0 0 0 0 0 0 0 91396
54 28.57  0 0 0 0 0 0 0 0 0 0 91447
54 28.57  0 0 0 0 0 0 0 0 0 0 91498
54 28.57  0 0 0 0 0 0 0 0 0 0 91549
54 28.57  0 0 0 0 0 0 0 0 0 0 91601
54 28.57  0 0 0 0 0 0 0 0 0 0 91653
54 75  0 0 0 0 0 0 0 0 0 0 91703
54 75  0 0 0 0 0 0 0 0 0 0 91754
51 75  0 0 0 0 0 0 0 0 0 0 91805
51 75  0 0 0 0 0 0 0 0 0 0 91856
49 75  0 0 0 0 0 0 0 0 0 0 91907
49 75  0 0 0 0 0 0 0 0 0 0 91959
49 75  0 0 0 0 0 0 0 0 0 0 92011
49 75  0 0 0 0 0 0 0 0 0 0 92061
47 75  0 0 0 0 0 0 0 0 0 0 92112
47 75  0 0 0 0 0 0 0 0 0 0 92162
45 75  0 0 0 0 0 0 0 0 0 0 92213
45 75  0 0 0 0 0 0 0 0 0 0 92264
45 75  0 0 0 0 0 0 0 0 0 0 92315
45 75  0 0 0 0 0 0 0 0 0 0 92366
44 85.71  0 0 0 0 0 0 0 0 0 0 92418
44 85.71  0 0 0 0 0 0 0 0 0 0 92468
44 85.71  0 0 0 0 0 0 0 0 0 0 92520
44 85.71  0 0 0 0 0 0 0 0 0 0 92572
44 85.71  0 0 0 0 0 0 0 0 0 0 92622
44 85.71  0 0 0 0 0 0 0 0 0 0 92674
65 85.71  0 0 0 0 0 0 0 0 0 0 92726
65 85.71  0 0 0 0 0 0 0 0 0 0 92777
84 85.71  0 0 0 0 0 0 0 0 0 0 92829
84 85.71  0 0 0 0 0 0 0 0 0 0 92880
88 85.71  0 0 0 0 0 0 0 0 0 0 92931
88 85.71  0 0 0 0 0 0 0 0 0 0 92982
61 85.71  0 0 0 0 0 0 0 0 0 0 93034
50 85.71  0 0 0 0 0 0 0 0 0 0 93086
50 85.71  0 0 0 0 0 0 0 0 0 0 93137
46 85.71  0 0 0 0 0 0 0 0 0 0 93188
46 85.71  0 0 0 0 0 0 0 0 0 0 93240
45 85.71  0 0 0 0 0 0 0 0 0 0 93290
45 85.71  0 0 0 0 0 0 0 0 0 0 93341
44 85.71  0 0 0 0 0 0 0 0 0 0 93391
44 85.71  0 0 0 0 0 0 0 0 0 0 93442
44 85.71  0 0 0 0 0 0 0 0 0 0 93493
44 85.71  0 0 0 0 0 0 0 0 0 0 93543
44 85.71  0 0 0 0 0 0 0 0 0 0 93595
44 85.71  0 0 0 0 0 0 0 0 0 0 93646
44 85.71  0 0 0 0 0 0 0 0 0 0 93698
44 85.71  0 0 0 0 0 0 0 0 0 0 93749
45 85.71  0 0 0 0 0 0 0 0 0 0 93800
45 85.71  0 0 0 0 0 0 0 0 0 0 93851
49 75  0 0 0 0 0 0 0 0 0 0 93902
49 75  0 0 0 0 0 0 0 0 0 0 93953
50 75  0 0 0 0 0 0 0 0 0 0 94005
50 75  0 0 0 0 0 0 0 0 0 0 94056
47 75  0 0 0 0 0 0 0 0 0 0 94107
47 75  0 0 0 0 0 0 0 0 0 0 94158
46 75  0 0 0 0 0 0 0 0 0 0 94210
46 75  0 0 0 0 0 0 0 0 0 0 94260
46 75  0 0 0 0 0 0 0 0 0 0 94312
46 75  0 0 0 0 0 0 0 0 0 0 94363
47 75  0 0 0 0 0 0 0 0 0 0 94415
47 75  0 0 0 0 0 0 0 0 0 0 94466
47 75  0 0 0 0 0 0 0 0 0 0 94516
47 75  0 0 0 0 0 0 0 0 0 0 94567
47 85.71  0 0 0 0 0 0 0 0 0 0 94617
47 85.71  0 0 0 0 0 0 0 0 0 0 94669
48 85.71  0 0 0 0 0 0 0 0 0 0 94722
48 85.71  0 0 0 0 0 0 0 0 0 0 94774
49 85.71  0 0 0 0 0 0 0 0 0 0 94826
49 85.71  0 0 0 0 0 0 0 0 0 0 94877
50 85.71  0 0 0 0 0 0 0 0 0 0 94927
50 85.71  0 0 0 0 0 0 0 0 0 0 94978
50 85.71  0 0 0 0 0 0 0 0 0 0 95028
50 85.71  0 0 0 0 0 0 0 0 0 0 95079
50 85.71  0 0 0 0 0 0 0 0 0 0 95129
50 85.71  0 0 0 0 0 0 0 0 0 0 95181
51 85.71  0 0 0 0 0 0 0 0 0 0 95233
51 85.71  0 0 0 0 0 0 0 0 0 0 95285
51 85.71  0 0 0 0 0 0 0 0 0 0 95336
50 85.71  0 0 0 0 0 0 0 0 0 0 95387
50 85.71  0 0 0 0 0 0 0 0 0 0 95440
48 85.71  0 0 0 0 0 0 0 0 0 0 95493
48 85.71  0 0 0 0 0 0 0 0 0 0 95545
49 85.71  0 0 0 0 0 0 0 0 0 0 95597
49 85.71  0 0 0 0 0 0 0 0 0 0 95647
50 85.71  0 0 0 0 0 0 0 0 0 0 95699
50 85.71  0 0 0 0 0 0 0 0 0 0 95751
52 85.71  0 0 0 0 0 0 0 0 0 0 95802
52 85.71  0 0 0 0 0 0 0 0 0 0 95853
52 100  0 0 0 0 0 0 0 0 0 0 95904
52 100  0 0 0 0 0 0 0 0 0 0 95955
51 100  0 0 0 0 0 0 0 0 0 0 96007
51 100  0 0 0 0 0 0 0 0 0 0 96059
51 100  0 0 0 0 0 0 0 0 0 0 96110
51 100  0 0 0 0 0 0 0 0 0 0 96161
51 100  0 0 0 0 0 0 0 0 0 0 96213
51 100  0 0 0 0 0 0 0 0 0 0 96263
50 100  0 0 0 0 0 0 0 0 0 0 96315
50 100  0 0 0 0 0 0 0 0 0 0 96364
49 120  0 0 0 0 0 0 0 0 0 0 96415
49 120  0 0 0 0 0 0 0 0 0 0 96467
47 120  0 0 0 0 0 0 0 0 0 0 96519
47 120  0 0 0 0 0 0 0 0 0 0 96571
48 120  0 0 0 0 0 0 0 0 0 0 96622
48 120  0 0 0 0 0 0 0 0 0 0 96673
47 120  0 0 0 0 0 0 0 0 0 0 96725
47 120  0 0 0 0 0 0 0 0 0 0 96776
48 120  0 0 0 0 0 0 0 0 0 0 96833
48 120  0 0 0 0 0 0 0 0 0 0 96884
47 120  0 0 0 0 0 0 0 0 0 0 96936
48 100  0 0 0 0 0 0 0 0 0 0 96987
48 100  0 0 0 0 0 0 0 0 0 0 97037
48 100  0 0 0 0 0 0 0 0 0 0 97088
48 100  0 0 0 0 0 0 0 0 0 0 97138
48 100  0 0 0 0 0 0 0 0 0 0 97191
48 100  0 0 0 0 0 0 0 0 0 0 97242
48 100  0 0 0 0 0 0 0 0 0 0 97293
48 100  0 0 0 0 0 0 0 0 0 0 97345
48 100  0 0 0 0 0 0 0 0 0 0 97397
48 100  0 0 0 0 0 0 0 0 0 0 97450
48 100  0 0 0 0 0 0 0 0 0 0 97509
48 100  0 0 0 0 0 0 0 0 0 0 97561
49 100  0 0 0 0 0 0 0 0 0 0 97612
49 100  0 0 0 0 0 0 0 0 0 0 97662
49 100  0 0 0 0 0 0 0 0 0 0 97713
49 100  0 0 0 0 0 0 0 0 0 0 97763
50 100  0 0 0 0 0 0 0 0 0 0 97816
50 100  0 0 0 0 0 0 0 0 0 0 97869
50 100  0 0 0 0 0 0 0 0 0 0 97920
50 100  0 0 0 0 0 0 0 0 0 0 97972
51 100  0 0 0 0 0 0 0 0 0 0 98023
51 100  0 0 0 0 0 0 0 0 0 0 98074
52 100  0 0 0 0 0 0 0 0 0 0 98125
52 100  0 0 0 0 0 0 0 0 0 0 98176
53 100  0 0 0 0 0 0 0 0 0 0 98227
53 100  0 0 0 0 0 0 0 0 0 0 98280
53 100  0 0 0 0 0 0 0 0 0 0 98332
53 100  0 0 0 0 0 0 0 0 0 0 98383
54 100  0 0 0 0 0 0 0 0 0 0 98435
54 100  0 0 0 0 0 0 0 0 0 0 98486
55 100  0 0 0 0 0 0 0 0 0 0 98537
56 100  0 0 0 0 0 0 0 0 0 0 98589
56 100  0 0 0 0 0 0 0 0 0 0 98642
56 100  0 0 0 0 0 0 0 0 0 0 98694
56 100  0 0 0 0 0 0 0 0 0 0 98751
55 100  0 0 0 0 0 0 0 0 0 0 98804
55 100  0 0 0 0 0 0 0 0 0 0 98856
56 100  0 0 0 0 0 0 0 0 0 0 98908
56 100  0 0 0 0 0 0 0 0 0 0 98960
57 100  0 0 0 0 0 0 0 0 0 0 99012
57 100  0 0 0 0 0 0 0 0 0 0 99064
57 100  0 0 0 0 0 0 0 0 0 0 99114
57 100  0 0 0 0 0 0 0 0 0 0 99166
57 100  0 0 0 0 0 0 0 0 0 0 99216
57 100  0 0 0 0 0 0 0 0 0 0 99268
58 100  0 0 0 0 0 0 0 0 0 0 99322
58 100  0 0 0 0 0 0 0 0 0 0 99374
58 100  0 0 0 0 0 0 0 0 0 0 99428
58 100  0 0 0 0 0 0 0 0 0 0 99479
58 85.71  0 0 0 0 0 0 0 0 0 0 99531
58 85.71  0 0 0 0 0 0 0 0 0 0 99583
57 85.71  0 0 0 0 0 0 0 0 0 0 99635
57 85.71  0 0 0 0 0 0 0 0 0 0 99689
57 85.71  0 0 0 0 0 0 0 0 0 0 99740
56 85.71  0 0 0 0 0 0 0 0 0 0 99793
56 85.71  0 0 0 0 0 0 0 0 0 0 99846
57 85.71  0 0 0 0 0 0 0 0 0 0 99899
57 85.71  0 0 0 0 0 0 0 0 0 0 99952
56 85.71  0 0 0 0 0 0 0 0 0 0 100005
56 85.71  0 0 0 0 0 0 0 0 0 0 100056
57 85.71  0 0 0 0 0 0 0 0 0 0 100108
57 85.71  0 0 0 0 0 0 0 0 0 0 100160
57 85.71  0 0 0 0 0 0 0 0 0 0 100211
57 85.71  0 0 0 0 0 0 0 0 0 0 100263
56 75  0 0 0 0 0 0 0 0 0 0 100315
56 75  0 0 0 0 0 0 0 0 0 0 100367
57 75  0 0 0 0 0 0 0 0 0 0 100418
57 75  0 0 0 0 0 0 0 0 0 0 100470
57 75  0 0 0 0 0 0 0 0 0 0 100524
57 75  0 0 0 0 0 0 0 0 0 0 100576
56 75  0 0 0 0 0 0 0 0 0 0 100627
56 75  0 0 0 0 0 0 0 0 0 0 100677
56 75  0 0 0 0 0 0 0 0 0 0 100728
56 75  0 0 0 0 0 0 0 0 0 0 100778
57 75  0 0 0 0 0 0 0 0 0 0 100830
57 75  0 0 0 0 0 0 0 0 0 0 100881
58 75  0 0 0 0 0 0 0 0 0 0 100932
58 75  0 0 0 0 0 0 0 0 0 0 100986
56 75  0 0 0 0 0 0 0 0 0 0 101037
57 75  0 0 0 0 0 0 0 0 0 0 101094
57 75  0 0 0 0 0 0 0 0 0 0 101144
58 75  0 0 0 0 0 0 0 0 0 0 101195
58 75  0 0 0 0 0 0 0 0 0 0 101245
58 75  0 0 0 0 0 0 0 0 0 0 101297
58 75  0 0 0 0 0 0 0 0 0 0 101348
58 75  0 0 0 0 0 0 0 0 0 0 101399
58 75  0 0 0 0 0 0 0 0 0 0 101451
58 75  0 0 0 0 0 0 0 0 0 0 101502
58 75  0 0 0 0 0 0 0 0 0 0 101553
58 75  0 0 0 0 0 0 0 0 0 0 101604
58 75  0 0 0 0 0 0 0 0 0 0 101657
58 75  0 0 0 0 0 0 0 0 0 0 101708
58 75  0 0 0 0 0 0 0 0 0 0 101760
59 85.71  0 0 0 0 0 0 0 0 0 0 101811
59 85.71  0 0 0 0 0 0 0 0 0 0 101862
59 85.71  0 0 0 0 0 0 0 0 0 0 101912
59 85.71  0 0 0 0 0 0 0 0 0 0 101964
59 85.71  0 0 0 0 0 0 0 0 0 0 102016
59 85.71  0 0 0 0 0 0 0 0 0 0 102129
59 85.71  0 0 0 0 0 0 0 0 0 0 102198
59 85.71  0 0 0 0 0 0 0 0 0 0 102248
59 85.71  0 0 0 0 0 0 0 0 0 0 102300
59 85.71  0 0 0 0 0 0 0 0 0 0 102351
59 85.71  0 0 0 0 0 0 0 0 0 0 102402
59 85.71  0 0 0 0 0 0 0 0 0 0 102456
59 85.71  0 0 0 0 0 0 0 0 0 0 102508
59 85.71  0 0 0 0 0 0 0 0 0 0 102558
59 85.71  0 0 0 0 0 0 0 0 0 0 102610
59 85.71  0 0 0 0 0 0 0 0 0 0 102661
59 85.71  0 0 0 0 0 0 0 0 0 0 102714
59 85.71  0 0 0 0 0 0 0 0 0 0 102768
58 85.71  0 0 0 0 0 0 0 0 0 0 102819
58 85.71  0 0 0 0 0 0 0 0 0 0 102871
57 85.71  0 0 0 0 0 0 0 0 0 0 102921
57 85.71  0 0 0 0 0 0 0 0 0 0 102973
56 85.71  0 0 0 0 0 0 0 0 0 0 103025
56 85.71  0 0 0 0 0 0 0 0 0 0 103076
55 85.71  0 0 0 0 0 0 0 0 0 0 103126
55 85.71  0 0 0 0 0 0 0 0 0 0 103177
53 85.71  0 0 0 0 0 0 0 0 0 0 103228
53 85.71  0 0 0 0 0 0 0 0 0 0 103279
54 85.71  0 0 0 0 0 0 0 0 0 0 103331
54 85.71  0 0 0 0 0 0 0 0 0 0 103382
57 85.71  0 0 0 0 0 0 0 0 0 0 103433
57 85.71  0 0 0 0 0 0 0 0 0 0 103484
54 85.71  0 0 0 0 0 0 0 0 0 0 103534
54 85.71  0 0 0 0 0 0 0 0 0 0 103589
50 85.71  0 0 0 0 0 0 0 0 0 0 103641
49 85.71  0 0 0 0 0 0 0 0 0 0 103693
49 85.71  0 0 0 0 0 0 0 0 0 0 103745
48 100  0 0 0 0 0 0 0 0 0 0 103796
48 100  0 0 0 0 0 0 0 0 0 0 103848
48 100  0 0 0 0 0 0 0 0 0 0 103899
48 100  0 0 0 0 0 0 0 0 0 0 103951
48 100  0 0 0 0 0 0 0 0 0 0 104002
48 100  0 0 0 0 0 0 0 0 0 0 104054
48 100  0 0 0 0 0 0 0 0 0 0 104105
48 100  0 0 0 0 0 0 0 0 0 0 104157
48 100  0 0 0 0 0 0 0 0 0 0 104208
48 100  0 0 0 0 0 0 0 0 0 0 104259
48 100  0 0 0 0 0 0 0 0 0 0 104310
48 100  0 0 0 0 0 0 0 0 0 0 104361
48 100  0 0 0 0 0 0 0 0 0 0 104412
48 100  0 0 0 0 0 0 0 0 0 0 104464
48 100  0 0 0 0 0 0 0 0 0 0 104515
48 100  0 0 0 0 0 0 0 0 0 0 104566
48 100  0 0 0 0 0 0 0 0 0 0 104618
48 100  0 0 0 0 0 0 0 0 0 0 104670
48 100  0 0 0 0 0 0 0 0 0 0 104720
48 100  0 0 0 0 0 0 0 0 0 0 104771
48 100  0 0 0 0 0 0 0 0 0 0 104823
48 100  0 0 0 0 0 0 0 0 0 0 104874
48 100  0 0 0 0 0 0 0 0 0 0 104924
48 100  0 0 0 0 0 0 0 0 0 0 104975
48 100  0 0 0 0 0 0 0 0 0 0 105025
48 100  0 0 0 0 0 0 0 0 0 0 105077
48 100  0 0 0 0 0 0 0 0 0 0 105128
48 100  0 0 0 0 0 0 0 0 0 0 105180
48 100  0 0 0 0 0 0 0 0 0 0 105231
48 100  0 0 0 0 0 0 0 0 0 0 105282
49 100  0 0 0 0 0 0 0 0 0 0 105333
49 100  0 0 0 0 0 0 0 0 0 0 105384
51 100  0 0 0 0 0 0 0 0 0 0 105435
53 100  0 0 0 0 0 0 0 0 0 0 105487
53 100  0 0 0 0 0 0 0 0 0 0 105538
55 100  0 0 0 0 0 0 0 0 0 0 105589
55 100  0 0 0 0 0 0 0 0 0 0 105640
56 100  0 0 0 0 0 0 0 0 0 0 105693
56 100  0 0 0 0 0 0 0 0 0 0 105744
57 100  0 0 0 0 0 0 0 0 0 0 105796
57 100  0 0 0 0 0 0 0 0 0 0 105848
57 100  0 0 0 0 0 0 0 0 0 0 105900
57 100  0 0 0 0 0 0 0 0 0 0 105952
60 100  0 0 0 0 0 0 0 0 0 0 106003
60 100  0 0 0 0 0 0 0 0 0 0 106055
64 100  0 0 0 0 0 0 0 0 0 0 106107
64 100  0 0 0 0 0 0 0 0 0 0 106159
64 100  0 0 0 0 0 0 0 0 0 0 106211
64 100  0 0 0 0 0 0 0 0 0 0 106263
63 85.71  0 0 0 0 0 0 0 0 0 0 106314
63 85.71  0 0 0 0 0 0 0 0 0 0 106365
62 85.71  0 0 0 0 0 0 0 0 0 0 106416
62 85.71  0 0 0 0 0 0 0 0 0 0 106468
62 85.71  0 0 0 0 0 0 0 0 0 0 106519
62 85.71  0 0 0 0 0 0 0 0 0 0 106571
63 85.71  0 0 0 0 0 0 0 0 0 0 106621
63 85.71  0 0 0 0 0 0 0 0 0 0 106671
64 85.71  0 0 0 0 0 0 0 0 0 0 106722
64 85.71  0 0 0 0 0 0 0 0 0 0 106773
63 85.71  0 0 0 0 0 0 0 0 0 0 106824
63 85.71  0 0 0 0 0 0 0 0 0 0 106875
63 100  0 0 0 0 0 0 0 0 0 0 106927
63 100  0 0 0 0 0 0 0 0 0 0 106978
63 100  0 0 0 0 0 0 0 0 0 0 107028
63 100  0 0 0 0 0 0 0 0 0 0 107079
63 100  0 0 0 0 0 0 0 0 0 0 107129
63 100  0 0 0 0 0 0 0 0 0 0 107181
63 100  0 0 0 0 0 0 0 0 0 0 107232
63 100  0 0 0 0 0 0 0 0 0 0 107283
64 100  0 0 0 0 0 0 0 0 0 0 107335
64 100  0 0 0 0 0 0 0 0 0 0 107385
64 100  0 0 0 0 0 0 0 0 0 0 107437
63 100  0 0 0 0 0 0 0 0 0 0 107490
63 100  0 0 0 0 0 0 0 0 0 0 107540
64 85.71  0 0 0 0 0 0 0 0 0 0 107592
64 85.71  0 0 0 0 0 0 0 0 0 0 107643
64 85.71  0 0 0 0 0 0 0 0 0 0 107696
64 85.71  0 0 0 0 0 0 0 0 0 0 107748
65 85.71  0 0 0 0 0 0 0 0 0 0 107799
65 85.71  0 0 0 0 0 0 0 0 0 0 107851
63 85.71  0 0 0 0 0 0 0 0 0 0 107902
63 85.71  0 0 0 0 0 0 0 0 0 0 107953
61 85.71  0 0 0 0 0 0 0 0 0 0 108005
61 85.71  0 0 0 0 0 0 0 0 0 0 108055
68 85.71  0 0 0 0 0 0 0 0 0 0 108107
68 85.71  0 0 0 0 0 0 0 0 0 0 108158
76 100  0 0 0 0 0 0 0 0 0 0 108209
76 100  0 0 0 0 0 0 0 0 0 0 108261
79 100  0 0 0 0 0 0 0 0 0 0 108312
79 100  0 0 0 0 0 0 0 0 0 0 108363
81 100  0 0 0 0 0 0 0 0 0 0 108415
81 100  0 0 0 0 0 0 0 0 0 0 108467
80 100  0 0 0 0 0 0 0 0 0 0 108518
80 100  0 0 0 0 0 0 0 0 0 0 108569
79 100  0 0 0 0 0 0 0 0 0 0 108621
79 100  0 0 0 0 0 0 0 0 0 0 108672
76 100  0 0 0 0 0 0 0 0 0 0 108724
76 100  0 0 0 0 0 0 0 0 0 0 108775
78 100  0 0 0 0 0 0 0 0 0 0 108826
78 100  0 0 0 0 0 0 0 0 0 0 108877
78 100  0 0 0 0 0 0 0 0 0 0 108928
78 100  0 0 0 0 0 0 0 0 0 0 108979
76 100  0 0 0 0 0 0 0 0 0 0 109030
76 100  0 0 0 0 0 0 0 0 0 0 109081
74 100  0 0 0 0 0 0 0 0 0 0 109132
74 100  0 0 0 0 0 0 0 0 0 0 109183
73 100  0 0 0 0 0 0 0 0 0 0 109234
73 100  0 0 0 0 0 0 0 0 0 0 109284
73 120  0 0 0 0 0 0 0 0 0 0 109336
79 120  0 0 0 0 0 0 0 0 0 0 109387
79 120  0 0 0 0 0 0 0 0 0 0 109438
80 120  0 0 0 0 0 0 0 0 0 0 109490
80 120  0 0 0 0 0 0 0 0 0 0 109540
80 120  0 0 0 0 0 0 0 0 0 0 109591
80 120  0 0 0 0 0 0 0 0 0 0 109641
81 120  0 0 0 0 0 0 0 0 0 0 109692
81 120  0 0 0 0 0 0 0 0 0 0 109745
81 120  0 0 0 0 0 0 0 0 0 0 109796
81 120  0 0 0 0 0 0 0 0 0 0 109847
79 100  0 0 0 0 0 0 0 0 0 0 109899
79 100  0 0 0 0 0 0 0 0 0 0 109951
77 100  0 0 0 0 0 0 0 0 0 0 110002
77 100  0 0 0 0 0 0 0 0 0 0 110054
72 100  0 0 0 0 0 0 0 0 0 0 110105
72 100  0 0 0 0 0 0 0 0 0 0 110157
75 100  0 0 0 0 0 0 0 0 0 0 110211
75 100  0 0 0 0 0 0 0 0 0 0 110262
78 100  0 0 0 0 0 0 0 0 0 0 110313
78 100  0 0 0 0 0 0 0 0 0 0 110364
82 100  0 0 0 0 0 0 0 0 0 0 110415
82 100  0 0 0 0 0 0 0 0 0 0 110467
81 100  0 0 0 0 0 0 0 0 0 0 110518
81 100  0 0 0 0 0 0 0 0 0 0 110570
79 100  0 0 0 0 0 0 0 0 0 0 110621
79 100  0 0 0 0 0 0 0 0 0 0 110672
65 100  0 0 0 0 0 0 0 0 0 0 110723
65 100  0 0 0 0 0 0 0 0 0 0 110774
66 100  0 0 0 0 0 0 0 0 0 0 110825
66 100  0 0 0 0 0 0 0 0 0 0 110877
67 100  0 0 0 0 0 0 0 0 0 0 110928
67 100  0 0 0 0 0 0 0 0 0 0 110979
66 100  0 0 0 0 0 0 0 0 0 0 111030
66 100  0 0 0 0 0 0 0 0 0 0 111082
59 100  0 0 0 0 0 0 0 0 0 0 111133
59 100  0 0 0 0 0 0 0 0 0 0 111183
52 100  0 0 0 0 0 0 0 0 0 0 111235
52 100  0 0 0 0 0 0 0 0 0 0 111284
51 100  0 0 0 0 0 0 0 0 0 0 111335
49 100  0 0 0 0 0 0 0 0 0 0 111386
49 100  0 0 0 0 0 0 0 0 0 0 111437
50 100  0 0 0 0 0 0 0 0 0 0 111489
50 100  0 0 0 0 0 0 0 0 0 0 111541
49 100  0 0 0 0 0 0 0 0 0 0 111592
49 100  0 0 0 0 0 0 0 0 0 0 111643
49 33.33  0 0 0 0 0 0 0 0 0 0 111695
49 33.33  0 0 0 0 0 0 0 0 0 0 111745
49 33.33  0 0 0 0 0 0 0 0 0 0 111796
49 33.33  0 0 0 0 0 0 0 0 0 0 111847
49 33.33  0 0 0 0 0 0 0 0 0 0 111898
49 33.33  0 0 0 0 0 0 0 0 0 0 111949
49 33.33  0 0 0 0 0 0 0 0 0 0 112000
49 33.33  0 0 0 0 0 0 0 0 0 0 112052
48 33.33  0 0 0 0 0 0 0 0 0 0 112103
48 33.33  0 0 0 0 0 0 0 0 0 0 112153
48 33.33  0 0 0 0 0 0 0 0 0 0 112204
48 33.33  0 0 0 0 0 0 0 0 0 0 112254
47 100  0 0 0 0 0 0 0 0 0 0 112305
47 100  0 0 0 0 0 0 0 0 0 0 112357
47 100  0 0 0 0 0 0 0 0 0 0 112409
47 100  0 0 0 0 0 0 0 0 0 0 112460
48 100  0 0 0 0 0 0 0 0 0 0 112511
48 100  0 0 0 0 0 0 0 0 0 0 112561
61 100  0 0 0 0 0 0 0 0 0 0 112613
61 100  0 0 0 0 0 0 0 0 0 0 112664
67 100  0 0 0 0 0 0 0 0 0 0 112715
67 100  0 0 0 0 0 0 0 0 0 0 112767
58 100  0 0 0 0 0 0 0 0 0 0 112818
58 100  0 0 0 0 0 0 0 0 0 0 112869
52 100  0 0 0 0 0 0 0 0 0 0 112921
52 100  0 0 0 0 0 0 0 0 0 0 112972
50 85.71  0 0 0 0 0 0 0 0 0 0 113023
50 85.71  0 0 0 0 0 0 0 0 0 0 113074
49 85.71  0 0 0 0 0 0 0 0 0 0 113125
49 85.71  0 0 0 0 0 0 0 0 0 0 113177
48 85.71  0 0 0 0 0 0 0 0 0 0 113228
48 85.71  0 0 0 0 0 0 0 0 0 0 113279
47 85.71  0 0 0 0 0 0 0 0 0 0 113330
47 85.71  0 0 0 0 0 0 0 0 0 0 113382
47 85.71  0 0 0 0 0 0 0 0 0 0 113433
47 85.71  0 0 0 0 0 0 0 0 0 0 113484
47 85.71  0 0 0 0 0 0 0 0 0 0 113534
48 100  0 0 0 0 0 0 0 0 0 0 113586
48 100  0 0 0 0 0 0 0 0 0 0 113638
49 100  0 0 0 0 0 0 0 0 0 0 113692
49 100  0 0 0 0 0 0 0 0 0 0 113742
49 100  0 0 0 0 0 0 0 0 0 0 113793
49 100  0 0 0 0 0 0 0 0 0 0 113844
48 100  0 0 0 0 0 0 0 0 0 0 113895
48 100  0 0 0 0 0 0 0 0 0 0 113946
47 100  0 0 0 0 0 0 0 0 0 0 113997
47 100  0 0 0 0 0 0 0 0 0 0 114049
48 100  0 0 0 0 0 0 0 0 0 0 114100
48 100  0 0 0 0 0 0 0 0 0 0 114150
48 100  0 0 0 0 0 0 0 0 0 0 114201
48 100  0 0 0 0 0 0 0 0 0 0 114252
48 85.71  0 0 0 0 0 0 0 0 0 0 114303
48 85.71  0 0 0 0 0 0 0 0 0 0 114355
49 85.71  0 0 0 0 0 0 0 0 0 0 114407
49 85.71  0 0 0 0 0 0 0 0 0 0 114459
52 85.71  0 0 0 0 0 0 0 0 0 0 114510
52 85.71  0 0 0 0 0 0 0 0 0 0 114561
62 85.71  0 0 0 0 0 0 0 0 0 0 114613
62 85.71  0 0 0 0 0 0 0 0 0 0 114664
64 85.71  0 0 0 0 0 0 0 0 0 0 114716
64 85.71  0 0 0 0 0 0 0 0 0 0 114767
62 85.71  0 0 0 0 0 0 0 0 0 0 114817
62 85.71  0 0 0 0 0 0 0 0 0 0 114868
54 85.71  0 0 0 0 0 0 0 0 0 0 114918
54 85.71  0 0 0 0 0 0 0 0 0 0 114969
50 85.71  0 0 0 0 0 0 0 0 0 0 115020
50 85.71  0 0 0 0 0 0 0 0 0 0 115072
49 85.71  0 0 0 0 0 0 0 0 0 0 115123
49 85.71  0 0 0 0 0 0 0 0 0 0 115236
49 85.71  0 0 0 0 0 0 0 0 0 0 115287
49 85.71  0 0 0 0 0 0 0 0 0 0 115338
49 85.71  0 0 0 0 0 0 0 0 0 0 115390
49 85.71  0 0 0 0 0 0 0 0 0 0 115442
50 85.71  0 0 0 0 0 0 0 0 0 0 115493
50 85.71  0 0 0 0 0 0 0 0 0 0 115543
49 85.71  0 0 0 0 0 0 0 0 0 0 115594
49 85.71  0 0 0 0 0 0 0 0 0 0 115644
49 85.71  0 0 0 0 0 0 0 0 0 0 115695
49 85.71  0 0 0 0 0 0 0 0 0 0 115788
49 85.71  0 0 0 0 0 0 0 0 0 0 115840
54 85.71  0 0 0 0 0 0 0 0 0 0 115891
54 85.71  0 0 0 0 0 0 0 0 0 0 115942
63 85.71  0 0 0 0 0 0 0 0 0 0 115992
63 85.71  0 0 0 0 0 0 0 0 0 0 116044
66 85.71  0 0 0 0 0 0 0 0 0 0 116094
66 85.71  0 0 0 0 0 0 0 0 0 0 116145
66 85.71  0 0 0 0 0 0 0 0 0 0 116195
66 85.71  0 0 0 0 0 0 0 0 0 0 116245
56 85.71  0 0 0 0 0 0 0 0 0 0 116296
56 85.71  0 0 0 0 0 0 0 0 0 0 116347
51 85.71  0 0 0 0 0 0 0 0 0 0 116397
51 85.71  0 0 0 0 0 0 0 0 0 0 116448
50 85.71  0 0 0 0 0 0 0 0 0 0 116498
50 85.71  0 0 0 0 0 0 0 0 0 0 116550
49 85.71  0 0 0 0 0 0 0 0 0 0 116602
49 85.71  0 0 0 0 0 0 0 0 0 0 116653
49 85.71  0 0 0 0 0 0 0 0 0 0 116705
49 85.71  0 0 0 0 0 0 0 0 0 0 116756
49 85.71  0 0 0 0 0 0 0 0 0 0 116807
49 85.71  0 0 0 0 0 0 0 0 0 0 116858
49 85.71  0 0 0 0 0 0 0 0 0 0 116910
49 85.71  0 0 0 0 0 0 0 0 0 0 116961
49 100  0 0 0 0 0 0 0 0 0 0 117012
49 100  0 0 0 0 0 0 0 0 0 0 117064
49 100  0 0 0 0 0 0 0 0 0 0 117114
49 100  0 0 0 0 0 0 0 0 0 0 117165
49 100  0 0 0 0 0 0 0 0 0 0 117216
49 100  0 0 0 0 0 0 0 0 0 0 117266
49 100  0 0 0 0 0 0 0 0 0 0 117318
49 100  0 0 0 0 0 0 0 0 0 0 117367
49 100  0 0 0 0 0 0 0 0 0 0 117418
49 100  0 0 0 0 0 0 0 0 0 0 117470
49 100  0 0 0 0 0 0 0 0 0 0 117521
49 100  0 0 0 0 0 0 0 0 0 0 117572
49 100  0 0 0 0 0 0 0 0 0 0 117624
49 100  0 0 0 0 0 0 0 0 0 0 117676
49 100  0 0 0 0 0 0 0 0 0 0 117727
49 100  0 0 0 0 0 0 0 0 0 0 117778
48 100  0 0 0 0 0 0 0 0 0 0 117830
48 100  0 0 0 0 0 0 0 0 0 0 117881
49 100  0 0 0 0 0 0 0 0 0 0 117933
49 100  0 0 0 0 0 0 0 0 0 0 117985
49 100  0 0 0 0 0 0 0 0 0 0 118036
49 100  0 0 0 0 0 0 0 0 0 0 118088
49 100  0 0 0 0 0 0 0 0 0 0 118138
49 100  0 0 0 0 0 0 0 0 0 0 118190
49 100  0 0 0 0 0 0 0 0 0 0 118242
49 100  0 0 0 0 0 0 0 0 0 0 118294
49 100  0 0 0 0 0 0 0 0 0 0 118346
49 100  0 0 0 0 0 0 0 0 0 0 118398
49 100  0 0 0 0 0 0 0 0 0 0 118449
49 100  0 0 0 0 0 0 0 0 0 0 118501
49 100  0 0 0 0 0 0 0 0 0 0 118553
49 100  0 0 0 0 0 0 0 0 0 0 118604
49 100  0 0 0 0 0 0 0 0 0 0 118655
52 120  0 0 0 0 0 0 0 0 0 0 118707
52 120  0 0 0 0 0 0 0 0 0 0 118758
55 120  0 0 0 0 0 0 0 0 0 0 118809
55 120  0 0 0 0 0 0 0 0 0 0 118860
57 120  0 0 0 0 0 0 0 0 0 0 118912
57 120  0 0 0 0 0 0 0 0 0 0 118964
58 120  0 0 0 0 0 0 0 0 0 0 119015
58 120  0 0 0 0 0 0 0 0 0 0 119067
61 120  0 0 0 0 0 0 0 0 0 0 119117
61 120  0 0 0 0 0 0 0 0 0 0 119168
61 120  0 0 0 0 0 0 0 0 0 0 119219
61 120  0 0 0 0 0 0 0 0 0 0 119269
66 100  0 0 0 0 0 0 0 0 0 0 119321
66 100  0 0 0 0 0 0 0 0 0 0 119370
73 100  0 0 0 0 0 0 0 0 0 0 119422
73 100  0 0 0 0 0 0 0 0 0 0 119473
72 100  0 0 0 0 0 0 0 0 0 0 119525
72 100  0 0 0 0 0 0 0 0 0 0 119576
70 100  0 0 0 0 0 0 0 0 0 0 119626
70 100  0 0 0 0 0 0 0 0 0 0 119677
73 100  0 0 0 0 0 0 0 0 0 0 119730
73 100  0 0 0 0 0 0 0 0 0 0 119783
69 100  0 0 0 0 0 0 0 0 0 0 119834
69 100  0 0 0 0 0 0 0 0 0 0 119885
66 100  0 0 0 0 0 0 0 0 0 0 119936
64 100  0 0 0 0 0 0 0 0 0 0 119987
64 100  0 0 0 0 0 0 0 0 0 0 120038
64 100  0 0 0 0 0 0 0 0 0 0 120091
64 100  0 0 0 0 0 0 0 0 0 0 120141
64 100  0 0 0 0 0 0 0 0 0 0 120192
64 100  0 0 0 0 0 0 0 0 0 0 120242
65 100  0 0 0 0 0 0 0 0 0 0 120294
65 100  0 0 0 0 0 0 0 0 0 0 120347
68 100  0 0 0 0 0 0 0 0 0 0 120398
68 100  0 0 0 0 0 0 0 0 0 0 120451
74 100  0 0 0 0 0 0 0 0 0 0 120502
74 100  0 0 0 0 0 0 0 0 0 0 120553
69 100  0 0 0 0 0 0 0 0 0 0 120604
69 100  0 0 0 0 0 0 0 0 0 0 120656
66 100  0 0 0 0 0 0 0 0 0 0 120707
66 100  0 0 0 0 0 0 0 0 0 0 120760
65 100  0 0 0 0 0 0 0 0 0 0 120811
65 100  0 0 0 0 0 0 0 0 0 0 120862
65 100  0 0 0 0 0 0 0 0 0 0 120914
65 100  0 0 0 0 0 0 0 0 0 0 120965
69 100  0 0 0 0 0 0 0 0 0 0 121017
69 100  0 0 0 0 0 0 0 0 0 0 121068
73 100  0 0 0 0 0 0 0 0 0 0 121120
73 100  0 0 0 0 0 0 0 0 0 0 121172
62 100  0 0 0 0 0 0 0 0 0 0 121223
62 100  0 0 0 0 0 0 0 0 0 0 121275
57 100  0 0 0 0 0 0 0 0 0 0 121327
57 100  0 0 0 0 0 0 0 0 0 0 121379
55 100  0 0 0 0 0 0 0 0 0 0 121431
55 100  0 0 0 0 0 0 0 0 0 0 121483
54 100  0 0 0 0 0 0 0 0 0 0 121535
54 100  0 0 0 0 0 0 0 0 0 0 121587
54 100  0 0 0 0 0 0 0 0 0 0 121638
54 100  0 0 0 0 0 0 0 0 0 0 121690
54 100  0 0 0 0 0 0 0 0 0 0 121741
54 100  0 0 0 0 0 0 0 0 0 0 121792
54 100  0 0 0 0 0 0 0 0 0 0 121845
54 100  0 0 0 0 0 0 0 0 0 0 121896
54 100  0 0 0 0 0 0 0 0 0 0 121948
54 100  0 0 0 0 0 0 0 0 0 0 121998
54 100  0 0 0 0 0 0 0 0 0 0 122050
55 100  0 0 0 0 0 0 0 0 0 0 122102
55 100  0 0 0 0 0 0 0 0 0 0 122155
55 100  0 0 0 0 0 0 0 0 0 0 122208
55 100  0 0 0 0 0 0 0 0 0 0 122259
55 100  0 0 0 0 0 0 0 0 0 0 122310
55 100  0 0 0 0 0 0 0 0 0 0 122361
55 85.71  0 0 0 0 0 0 0 0 0 0 122412
55 85.71  0 0 0 0 0 0 0 0 0 0 122464
55 85.71  0 0 0 0 0 0 0 0 0 0 122515
55 85.71  0 0 0 0 0 0 0 0 0 0 122566
55 85.71  0 0 0 0 0 0 0 0 0 0 122642
55 85.71  0 0 0 0 0 0 0 0 0 0 122694
55 85.71  0 0 0 0 0 0 0 0 0 0 122745
55 85.71  0 0 0 0 0 0 0 0 0 0 122798
55 85.71  0 0 0 0 0 0 0 0 0 0 122848
56 85.71  0 0 0 0 0 0 0 0 0 0 122899
56 85.71  0 0 0 0 0 0 0 0 0 0 122951
58 100  0 0 0 0 0 0 0 0 0 0 123001
58 100  0 0 0 0 0 0 0 0 0 0 123052
58 100  0 0 0 0 0 0 0 0 0 0 123103
58 100  0 0 0 0 0 0 0 0 0 0 123153
62 100  0 0 0 0 0 0 0 0 0 0 123204
62 100  0 0 0 0 0 0 0 0 0 0 123262
69 100  0 0 0 0 0 0 0 0 0 0 123313
69 100  0 0 0 0 0 0 0 0 0 0 123365
71 100  0 0 0 0 0 0 0 0 0 0 123415
71 100  0 0 0 0 0 0 0 0 0 0 123467
72 100  0 0 0 0 0 0 0 0 0 0 123516
72 100  0 0 0 0 0 0 0 0 0 0 123568
73 100  0 0 0 0 0 0 0 0 0 0 123619
73 100  0 0 0 0 0 0 0 0 0 0 123670
74 85.71  0 0 0 0 0 0 0 0 0 0 123722
74 85.71  0 0 0 0 0 0 0 0 0 0 123773
74 85.71  0 0 0 0 0 0 0 0 0 0 123824
74 85.71  0 0 0 0 0 0 0 0 0 0 123875
74 85.71  0 0 0 0 0 0 0 0 0 0 123926
74 85.71  0 0 0 0 0 0 0 0 0 0 123978
71 85.71  0 0 0 0 0 0 0 0 0 0 124028
71 85.71  0 0 0 0 0 0 0 0 0 0 124079
61 85.71  0 0 0 0 0 0 0 0 0 0 124129
61 85.71  0 0 0 0 0 0 0 0 0 0 124180
58 85.71  0 0 0 0 0 0 0 0 0 0 124231
58 85.71  0 0 0 0 0 0 0 0 0 0 124281
56 100  0 0 0 0 0 0 0 0 0 0 124332
56 100  0 0 0 0 0 0 0 0 0 0 124382
55 100  0 0 0 0 0 0 0 0 0 0 124434
55 100  0 0 0 0 0 0 0 0 0 0 124484
55 100  0 0 0 0 0 0 0 0 0 0 124534
55 100  0 0 0 0 0 0 0 0 0 0 124586
55 100  0 0 0 0 0 0 0 0 0 0 124637
55 100  0 0 0 0 0 0 0 0 0 0 124689
55 100  0 0 0 0 0 0 0 0 0 0 124740
54 100  0 0 0 0 0 0 0 0 0 0 124791
54 100  0 0 0 0 0 0 0 0 0 0 124843
55 100  0 0 0 0 0 0 0 0 0 0 124894
55 100  0 0 0 0 0 0 0 0 0 0 124945
54 100  0 0 0 0 0 0 0 0 0 0 124996
54 100  0 0 0 0 0 0 0 0 0 0 125047
54 100  0 0 0 0 0 0 0 0 0 0 125099
54 100  0 0 0 0 0 0 0 0 0 0 125150
54 100  0 0 0 0 0 0 0 0 0 0 125203
54 100  0 0 0 0 0 0 0 0 0 0 125254
54 100  0 0 0 0 0 0 0 0 0 0 125305
54 100  0 0 0 0 0 0 0 0 0 0 125356
60 100  0 0 0 0 0 0 0 0 0 0 125406
60 100  0 0 0 0 0 0 0 0 0 0 125458
64 100  0 0 0 0 0 0 0 0 0 0 125509
64 100  0 0 0 0 0 0 0 0 0 0 125560
64 85.71  0 0 0 0 0 0 0 0 0 0 125612
64 85.71  0 0 0 0 0 0 0 0 0 0 125663
64 85.71  0 0 0 0 0 0 0 0 0 0 125715
64 85.71  0 0 0 0 0 0 0 0 0 0 125767
63 85.71  0 0 0 0 0 0 0 0 0 0 125818
63 85.71  0 0 0 0 0 0 0 0 0 0 125869
65 85.71  0 0 0 0 0 0 0 0 0 0 125921
65 85.71  0 0 0 0 0 0 0 0 0 0 125972
63 85.71  0 0 0 0 0 0 0 0 0 0 126023
63 85.71  0 0 0 0 0 0 0 0 0 0 126074
61 85.71  0 0 0 0 0 0 0 0 0 0 126125
61 85.71  0 0 0 0 0 0 0 0 0 0 126176
61 100  0 0 0 0 0 0 0 0 0 0 126227
61 100  0 0 0 0 0 0 0 0 0 0 126279
60 100  0 0 0 0 0 0 0 0 0 0 126331
60 100  0 0 0 0 0 0 0 0 0 0 126382
61 100  0 0 0 0 0 0 0 0 0 0 126435
