0 0 0.00466904 0.192702 0.650752 0.423945 0.00425415 0.00280429 0.0102983 0.360358 0 0 0 0 0 0 0 0 0 0 0 2446
0 0 0.00568936 0.192693 0.728502 0.595891 0.00438099 0.00305338 0.00931587 0.398114 0 0 0 0 0 0 0 0 0 0 0 2500
0 0 0.00568936 0.192693 0.728502 0.595891 0.00438099 0.00305338 0.00931587 0.398114 0 0 0 0 0 0 0 0 0 0 0 2551
0 0 0.010373 0.192617 1.04195 1.7829 0.00449242 0.00401228 0.00571132 0.569201 0 0 0 0 0 0 0 0 0 0 0 2606
0 0 0.010373 0.192617 1.04195 1.7829 0.00449242 0.00401228 0.00571132 0.569201 0 0 0 0 0 0 0 0 0 0 0 2657
0 0 0.0128185 0.192416 4.56344 5.69048 0.00451183 0.00457266 0.00444655 0.675806 0 0 0 0 0 0 0 0 0 0 0 2714
0 0 0.0186416 0.191974 1.74264 6.38479 0.00451676 0.00548472 0.00296879 0.858191 0 0 0 0 0 0 0 0 0 0 0 2769
0 0 0.0183414 0.1909 1.45577 5.97416 0.00450229 0.00565634 0.00175394 0.878737 0 0 0 0 0 0 0 0 0 0 0 2827
0 0 0.0320075 0.189354 2.18104 15.8463 0.00447772 0.00761207 0.00108915 1.28349 0 0 0 0 0 0 0 0 0 0 0 2879
0 0 0.0461278 0.189153 3.12865 26.2275 0.00448721 0.0089644 0.00106208 1.59718 0 0 0 0 0 0 0 0 0 0 0 2931
0 0 0.0461278 0.189153 3.12865 26.2275 0.00448721 0.0089644 0.00106208 1.59718 0 0 0 0 0 0 0 0 0 0 0 2983
0 0 0.0454975 0.190092 3.18777 26.1413 0.00450065 0.00885832 0.00123992 1.59635 0 0 0 0 0 0 0 0 0 0 0 3034
0 0 0.0402408 0.190331 3.15874 23.2257 0.00451132 0.00849503 0.00143157 1.5154 0 0 0 0 0 0 0 0 0 0 0 3085
0 0 0.0313146 0.189157 2.94332 17.7425 0.00449817 0.00788973 0.00159556 1.34464 0 0 0 0 0 0 0 0 0 0 0 3137
0 0 0.0261176 0.186146 2.6136 13.9887 0.00444253 0.00760143 0.00176516 1.21852 0 0 0 0 0 0 0 0 0 0 0 3191
0 0 0.0316568 0.178558 3.39752 20.9243 0.00432196 0.00943913 0.00108684 1.44603 0 0 0 0 0 0 0 0 0 0 0 3245
0 0 0.0374877 0.168705 4.87122 28.731 0.00414451 0.011884 0.000780415 1.6716 0 0 0 0 0 0 0 0 0 0 0 3295
0 0 0.0374877 0.168705 4.87122 28.731 0.00414451 0.011884 0.000780415 1.6716 0 0 0 0 0 0 0 0 0 0 0 3346
0 0 0.0366111 0.156988 4.651 30.3096 0.0039738 0.0142143 0.000786977 1.72208 0 0 0 0 0 0 0 0 0 0 0 3402
0 0 0.0276843 0.134559 4.22786 25.2751 0.00369489 0.0186769 0.00071121 1.58043 0 0 0 0 0 0 0 0 0 0 0 3457
0 0 0.0217369 0.106767 3.43292 23.4769 0.003216 0.0302163 0.000778648 1.527 0 0 0 0 0 0 0 0 0 0 0 3508
0 0 0.01268 0.0801526 1.78237 13.9769 0.00300341 0.048343 0.000750366 1.23227 2.42754 0 0 0 0 0 0 0 0 0 0 3558
0 0 0.00783638 0.0531034 0.975989 9.76369 0.00249168 0.108594 0.00062908 1.07366 8.45791 0 0 0 0 0 0 0 0 0 0 3610
0 0 0.00783638 0.0531034 0.975989 9.76369 0.00249168 0.108594 0.00062908 1.07366 8.45791 0 0 0 0 0 0 0 0 0 0 3662
0 0 0.00539943 0.0400479 0.603855 7.3493 0.00206019 0.188724 0.000566947 0.96385 12.6831 0 0 0 0 0 0 0 0 0 0 3714
0 0 0.00310245 0.0466154 0.364181 2.02777 0.00198123 0.10075 0.00130465 0.605471 12.4584 0 0 0 0 0 0 0 0 0 0 3767
0 0 0.00124055 0.0480015 0.17541 1.37642 0.00167963 0.0702104 0.00306859 0.320225 13.7922 0 0 0 0 0 0 0 0 0 0 3819
0 0 0.00104729 0.0551698 0.163806 1.13143 0.00166918 0.0498136 0.00431474 0.27273 12.9764 0 0 0 0 0 0 0 0 0 0 3869
0 0 0.00104729 0.0551698 0.163806 1.13143 0.00166918 0.0498136 0.00431474 0.27273 12.9764 0 0 0 0 0 0 0 0 0 0 3922
0 0 0.00125755 0.0833147 0.219425 0.472092 0.0022788 0.0163553 0.00814171 0.235683 7.05338 0 0 0 0 0 0 0 0 0 0 3975
0 0 0.000570195 0.0457006 0.107522 1.94458 0.00114384 0.0800374 0.00449649 0.219264 17.4916 0 0 0 0 0 0 0 0 0 0 4027
0 0 0.000900348 0.0729455 0.169784 0.706776 0.00179607 0.0244929 0.00741346 0.215995 9.85479 0 0 0 0 0 0 0 0 0 0 4084
0 0 0.000883969 0.0933869 0.174782 0.60906 0.00194245 0.0198334 0.00835124 0.204028 8.40547 0 0 0 0 0 0 0 0 0 0 4134
0 0 0.000883969 0.0933869 0.174782 0.60906 0.00194245 0.0198334 0.00835124 0.204028 8.40547 0 0 0 0 0 0 0 0 0 0 4187
0 0 0.00107336 0.115481 0.219241 0.359255 0.00243739 0.0106275 0.0094169 0.199635 1.37142 0 0 0 0 0 0 0 0 0 0 4240
0 0 0.00151106 0.154993 0.307373 0.253877 0.00332024 0.00442199 0.0126924 0.197765 0 0 0 0 0 0 0 0 0 0 0 4293
0 0 0.00184 0.178385 0.369509 0.437033 0.00395072 0.00282426 0.0134362 0.199322 0 0 0 0 0 0 0 0 0 0 0 4353
0 0 0.00184 0.178385 0.369509 0.437033 0.00395072 0.00282426 0.0134362 0.199322 0 0 0 0 0 0 0 0 0 0 0 4404
0 0 0.00200921 0.190837 0.409476 0.666878 0.00434015 0.00222897 0.0135152 0.202187 0 0 0 0 0 0 0 0 0 0 0 4455
0 0 0.00205988 0.192841 0.422275 0.657455 0.00446369 0.00205435 0.0140603 0.202653 0 0 0 0 0 0 0 0 0 0 0 4512
0 0 0.00205235 0.19374 0.427614 0.806216 0.00453089 0.00195797 0.0139822 0.202681 0 0 0 0 0 0 0 0 0 0 0 4568
0 0 0.00204285 0.194368 0.430394 0.583603 0.00451276 0.0018954 0.0157935 0.201717 0 0 0 0 0 0 0 0 0 0 0 4623
0 0 0.00205268 0.193645 0.435304 0.524638 0.00428309 0.00188533 0.0181741 0.204976 0 0 0 0 0 0 0 0 0 0 0 4674
0 0 0.00203498 0.193119 0.434969 0.265 0.00350097 0.00187225 0.0309079 0.203815 -3.92864 0 0 0 0 0 0 0 0 0 0 4728
0 0 0.00203498 0.193119 0.434969 0.265 0.00350097 0.00187225 0.0309079 0.203815 -3.92864 0 0 0 0 0 0 0 0 0 0 4871
0 0 0.00237191 0.193171 0.433318 0.125295 0.00410779 0.00185983 0.0266566 0.198173 0 0 0 0 0 0 0 0 0 0 0 4926
0 0 0.00264458 0.193384 0.441143 0.0932364 0.0044003 0.00189794 0.023535 0.202513 0 0 0 0 0 0 0 0 0 0 0 4977
0 0 0.00264458 0.193384 0.441143 0.0932364 0.0044003 0.00189794 0.023535 0.202513 0 0 0 0 0 0 0 0 0 0 0 5030
0 0 0.00300206 0.194626 0.451299 0.0982248 0.00451792 0.00195131 0.0218469 0.20852 0 0 0 0 0 0 0 0 0 0 0 5081
0 0 0.00351108 0.198627 0.473637 0.120587 0.00458338 0.00208537 0.0191467 0.223772 0 0 0 0 0 0 0 0 0 0 0 5133
0 0 0.00397888 0.205424 0.504164 0.169248 0.00459224 0.00239384 0.0159928 0.251678 0 0 0 0 0 0 0 0 0 0 0 5188
0 0 0.00577518 0.219614 0.591951 0.377966 0.00460492 0.00325964 0.010299 0.333214 0 0 0 0 0 0 0 0 0 0 0 5240
0 0 0.00577518 0.219614 0.591951 0.377966 0.00460492 0.00325964 0.010299 0.333214 0 0 0 0 0 0 0 0 0 0 0 5294
0 0 0.00904512 0.279387 0.689592 1.0083 0.00465422 0.00528658 0.00563184 0.470023 0 0 0 0 0 0 0 0 0 0 0 5347
0 0 0.00962393 0.426477 0.844596 2.42256 0.00469624 0.00695982 0.00376977 0.640873 0 0 0 0 0 0 0 0 0 0 0 5401
0 0 0.00470448 0.666363 0.605804 0.633525 0.00476792 0.00470725 0.00732313 0.399345 0 0 0 0 0 0 0 0 0 0 0 5456
0 0 0.00343438 0.946234 0.524976 0.30513 0.00481278 0.00341257 0.0108888 0.309169 0 0 0 0 0 0 0 0 0 0 0 5508
0 0 0.00261252 1.81332 0.45954 0.165776 0.00478238 0.00274454 0.0152621 0.249739 0 0 0 0 0 0 0 0 0 0 0 5559
0 0 0.00261252 1.81332 0.45954 0.165776 0.00478238 0.00274454 0.0152621 0.249739 0 0 0 0 0 0 0 0 0 0 0 5611
0 0 0.0020418 4.42214 0.406799 0.101915 0.00450621 0.00246031 0.0193486 0.210559 0 0 0 0 0 0 0 0 0 0 0 5666
0 0 0.00189477 8.97622 0.395431 0.0960194 0.00442959 0.00233278 0.0212329 0.198831 0 0 0 0 0 0 0 0 0 0 0 5718
0 0 0.00182785 8.272 0.381637 0.103987 0.00430355 0.00253795 0.0207362 0.197311 0 0 0 0 0 0 0 0 0 0 0 5773
0 0 0.00182785 8.272 0.381637 0.103987 0.00430355 0.00253795 0.0207362 0.197311 0 0 0 0 0 0 0 0 0 0 0 5824
0 0 0.00181559 3.12612 0.379946 0.102765 0.00434324 0.00244705 0.0216881 0.192314 0 0 0 0 0 0 0 0 0 0 0 5878
0 0 0.00199287 1.1139 0.41128 0.0864932 0.00468777 0.00197676 0.0241949 0.190146 0 0 0 0 0 0 0 0 0 0 0 5933
0 0 0.00210662 0.447164 0.423419 0.0891711 0.00481625 0.00177883 0.026286 0.185814 0 0 0 0 0 0 0 0 0 0 0 5988
0 0 0.00212392 0.258542 0.425762 0.0936103 0.00492783 0.00169119 0.0289889 0.183232 0 0 0 0 0 0 0 0 0 0 0 6040
0 0 0.00212392 0.258542 0.425762 0.0936103 0.00492783 0.00169119 0.0289889 0.183232 0 0 0 0 0 0 0 0 0 0 0 6091
0 0 0.00210094 0.217549 0.426448 0.0955875 0.00512593 0.00161662 0.0339165 0.182806 0 0 0 0 0 0 0 0 0 0 0 6149
0 0 0.00199872 0.212621 0.426243 0.0986335 0.00548642 0.0015537 0.0432099 0.187189 0 0 0 0 0 0 0 0 0 0 0 6200
0 0 0.00203986 0.211017 0.42629 0.109241 0.00603229 0.00140654 0.0595519 0.182399 0 0 0 0 0 0 0 0 0 0 0 6255
0 0 0.00167532 0.217714 0.426354 0.127741 0.00777391 0.00122031 0.148941 0.201312 0 0 0 0 0 0 0 0 0 0 0 6309
0 0 0.00167532 0.217714 0.426354 0.127741 0.00777391 0.00122031 0.148941 0.201312 0 0 0 0 0 0 0 0 0 0 0 6365
0 0 0.00132558 0.255721 0.426309 0.234598 0.016118 0.000681326 2.00805 0.218805 -7.79358 0 0 0 0 0 0 0 0 0 0 6416
0 0 0.00132558 0.255721 0.426309 0.234598 0.016118 0.000681326 2.00805 0.218805 -7.79358 0 0 0 0 0 0 0 0 0 0 6470
0 0 0.00119601 0.266369 0.426263 0.275304 0.0198951 0.000590614 4.08488 0.228312 -11.5015 0 0 0 0 0 0 0 0 0 0 6525
0 0 0.00210254 0.330703 0.426221 0.635182 0.0323392 0.000276547 18.4408 0.154161 -19.6664 0 0 0 0 0 0 0 0 0 0 6579
0 0 0.00371336 0.357941 0.426239 0.868948 0.0338219 0.000209615 16.7367 0.104396 -18.9502 0 0 0 0 0 0 0 0 0 0 6630
0 0 0.00371336 0.357941 0.426239 0.868948 0.0338219 0.000209615 16.7367 0.104396 -18.9502 0 0 0 0 0 0 0 0 0 0 6682
0 0 0.00452475 0.411733 0.426313 1.50834 0.0517236 0.000128385 45.1308 0.0881021 -26.017 0 0 0 0 0 0 0 0 0 0 6734
0 0 0 0 0 0 0 0 0 0 0 0 0 0 0 0 0 0 0 0 0 6790
0 0 0 0 0 0 0 0 0 0 0 0 0 0 0 0 0 0 0 0 0 6841
0 0 0 0 0 0 0 0 0 0 0 0 0 0 0 0 0 0 0 0 0 6892
0 0 0 0 0 0 0 0 0 0 0 0 0 0 0 0 0 0 0 0 0 6946
0 0 0.000874471 0.319149 0.423305 0.792511 0.0490425 0.000318247 42.5948 0.253771 -28.2524 0 0 0 0 0 0 0 0 0 0 6996
0 0 0.000874471 0.319149 0.423305 0.792511 0.0490425 0.000318247 42.5948 0.253771 -28.2524 0 0 0 0 0 0 0 0 0 0 7051
0 0 0 0 0 0 0 0 0 0 0 0 0 0 0 0 0 0 0 0 0 7101
0 0 0.00173165 0.370685 0.416694 1.13783 0.0647296 0.000190772 58.2961 0.160174 -30.2805 0 0 0 0 0 0 0 0 0 0 7155
0 0 0.00302089 0.37227 0.412854 1.20717 0.0499578 0.000188454 32.7919 0.116251 -25.233 0 0 0 0 0 0 0 0 0 0 7207
0 0 0.00302089 0.37227 0.412854 1.20717 0.0499578 0.000188454 32.7919 0.116251 -25.233 0 0 0 0 0 0 0 0 0 0 7259
0 0 0.00572426 0.333848 0.409856 0.814172 0.0239701 0.000276591 3.23031 0.0836188 -11.8399 0 0 0 0 0 0 0 0 0 0 7313
0 0 0.0114918 0.308689 0.38577 0.784219 0.0129762 0.000362485 0.312527 0.0584518 -1.84271 0 0 0 0 0 0 0 0 0 0 7363
0 0 0.00806527 0.261039 0.373248 0.556977 0.00817149 0.000649436 0.0728595 0.0801059 0 0 0 0 0 0 0 0 0 0 0 7416
0 0 0.00754763 0.239459 0.291399 1.36101 0.00686656 0.000874298 0.0314853 0.100686 -2.15141 0 0 0 0 0 0 0 0 0 0 7468
0 0 0.0114771 0.223975 0.149142 4.80576 0.00610168 0.00110746 0.0127989 0.123373 -13.0992 0 0 0 0 0 0 0 0 0 0 7523
0 0 0.0222558 0.211938 0.0678351 2.29187 0.00554627 0.00135017 0.00881267 0.147391 -16.0457 0 0 0 0 0 0 0 0 0 0 7575
0 0 0.0222558 0.211938 0.0678351 2.29187 0.00554627 0.00135017 0.00881267 0.147391 -16.0457 0 0 0 0 0 0 0 0 0 0 7627
0 0 0.104513 0.20402 0.0180232 8.75359 0.0050811 0.00155456 0.00401915 0.167385 -32.1829 0 0 0 0 0 0 0 0 0 0 7677
0 0 0.0217349 0.202099 0.0794346 1.06725 0.00505638 0.00160084 0.0146463 0.172624 -4.15885 0 0 0 0 0 0 0 0 0 0 7734
0 0 0.00608842 0.200719 0.213153 0.252015 0.00532768 0.00162489 0.0207249 0.177521 0 0 0 0 0 0 0 0 0 0 0 7791
0 0 0.00278592 0.199625 0.394231 0.101206 0.00604369 0.00164143 0.0240155 0.185994 0 0 0 0 0 0 0 0 0 0 0 7845
0 0 0.00317474 0.200175 0.425851 0.0935524 0.00962136 0.00162136 0.0202816 0.217324 0 0 0 0 0 0 0 0 0 0 0 7897
0 0 0.00742069 0.20112 0.431237 0.0975883 0.0760959 0.00159903 0.00895828 0.363341 0 0 0 0 0 0 0 0 0 0 0 7948
0 0 0.00958023 0.200157 0.432288 0.0967444 0.13178 0.00162918 0.00669483 0.484188 0 0 0 0 0 0 0 0 0 0 0 8002
0 0 0.00958023 0.200157 0.432288 0.0967444 0.13178 0.00162918 0.00669483 0.484188 0 0 0 0 0 0 0 0 0 0 0 8057
0 0 0.0206791 0.199898 0.44061 0.10375 1.61942 0.00166705 0.00358305 0.979553 0 0 0 0 0 0 0 0 0 0 0 8111
0 0 0.0113769 0.198398 0.444939 0.104787 4.27945 0.00172813 0.0142351 2.23139 0 0 0 0 0 0 0 0 0 0 0 8161
0 0 0.010083 0.197613 0.437129 0.0962741 3.46913 0.00172097 0.0174314 2.57388 0 0 0 0 0 0 0 0 0 0 0 8211
0 0 0.00379609 0.199699 0.432444 0.0960567 0.888184 0.00164077 0.0857956 3.03874 -3.08896 0 0 0 0 0 0 0 0 0 0 8268
0 0 0.00172949 0.203571 0.430652 0.101714 0.084664 0.00152728 0.251159 2.7459 -4.69897 0 0 0 0 0 0 0 0 0 0 8320
0 0 0.00172949 0.203571 0.430652 0.101714 0.084664 0.00152728 0.251159 2.7459 -4.69897 0 0 0 0 0 0 0 0 0 0 8374
0 0 0.00127003 0.219244 0.431554 0.136079 0.00336633 0.0011805 0.449922 1.53538 -2.61073 0 0 0 0 0 0 0 0 0 0 8430
0 0 0.00120827 0.213797 0.430019 0.124532 0.00124233 0.00128435 0.254377 0.986574 0 0 0 0 0 0 0 0 0 0 0 8486
0 0 0.00221856 0.21619 0.429336 0.142247 0.000878269 0.00123418 0.0807671 0.603464 0 0 0 0 0 0 0 0 0 0 0 8537
0 0 0.00370839 0.224536 0.42708 0.17655 0.000607045 0.00107935 0.0465599 0.493438 0 0 0 0 0 0 0 0 0 0 0 8588
0 0 0.00370839 0.224536 0.42708 0.17655 0.000607045 0.00107935 0.0465599 0.493438 0 0 0 0 0 0 0 0 0 0 0 8639
0 0 0.00379012 0.224139 0.423356 0.39211 0.000703716 0.00108815 0.0366726 0.446818 0 0 0 0 0 0 0 0 0 0 0 8692
0 0 0.00400843 0.220103 0.378096 2.02988 0.000985017 0.00116101 0.0208347 0.37227 -2.14595 0 0 0 0 0 0 0 0 0 0 8744
0 0 0.0245648 0.208992 0.0539367 2.99276 0.00170156 0.00140784 0.00723614 0.301252 -18.0482 0 0 0 0 0 0 0 0 0 0 8795
0 0 0.162358 0.20587 0.00987067 20.266 0.00291031 0.00149159 0.00372678 0.226864 -32.2453 0 0 0 0 0 0 0 0 0 0 8845
0 0 0.162358 0.20587 0.00987067 20.266 0.00291031 0.00149159 0.00372678 0.226864 -32.2453 0 0 0 0 0 0 0 0 0 0 8896
0 0 0.871257 0.201632 0.00510733 37.9307 0.00423012 0.00160901 0.00364261 0.189863 -41.9302 0 0 0 0 0 0 0 0 0 0 8948
0 0 1.0198 0.198627 0.00670137 28.2651 0.00455295 0.00173981 0.00227302 0.192918 -54.3579 0 0 0 0 0 0 0 0 0 0 9001
0 0 0.242795 0.197788 0.0272651 4.78295 0.0046114 0.0017784 0.00566781 0.194591 -34.969 0 0 0 0 0 0 0 0 0 0 9054
0 0 0.0201776 0.197467 0.135663 0.787178 0.00463061 0.00181233 0.0124488 0.196038 -9.77888 0 0 0 0 0 0 0 0 0 0 9107
0 0 0.00326842 0.197692 0.350857 0.134106 0.00467474 0.00182821 0.0196431 0.195721 0 0 0 0 0 0 0 0 0 0 0 9159
0 0 0.00326842 0.197692 0.350857 0.134106 0.00467474 0.00182821 0.0196431 0.195721 0 0 0 0 0 0 0 0 0 0 0 9211
0 0 0.00231613 0.198874 0.429523 0.0929913 0.00469129 0.0018023 0.0237196 0.191497 0 0 0 0 0 0 0 0 0 0 0 9263
0 0 0.00221274 0.199034 0.431267 0.0918545 0.00466199 0.00180244 0.0240822 0.190935 0 0 0 0 0 0 0 0 0 0 0 9316
0 0 0.00214114 0.19899 0.430307 0.0915662 0.00463275 0.0018129 0.0240126 0.192566 0 0 0 0 0 0 0 0 0 0 0 9370
0 0 0.00207227 0.19924 0.429796 0.0906178 0.00462981 0.00182063 0.0243254 0.194377 0 0 0 0 0 0 0 0 0 0 0 9425
0 0 0.00201843 0.200934 0.429479 0.0885837 0.00467525 0.00180472 0.0256014 0.19515 0 0 0 0 0 0 0 0 0 0 0 9479
0 0 0.00201843 0.200934 0.429479 0.0885837 0.00467525 0.00180472 0.0256014 0.19515 0 0 0 0 0 0 0 0 0 0 0 9531
0 0 0.00199666 0.199807 0.428314 0.0951904 0.00473634 0.00176711 0.0267248 0.193697 0 0 0 0 0 0 0 0 0 0 0 9586
0 0 0.00203054 0.200183 0.426984 0.0912203 0.0048213 0.00170854 0.0291233 0.190165 0 0 0 0 0 0 0 0 0 0 0 9642
0 0 0.00218158 0.202429 0.426525 0.0953092 0.00489133 0.00162043 0.0306235 0.181706 0 0 0 0 0 0 0 0 0 0 0 9692
0 0 0.00226113 0.203512 0.42626 0.0991247 0.00493708 0.0015621 0.0325587 0.178569 0 0 0 0 0 0 0 0 0 0 0 9746
0 0 0.00226113 0.203512 0.42626 0.0991247 0.00493708 0.0015621 0.0325587 0.178569 0 0 0 0 0 0 0 0 0 0 0 9795
0 0 0.00248376 0.206941 0.426107 0.11157 0.00502247 0.0014554 0.0347163 0.169858 0 0 0 0 0 0 0 0 0 0 0 9851
0 0 0.00291421 0.213209 0.426044 0.134683 0.0050925 0.00130076 0.0378741 0.158748 0 0 0 0 0 0 0 0 0 0 0 9905
0 0 0.00367175 0.224628 0.426024 0.158321 0.00487461 0.00109126 0.0466438 0.152188 0 0 0 0 0 0 0 0 0 0 0 9958
0 0 0.00692772 0.257656 0.426032 0.240588 0.00469785 0.000673331 0.080749 0.117488 0 0 0 0 0 0 0 0 0 0 0 10015
0 0 0.0143513 0.301744 0.426097 0.431503 0.0046566 0.000385976 0.15102 0.0886594 0 0 0 0 0 0 0 0 0 0 0 10066
0 0 0.0143513 0.301744 0.426097 0.431503 0.0046566 0.000385976 0.15102 0.0886594 0 0 0 0 0 0 0 0 0 0 0 10119
0 0 0.0261165 0.342186 0.426365 0.698756 0.00488907 0.000247774 0.239926 0.068395 0 0 0 0 0 0 0 0 0 0 0 10170
0 0 0.0380479 0.37229 0.42949 0.964757 0.00412656 0.000184317 0.335427 0.0622734 0 0 0 0 0 0 0 0 0 0 0 10226
0 0 0.031698 0.358728 0.430804 0.843694 0.00288135 0.000209573 0.292873 0.0778859 0 0 0 0 0 0 0 0 0 0 0 10278
0 0 0.031698 0.358728 0.430804 0.843694 0.00288135 0.000209573 0.292873 0.0778859 0 0 0 0 0 0 0 0 0 0 0 10333
0 0 0.0562335 0.403217 0.430568 1.34116 0.00276068 0.00013993 0.466043 0.0568083 0 0 0 0 0 0 0 0 0 0 0 10387
0 0 0.124716 0.463345 0.434176 2.3323 0.00266344 8.6702e-05 0.793725 0.0424537 -1.5856 0 0 0 0 0 0 0 0 0 0 10438
0 0 0.263775 0.500766 0.438701 3.22017 0.00243703 6.65909e-05 1.06721 0.0382271 -3.02908 0 0 0 0 0 0 0 0 0 0 10490
0 0 0.817451 0.584224 0.441688 5.78644 0.00294253 3.89698e-05 1.96699 0.0248137 -5.93509 0 0 0 0 0 0 0 0 0 0 10541
0 0 1.40396 0.597911 0.443127 6.27117 0.00301306 3.59236e-05 2.17361 0.0233733 -6.47736 0 0 0 0 0 0 0 0 0 0 10592
0 0 1.40396 0.597911 0.443127 6.27117 0.00301306 3.59236e-05 2.17361 0.0233733 -6.47736 0 0 0 0 0 0 0 0 0 0 10646
0 0 1.74042 0.569425 0.448941 5.30997 0.00307312 4.26592e-05 1.76545 0.0256055 -5.69669 0 0 0 0 0 0 0 0 0 0 10698
0 0 2.79188 0.561744 0.45951 5.16372 0.00326629 4.49799e-05 1.63756 0.0257026 -5.91666 0 0 0 0 0 0 0 0 0 0 10749
0 0 3.3913 0.542512 0.46731 6.00532 0.00306446 5.05192e-05 1.35793 0.0287438 -6.86715 0 0 0 0 0 0 0 0 0 0 10805
0 0 2.13246 0.554954 0.465556 11.3624 0.00341995 4.61241e-05 1.42286 0.0261423 -10.6074 0 0 0 0 0 0 0 0 0 0 10856
0 0 0.812293 0.559649 0.476418 9.85653 0.00429083 4.45965e-05 1.74514 0.0234993 -10.4566 0 0 0 0 0 0 0 0 0 0 10906
0 0 0.812293 0.559649 0.476418 9.85653 0.00429083 4.45965e-05 1.74514 0.0234993 -10.4566 0 0 0 0 0 0 0 0 0 0 10958
0 0 0.317067 0.559448 0.464649 6.91544 0.00550922 4.44554e-05 2.05756 0.0207712 -8.94409 0 0 0 0 0 0 0 0 0 0 11015
0 0 0.117355 0.485953 0.453635 3.55698 0.00492663 7.29224e-05 1.32038 0.0311338 -5.95566 0 0 0 0 0 0 0 0 0 0 11068
0 0 0.0483355 0.40889 0.445428 1.49709 0.00339012 0.000133638 0.70482 0.0565442 -1.70812 0 0 0 0 0 0 0 0 0 0 11118
0 0 0.0344623 0.407254 0.441002 1.41444 0.00387496 0.000135092 1.18272 0.0663086 -4.12325 0 0 0 0 0 0 0 0 0 0 11171
0 0 0.0344623 0.407254 0.441002 1.41444 0.00387496 0.000135092 1.18272 0.0663086 -4.12325 0 0 0 0 0 0 0 0 0 0 11223
0 0 0.0216753 0.383451 0.437747 1.10436 0.00325802 0.000166255 1.38861 0.0993738 -4.8858 0 0 0 0 0 0 0 0 0 0 11278
0 0 0.017035 0.398123 0.434071 1.27024 0.00426117 0.000145533 3.58995 0.112681 -9.78986 0 0 0 0 0 0 0 0 0 0 11333
0 0 0.013162 0.385499 0.430817 1.13046 0.00428988 0.00016313 3.9386 0.133661 -10.403 0 0 0 0 0 0 0 0 0 0 11387
0 0 0.00677034 0.347115 0.429921 0.762759 0.00458404 0.000235842 3.82173 0.192415 -10.5591 0 0 0 0 0 0 0 0 0 0 11445
0 0 0.00579284 0.353346 0.430927 0.846793 0.00621933 0.000222446 6.31275 0.193735 -13.5535 0 0 0 0 0 0 0 0 0 0 11500
0 0 0.00353145 0.339297 0.429011 0.757295 0.00814854 0.000255315 9.70023 0.239316 -16.2877 0 0 0 0 0 0 0 0 0 0 11554
0 0 0.00261755 0.335796 0.429071 0.736994 0.00965093 0.000264749 14.654 0.283016 -18.8399 0 0 0 0 0 0 0 0 0 0 11608
0 0 0.00455619 0.372588 0.429689 1.10499 0.0117813 0.000183978 17.8701 0.186638 -19.9042 0 0 0 0 0 0 0 0 0 0 11660
0 0 0.00455619 0.372588 0.429689 1.10499 0.0117813 0.000183978 17.8701 0.186638 -19.9042 0 0 0 0 0 0 0 0 0 0 11710
0 0 0.00388734 0.361303 0.432099 1.17433 0.0128081 0.000206257 16.0779 0.199832 -20.5025 0 0 0 0 0 0 0 0 0 0 11763
0 0 0.00387916 0.362165 0.43635 1.33325 0.016553 0.000206633 16.0281 0.179291 -21.3377 0 0 0 0 0 0 0 0 0 0 11814
0 0 0.0024016 0.325447 0.442608 1.07464 0.0134276 0.000304886 10.2341 0.24574 -20.1056 0 0 0 0 0 0 0 0 0 0 11866
0 0 0.00300396 0.317418 0.438792 1.16523 0.0123945 0.000329868 4.87765 0.197026 -17.0135 0 0 0 0 0 0 0 0 0 0 11919
0 0 0.00376483 0.314646 0.432716 1.10862 0.0119987 0.000335142 2.90988 0.15556 -13.9971 0 0 0 0 0 0 0 0 0 0 11971
0 0 0.00768624 0.336538 0.432729 0.832695 0.0113945 0.000264663 1.9112 0.095101 -8.32004 0 0 0 0 0 0 0 0 0 0 12021
0 0 0.0288375 0.40886 0.435763 1.50304 0.0143635 0.00013459 1.72807 0.0365078 -6.51788 0 0 0 0 0 0 0 0 0 0 12073
0 0 0.0288375 0.40886 0.435763 1.50304 0.0143635 0.00013459 1.72807 0.0365078 -6.51788 0 0 0 0 0 0 0 0 0 0 12128
0 0 0.0437422 0.41643 0.44676 1.73461 0.0129011 0.000128813 0.955835 0.0287471 -3.36678 0 0 0 0 0 0 0 0 0 0 12180
0 0 0.037763 0.373756 0.464631 1.31091 0.00991017 0.000194993 0.391743 0.0371166 0 0 0 0 0 0 0 0 0 0 0 12230
0 0 0.0384788 0.355929 0.509073 1.24984 0.00914082 0.000241347 0.267595 0.0433503 0 0 0 0 0 0 0 0 0 0 0 12283
0 0 0.0192974 0.282281 0.510491 0.607741 0.00603015 0.000568005 0.0891398 0.0926198 0 0 0 0 0 0 0 0 0 0 0 12333
0 0 0.0213038 0.240013 0.555154 0.521168 0.00457811 0.00112868 0.0363122 0.176597 0 0 0 0 0 0 0 0 0 0 0 12387
0 0 0.0213038 0.240013 0.555154 0.521168 0.00457811 0.00112868 0.0363122 0.176597 0 0 0 0 0 0 0 0 0 0 0 12436
0 0 0.0596409 0.221652 0.747043 1.39092 0.00395843 0.00201386 0.0153283 0.335841 0 0 0 0 0 0 0 0 0 0 0 12487
0 0 0.246093 0.201523 1.32328 11.4328 0.0033802 0.00489218 0.00390688 0.928889 0 0 0 0 0 0 0 0 0 0 0 12542
0 0 0.3141 0.184663 1.58427 22.3846 0.00349315 0.00782003 0.00217111 1.27912 0 0 0 0 0 0 0 0 0 0 0 12595
0 0 0.3141 0.184663 1.58427 22.3846 0.00349315 0.00782003 0.00217111 1.27912 0 0 0 0 0 0 0 0 0 0 0 12650
0 0 0.237595 0.172597 1.78761 33.1103 0.00347405 0.0111343 0.00141888 1.62221 0 0 0 0 0 0 0 0 0 0 0 12702
0 0 0.161488 0.153417 1.56233 25.2077 0.00327564 0.0143241 0.00133222 1.52126 0 0 0 0 0 0 0 0 0 0 0 12752
0 0 0.140082 0.141741 1.64017 23.6362 0.00304604 0.0176942 0.00117602 1.54982 0 0 0 0 0 0 0 0 0 0 0 12807
0 0 0.0248135 0.129945 1.40091 9.00572 0.00276766 0.0153613 0.00185991 1.07286 0 0 0 0 0 0 0 0 0 0 0 12862
0 0 0.00594008 0.130245 1.27638 2.55333 0.00254686 0.00891017 0.00492606 0.557444 0 0 0 0 0 0 0 0 0 0 0 12915
0 0 0.00258989 0.153924 1.77094 29.0678 0.00248165 0.00394808 0.012926 0.343236 0 0 0 0 0 0 0 0 0 0 0 12967
0 0 0.00172342 0.143028 2.83666 89.6953 0.00191796 0.00394966 0.016066 0.315634 0 0 0 0 0 0 0 0 0 0 0 13019
0 0 0.00215633 0.170247 3.17091 89.6107 0.0016278 0.00251096 0.0205175 0.356569 0 0 0 0 0 0 0 0 0 0 0 13069
0 0 0.00215633 0.170247 3.17091 89.6107 0.0016278 0.00251096 0.0205175 0.356569 0 0 0 0 0 0 0 0 0 0 0 13121
0 0 0.00267773 0.17995 4.22306 96.3906 0.0012665 0.00218377 0.0220525 0.415794 0 0 0 0 0 0 0 0 0 0 0 13175
0 0 0.00291767 0.188659 4.70157 97.3306 0.00103628 0.00193832 0.0233141 0.472809 0 0 0 0 0 0 0 0 0 0 0 13231
0 0 0.00254695 0.189066 4.71795 97.3159 0.000929007 0.00192553 0.0233269 0.505779 0 0 0 0 0 0 0 0 0 0 0 13283
0 0 0.00244051 0.191118 5.41999 98.3902 0.000941989 0.00190953 0.0228488 0.51397 0 0 0 0 0 0 0 0 0 0 0 13335
0 0 0.00244051 0.191118 5.41999 98.3902 0.000941989 0.00190953 0.0228488 0.51397 0 0 0 0 0 0 0 0 0 0 0 13391
0 0 0.00222396 0.192593 4.79773 96.6064 0.000720146 0.00195158 0.0214632 0.634801 0 0 0 0 0 0 0 0 0 0 0 13446
0 0 0.00310481 0.192734 5.08176 94.3476 0.00045217 0.00233764 0.0153754 1.07144 0 0 0 0 0 0 0 0 0 0 0 13501
0 0 0.00814805 0.192761 6.49883 83.9663 0.000290208 0.00395399 0.00586708 2.82879 0 0 0 0 0 0 0 0 0 0 0 13554
0 0 0.0233574 0.192767 6.30569 27.1029 0.000203494 0.00701234 0.0020514 7.33714 0 0 0 0 0 0 0 0 0 0 0 13607
0 0 0.0143067 0.192792 3.53315 7.74043 0.00018054 0.00536748 0.0033617 5.57458 0 0 0 0 0 0 0 0 0 0 0 13659
0 0 0.0143067 0.192792 3.53315 7.74043 0.00018054 0.00536748 0.0033617 5.57458 0 0 0 0 0 0 0 0 0 0 0 13710
0 0 0.0125488 0.192775 2.1668 3.99351 0.000169634 0.00500383 0.00385535 5.28871 0 0 0 0 0 0 0 0 0 0 0 13768
0 0 0.00774683 0.192792 1.19843 1.52529 0.000167864 0.00388987 0.006382 3.89457 0 0 0 0 0 0 0 0 0 0 0 13813
0 0 0.00381476 0.19281 0.763282 0.361816 0.000170237 0.00268788 0.0132188 2.414 0 0 0 0 0 0 0 0 0 0 0 13865
0 0 0.00199089 0.192822 0.524776 0.13066 0.000177064 0.00200483 0.0270198 1.71895 0 0 0 0 0 0 0 0 0 0 0 13920
0 0 0.00113896 0.192939 0.44691 0.095578 0.000218255 0.00182897 0.0728016 1.9348 0 0 0 0 0 0 0 0 0 0 0 13971
0 0 0.000884076 0.192982 0.439817 0.0895252 0.000247796 0.0018256 0.121404 2.24228 0 0 0 0 0 0 0 0 0 0 0 14024
0 0 0.000884076 0.192982 0.439817 0.0895252 0.000247796 0.0018256 0.121404 2.24228 0 0 0 0 0 0 0 0 0 0 0 14082
0 0 0.000217324 0.193573 0.430505 0.0824866 0.000505262 0.00180125 2.0628 5.03026 -8.48355 0 0 0 0 0 0 0 0 0 0 14133
0 0 0 0 0 0 0 0 0 0 0 0 0 0 0 0 0 0 0 0 0 14183
0 0 0.000113192 0.194354 0.427601 0.0829897 0.000705005 0.00177677 7.57569 7.28234 -15.5654 0 0 0 0 0 0 0 0 0 0 14237
0 0 0.000113192 0.194354 0.427601 0.0829897 0.000705005 0.00177677 7.57569 7.28234 -15.5654 0 0 0 0 0 0 0 0 0 0 14287
0 0 0.000100468 0.194721 0.427657 0.0848206 0.000747783 0.00176803 9.65164 7.80975 -17.0812 0 0 0 0 0 0 0 0 0 0 14346
0 0 9.34274e-05 0.196394 0.429025 0.0905011 0.000794332 0.00172279 12.1649 8.14756 -18.743 0 0 0 0 0 0 0 0 0 0 14400
0 0 0 0 0 0 0 0 0 0 0 0 0 0 0 0 0 0 0 0 0 14454
0 0 9.01642e-05 0.198269 0.431141 0.101976 0.000823778 0.00167552 14.628 8.32487 -20.6556 0 0 0 0 0 0 0 0 0 0 14509
0 0 9.51702e-05 0.201639 0.438818 0.112043 0.000853545 0.00160812 15.7492 8.18655 -21.5177 0 0 0 0 0 0 0 0 0 0 14561
0 0 0.000107743 0.206106 0.441655 0.12821 0.000865302 0.00149947 16.2898 7.62363 -22.2224 0 0 0 0 0 0 0 0 0 0 14613
0 0 0.000107743 0.206106 0.441655 0.12821 0.000865302 0.00149947 16.2898 7.62363 -22.2224 0 0 0 0 0 0 0 0 0 0 14664
0 0 0.000126305 0.208955 0.450315 0.133975 0.000848057 0.00145739 13.9347 7.10842 -21.2284 0 0 0 0 0 0 0 0 0 0 14714
0 0 0.000203 0.21721 0.447695 0.151723 0.000789788 0.00126528 9.31382 5.29841 -18.2741 0 0 0 0 0 0 0 0 0 0 14768
0 0 0.000484477 0.228212 0.495147 0.272087 0.000629228 0.00117716 2.71573 3.58525 -11.9375 0 0 0 0 0 0 0 0 0 0 14822
0 0 0.00211729 0.243337 0.513716 0.400996 0.000408207 0.000975528 0.379411 1.62556 -1.92359 0 0 0 0 0 0 0 0 0 0 14872
0 0 0.00211729 0.243337 0.513716 0.400996 0.000408207 0.000975528 0.379411 1.62556 -1.92359 0 0 0 0 0 0 0 0 0 0 14932
0 0 0.0186896 0.272667 0.682359 1.84114 0.000321741 0.000867925 0.0568677 0.961435 0 0 0 0 0 0 0 0 0 0 0 14987
0 0 0.0186896 0.272667 0.682359 1.84114 0.000321741 0.000867925 0.0568677 0.961435 0 0 0 0 0 0 0 0 0 0 0 15040
0 0 0.0288233 0.279344 0.761967 3.08424 0.000328701 0.000891281 0.0426881 0.974507 0 0 0 0 0 0 0 0 0 0 0 15095
0 0 0.0198488 0.265981 0.681812 1.69908 0.000313751 0.000950163 0.0402952 0.940519 0 0 0 0 0 0 0 0 0 0 0 15149
0 0 0.0198488 0.265981 0.681812 1.69908 0.000313751 0.000950163 0.0402952 0.940519 0 0 0 0 0 0 0 0 0 0 0 15199
0 0 0.0394475 0.283692 0.84003 4.90984 0.000393865 0.000940718 0.033554 0.947861 0 0 0 0 0 0 0 0 0 0 0 15253
0 0 0.0363594 0.274523 0.852268 5.0806 0.000514822 0.00109955 0.0265689 0.917413 0 0 0 0 0 0 0 0 0 0 0 15308
0 0 0.0218265 0.251761 0.771837 2.86001 0.00092684 0.0013907 0.0208476 0.708083 0 0 0 0 0 0 0 0 0 0 0 15360
0 0 0.00935529 0.236824 0.386086 0.682088 0.00199643 0.00126221 0.024134 0.333224 0 0 0 0 0 0 0 0 0 0 0 15413
0 0 0.00935529 0.236824 0.386086 0.682088 0.00199643 0.00126221 0.024134 0.333224 0 0 0 0 0 0 0 0 0 0 0 15468
0 0 0.0111993 0.217656 0.191081 0.681307 0.0030556 0.00171535 0.0123419 0.31254 0 0 0 0 0 0 0 0 0 0 0 15518
0 0 0.0149789 0.206056 0.114586 1.04359 0.00376404 0.00193055 0.00909657 0.279762 -2.88452 0 0 0 0 0 0 0 0 0 0 15569
0 0 0.0343378 0.199288 0.0761555 2.08477 0.00411288 0.00254851 0.00471947 0.353993 -10.8027 0 0 0 0 0 0 0 0 0 0 15622
0 0 0.110015 0.195461 0.0951443 2.44679 0.00436503 0.00400629 0.0021941 0.601079 -21.1122 0 0 0 0 0 0 0 0 0 0 15674
0 0 0.225593 0.193907 0.114285 11.1202 0.00450255 0.0048539 0.00171587 0.750307 -27.1286 0 0 0 0 0 0 0 0 0 0 15726
0 0 0.225593 0.193907 0.114285 11.1202 0.00450255 0.0048539 0.00171587 0.750307 -27.1286 0 0 0 0 0 0 0 0 0 0 15777
0 0 0.54858 0.193414 0.0675821 30.0874 0.00457343 0.00398359 0.00225837 0.564181 -34.9688 0 0 0 0 0 0 0 0 0 0 15827
0 0 0.642425 0.19326 0.0693209 40.9514 0.0046122 0.00388778 0.00243665 0.541975 -36.6827 0 0 0 0 0 0 0 0 0 0 15879
0 0 1.05461 0.193053 0.0360568 45.9991 0.00466469 0.00302511 0.00337972 0.383796 -40.4341 0 0 0 0 0 0 0 0 0 0 15932
0 0 0.867985 0.193096 0.0431461 46.5855 0.00472361 0.00294165 0.00378532 0.370155 -39.19 0 0 0 0 0 0 0 0 0 0 15983
0 0 0.867985 0.193096 0.0431461 46.5855 0.00472361 0.00294165 0.00378532 0.370155 -39.19 0 0 0 0 0 0 0 0 0 0 16037
0 0 0.460086 0.193079 0.094091 46.2826 0.00477704 0.00343289 0.00353523 0.457988 -34.624 0 0 0 0 0 0 0 0 0 0 16088
0 0 0.189555 0.193033 0.214627 44.5437 0.00473894 0.00338835 0.00488041 0.449678 -28.1539 0 0 0 0 0 0 0 0 0 0 16140
0 0 0.133888 0.193078 0.227912 43.0005 0.00468853 0.00263838 0.0085693 0.319018 -25.7473 0 0 0 0 0 0 0 0 0 0 16192
0 0 0.144748 0.193088 0.191423 44.271 0.0046671 0.00234228 0.0103689 0.270634 -26.6079 0 0 0 0 0 0 0 0 0 0 16246
0 0 0.144748 0.193088 0.191423 44.271 0.0046671 0.00234228 0.0103689 0.270634 -26.6079 0 0 0 0 0 0 0 0 0 0 16296
0 0 0.139363 0.193393 0.236858 44.6016 0.0046588 0.00278114 0.00740191 0.342443 -27.1705 0 0 0 0 0 0 0 0 0 0 16348
0 0 0.147771 0.193451 0.281396 44.0448 0.00463064 0.00353485 0.00427969 0.475622 -29.3166 0 0 0 0 0 0 0 0 0 0 16401
0 0 0.116305 0.193526 0.592721 38.9997 0.00461431 0.00648862 0.00129561 1.09094 -30.0086 0 0 0 0 0 0 0 0 0 0 16451
0 0 0.169275 0.193896 0.438198 37.3037 0.00458973 0.00714994 0.000896563 1.24584 -33.6043 0 0 0 0 0 0 0 0 0 0 16505
0 0 0.125665 0.194753 0.514628 28.8601 0.00456055 0.00747395 0.00102272 1.32604 -27.3854 0 0 0 0 0 0 0 0 0 0 16557
0 0 0.125665 0.194753 0.514628 28.8601 0.00456055 0.00747395 0.00102272 1.32604 -27.3854 0 0 0 0 0 0 0 0 0 0 16607
0 0 0.0529526 0.194923 0.781141 15.2118 0.0045391 0.00706351 0.00150882 1.22916 -17.567 0 0 0 0 0 0 0 0 0 0 16660
0 0 0.0215254 0.194876 0.956865 10.0646 0.00453089 0.00642519 0.00204753 1.08222 -7.56941 0 0 0 0 0 0 0 0 0 0 16716
0 0 0.0192073 0.194768 1.0499 8.10616 0.00452583 0.00603867 0.0024326 0.995409 -2.91352 0 0 0 0 0 0 0 0 0 0 16768
0 0 0.0192073 0.194768 1.0499 8.10616 0.00452583 0.00603867 0.0024326 0.995409 -2.91352 0 0 0 0 0 0 0 0 0 0 16819
0 0 0.0186967 0.194609 1.18516 6.13697 0.00453013 0.00558641 0.0030282 0.89827 0 0 0 0 0 0 0 0 0 0 0 16869
0 0 0.00897702 0.195007 0.831349 1.2831 0.00454839 0.00368592 0.00665733 0.511607 0 0 0 0 0 0 0 0 0 0 0 16920
0 0 0.00444383 0.196189 0.588713 0.312857 0.00456923 0.00253058 0.0131126 0.306408 0 0 0 0 0 0 0 0 0 0 0 16972
0 0 0.00407079 0.197365 0.575483 0.2722 0.00457739 0.00243166 0.0140283 0.290526 0 0 0 0 0 0 0 0 0 0 0 17024
0 0 0.00407079 0.197365 0.575483 0.2722 0.00457739 0.00243166 0.0140283 0.290526 0 0 0 0 0 0 0 0 0 0 0 17074
0 0 0.00439904 0.201208 0.619371 0.349299 0.00453595 0.0026149 0.0122764 0.320539 0 0 0 0 0 0 0 0 0 0 0 17127
0 0 0.00783501 0.211331 0.825921 1.07982 0.00445163 0.00353448 0.00728461 0.482265 0 0 0 0 0 0 0 0 0 0 0 17177
0 0 0.0205424 0.233418 1.36515 7.72078 0.00428126 0.00617761 0.00279727 0.996962 0 0 0 0 0 0 0 0 0 0 0 17227
0 0 0.034462 0.286987 1.75425 20.2301 0.00401362 0.00885556 0.00160431 1.49376 0 0 0 0 0 0 0 0 0 0 0 17277
0 0 0.0448267 0.352399 1.92391 36.0714 0.00353514 0.0143067 0.000978736 1.98501 0 0 0 0 0 0 0 0 0 0 0 17328
0 0 0.0465321 0.627019 1.9017 43.8872 0.00338379 0.0191918 0.0007666 2.15072 0 0 0 0 0 0 0 0 0 0 0 17378
0 0 0.0449336 0.850914 1.86244 44.2045 0.00336343 0.0205317 0.000728617 2.14513 0 0 0 0 0 0 0 0 0 0 0 17429
0 0 0.0449336 0.850914 1.86244 44.2045 0.00336343 0.0205317 0.000728617 2.14513 0 0 0 0 0 0 0 0 0 0 0 17480
0 0 0.0410268 1.15708 1.78698 41.0882 0.00334727 0.0204359 0.000718582 2.05308 0 0 0 0 0 0 0 0 0 0 0 17530
0 0 0.0294063 0.710443 1.38729 35.3391 0.00286483 0.0286938 0.000558407 1.88686 0 0 0 0 0 0 0 0 0 0 0 17581
0 0 0.0155008 0.472994 0.913691 13.0031 0.00298338 0.0190317 0.00101185 1.20754 0 0 0 0 0 0 0 0 0 0 0 17631
0 0 0.0084545 0.369677 0.571545 3.80439 0.00310221 0.0126659 0.00155214 0.761304 0 0 0 0 0 0 0 0 0 0 0 17681
0 0 0.00478601 0.293771 0.148598 0.517638 0.00344724 0.00519657 0.00427335 0.309611 0 0 0 0 0 0 0 0 0 0 0 17733
0 0 0.0227075 0.235393 0.0344006 2.79154 0.00403699 0.00264754 0.00648892 0.212265 -5.85143 0 0 0 0 0 0 0 0 0 0 17783
0 0 0.109788 0.20839 0.00791645 19.4568 0.00427812 0.00225938 0.00523966 0.198274 -14.2399 0 0 0 0 0 0 0 0 0 0 17834
0 0 0.162796 0.19951 0.00635364 25.4744 0.0043844 0.00208346 0.00538893 0.196013 -16.3725 0 0 0 0 0 0 0 0 0 0 17884
0 0 0.127983 0.198197 0.00942163 16.7352 0.00440886 0.00193498 0.00639526 0.197394 -14.9932 0 0 0 0 0 0 0 0 0 0 17935
