0 0  0 0 0 0 0 0 0 0 0 0 3888
0 0  0 0 0 0 0 0 0 0 0 0 3938
0 0  0 0 0 0 0 0 0 0 0 0 3994
0 0 0.00273259 0.194172 0.507141 0.157701 0.004541 0.00218074 0.0174464 0.245737 0 0 0 0 0 0 0 0 0 0 0 4049
0 0 0.00273259 0.194172 0.507141 0.157701 0.004541 0.00218074 0.0174464 0.245737 0 0 0 0 0 0 0 0 0 0 0 4103
0 0 0.00224328 0.202528 0.455206 0.103058 0.0045362 0.00195751 0.0212399 0.211684 0 0 0 0 0 0 0 0 0 0 0 4155
0 0 0.00213629 0.198452 0.440103 0.0923625 0.00453758 0.00190473 0.022282 0.203712 0 0 0 0 0 0 0 0 0 0 0 4209
0 0 0.0021152 0.195715 0.436185 0.0883462 0.00453444 0.00188347 0.0227957 0.20066 0 0 0 0 0 0 0 0 0 0 0 4263
0 0 0.00209036 0.194728 0.433422 0.0857154 0.00453508 0.00186826 0.0231331 0.198506 0 0 0 0 0 0 0 0 0 0 0 4318
0 0 0.00210124 0.19448 0.434741 0.0864586 0.004535 0.00187191 0.0230578 0.199052 0 0 0 0 0 0 0 0 0 0 0 4375
0 0 0.00210213 0.194199 0.435144 0.0867692 0.00453492 0.00187357 0.02301 0.199266 0 0 0 0 0 0 0 0 0 0 0 4426
0 0 0.00208815 0.194133 0.43412 0.0856284 0.00453367 0.00186792 0.0231533 0.198351 0 0 0 0 0 0 0 0 0 0 0 4478
0 0 0.0020916 0.194255 0.431699 0.0837359 0.00453415 0.00185674 0.0233948 0.196762 0 0 0 0 0 0 0 0 0 0 0 4532
0 0 0.0020916 0.194255 0.431699 0.0837359 0.00453415 0.00185674 0.0233948 0.196762 0 0 0 0 0 0 0 0 0 0 0 4589
0 0 0.00210409 0.194121 0.432718 0.0841782 0.00453403 0.00185895 0.0233461 0.197059 0 0 0 0 0 0 0 0 0 0 0 4640
0 0 0.00209406 0.194329 0.431651 0.083555 0.00453538 0.00185485 0.0234349 0.196505 0 0 0 0 0 0 0 0 0 0 0 4693
0 0 0.0021045 0.194375 0.432085 0.0838122 0.00453609 0.00185536 0.0234271 0.196625 0 0 0 0 0 0 0 0 0 0 0 4747
0 0 0.00212299 0.194408 0.432491 0.0844034 0.00453847 0.00185723 0.0233724 0.196942 0 0 0 0 0 0 0 0 0 0 0 4800
0 0 0.00211156 0.194492 0.433873 0.0854851 0.00453762 0.00186576 0.0232176 0.197896 0 0 0 0 0 0 0 0 0 0 0 4853
0 0 0.00211156 0.194492 0.433873 0.0854851 0.00453762 0.00186576 0.0232176 0.197896 0 0 0 0 0 0 0 0 0 0 0 4905
0 0 0.00215505 0.194062 0.439778 0.0904756 0.00453392 0.00189811 0.0225869 0.201956 0 0 0 0 0 0 0 0 0 0 0 4960
0 0 0.00219103 0.193783 0.44624 0.0965232 0.00452306 0.00194117 0.0218414 0.206621 0 0 0 0 0 0 0 0 0 0 0 5014
0 0 0.00224118 0.192249 0.451346 0.103376 0.00449513 0.00200641 0.0210001 0.211697 0 0 0 0 0 0 0 0 0 0 0 5067
0 0 0.00224118 0.192249 0.451346 0.103376 0.00449513 0.00200641 0.0210001 0.211697 0 0 0 0 0 0 0 0 0 0 0 5122
0 0 0.00225033 0.186496 0.448589 0.110385 0.00439204 0.00216102 0.0199099 0.216606 0 0 0 0 0 0 0 0 0 0 0 5176
0 0 0.00216057 0.174424 0.427512 0.115394 0.00414023 0.00253619 0.0183332 0.219973 0 0 0 0 0 0 0 0 0 0 0 5229
0 0 0.00214102 0.143635 0.395318 0.16503 0.00348863 0.00424934 0.0130543 0.24924 0 0 0 0 0 0 0 0 0 0 0 5285
0 0 0.00214102 0.143635 0.395318 0.16503 0.00348863 0.00424934 0.0130543 0.24924 0 0 0 0 0 0 0 0 0 0 0 5337
0 0 0.00133197 0.0913206 0.256213 0.33247 0.00233095 0.0110408 0.00934265 0.236579 4.73095 0 0 0 0 0 0 0 0 0 0 5388
0 0 0.00116946 0.0888506 0.236287 0.349905 0.00227214 0.0110504 0.0101458 0.218544 5.1388 0 0 0 0 0 0 0 0 0 0 5445
0 0 0.00127062 0.108188 0.266819 0.239976 0.00270715 0.00680426 0.0133112 0.203622 2.33188 0 0 0 0 0 0 0 0 0 0 5500
0 0 0.00155086 0.142347 0.330459 0.142119 0.00345485 0.00363447 0.0178444 0.196595 0 0 0 0 0 0 0 0 0 0 0 5555
0 0 0.00174822 0.165118 0.373148 0.106943 0.00394285 0.00260058 0.0207117 0.194356 0 0 0 0 0 0 0 0 0 0 0 5609
0 0 0.00174822 0.165118 0.373148 0.106943 0.00394285 0.00260058 0.0207117 0.194356 0 0 0 0 0 0 0 0 0 0 0 5665
0 0 0.00174822 0.165118 0.373148 0.106943 0.00394285 0.00260058 0.0207117 0.194356 0 0 0 0 0 0 0 0 0 0 0 5728
0 0 0.00183063 0.175017 0.391075 0.0953793 0.00415217 0.00227007 0.0221085 0.193425 0 0 0 0 0 0 0 0 0 0 0 5853
0 0 0.00185326 0.178438 0.398076 0.091614 0.00422423 0.00216813 0.0227577 0.194415 0 0 0 0 0 0 0 0 0 0 0 5904
0 0 0.00185326 0.178438 0.398076 0.091614 0.00422423 0.00216813 0.0227577 0.194415 0 0 0 0 0 0 0 0 0 0 0 5955
0 0 0.00196414 0.192042 0.424647 0.0795644 0.00448173 0.00184422 0.0245623 0.196086 0 0 0 0 0 0 0 0 0 0 0 6008
0 0 0.00196414 0.192042 0.424647 0.0795644 0.00448173 0.00184422 0.0245623 0.196086 0 0 0 0 0 0 0 0 0 0 0 6057
0 0 0.00197657 0.192598 0.425755 0.0792603 0.00447 0.00183236 0.0246313 0.196697 0 0 0 0 0 0 0 0 0 0 0 6108
0 0 0.00197657 0.192598 0.425755 0.0792603 0.00447 0.00183236 0.0246313 0.196697 0 0 0 0 0 0 0 0 0 0 0 6159
0 0 0.0019742 0.192736 0.425986 0.0792451 0.00446682 0.00182941 0.0247158 0.197016 0 0 0 0 0 0 0 0 0 0 0 6210
0 0 0.0019817 0.192751 0.426064 0.0793162 0.00441065 0.00182884 0.0246253 0.19812 0 0 0 0 0 0 0 0 0 0 0 6267
0 0 0.00197234 0.192753 0.426131 0.0795444 0.00434339 0.00182874 0.0248247 0.200553 0 0 0 0 0 0 0 0 0 0 0 6324
0 0 0.00197535 0.192762 0.426439 0.0796458 0.00416665 0.00182935 0.0250748 0.206706 0 0 0 0 0 0 0 0 0 0 0 6378
0 0 0.00198624 0.192744 0.426563 0.0797497 0.00407542 0.00183049 0.024972 0.209198 0 0 0 0 0 0 0 0 0 0 0 6432
0 0 0.00200851 0.192748 0.426888 0.0799044 0.00394482 0.00183178 0.0247094 0.212732 0 0 0 0 0 0 0 0 0 0 0 6487
0 0 0.00200851 0.192748 0.426888 0.0799044 0.00394482 0.00183178 0.0247094 0.212732 0 0 0 0 0 0 0 0 0 0 0 6539
0 0 0.00201118 0.192744 0.426645 0.0797496 0.00396011 0.00183098 0.0246321 0.211814 0 0 0 0 0 0 0 0 0 0 0 6591
0 0 0.00199874 0.192752 0.427001 0.0800253 0.00387398 0.00183218 0.0246405 0.214977 0 0 0 0 0 0 0 0 0 0 0 6643
0 0 0.00198535 0.192788 0.427614 0.0806502 0.00386387 0.00183433 0.0248879 0.216929 0 0 0 0 0 0 0 0 0 0 0 6694
0 0 0.00198535 0.192788 0.427614 0.0806502 0.00386387 0.00183433 0.0248879 0.216929 0 0 0 0 0 0 0 0 0 0 0 6783
0 0 0.00197759 0.192899 0.429989 0.0825587 0.0039119 0.00184054 0.0251216 0.217829 0 0 0 0 0 0 0 0 0 0 0 6835
0 0 0.00198586 0.192968 0.429619 0.082496 0.00391878 0.00183737 0.0248076 0.215978 0 0 0 0 0 0 0 0 0 0 0 6887
0 0 0.00200183 0.192988 0.430467 0.0832947 0.00393041 0.00184106 0.024576 0.215448 0 0 0 0 0 0 0 0 0 0 0 6940
0 0 0.00200183 0.192988 0.430467 0.0832947 0.00393041 0.00184106 0.024576 0.215448 0 0 0 0 0 0 0 0 0 0 0 6994
0 0 0.00199446 0.193051 0.430109 0.0831137 0.00398767 0.00183739 0.0247478 0.213413 0 0 0 0 0 0 0 0 0 0 0 7046
0 0 0.00199446 0.193051 0.430109 0.0831137 0.00398767 0.00183739 0.0247478 0.213413 0 0 0 0 0 0 0 0 0 0 0 7101
0 0 0.00199446 0.193051 0.430109 0.0831137 0.00398767 0.00183739 0.0247478 0.213413 0 0 0 0 0 0 0 0 0 0 0 7151
0 0 0.00200589 0.193355 0.430666 0.0839177 0.00399604 0.00182906 0.0250224 0.212921 0 0 0 0 0 0 0 0 0 0 0 7206
0 0 0.00201476 0.193534 0.430524 0.083983 0.00399341 0.00182174 0.0250423 0.212203 0 0 0 0 0 0 0 0 0 0 0 7257
0 0 0.00201476 0.193534 0.430524 0.083983 0.00399341 0.00182174 0.0250423 0.212203 0 0 0 0 0 0 0 0 0 0 0 7307
0 0 0.00202277 0.193738 0.430315 0.084175 0.0039947 0.00181429 0.0251829 0.211422 0 0 0 0 0 0 0 0 0 0 0 7366
0 0 0.00201577 0.193642 0.429283 0.0832775 0.00403659 0.00181341 0.0251392 0.209335 0 0 0 0 0 0 0 0 0 0 0 7420
0 0 0.00202912 0.193724 0.429719 0.0837622 0.00412159 0.00181289 0.0250582 0.206657 0 0 0 0 0 0 0 0 0 0 0 7472
0 0 0.00204616 0.19367 0.430076 0.0839704 0.00423001 0.00181653 0.0246864 0.203266 0 0 0 0 0 0 0 0 0 0 0 7527
0 0 0.00204616 0.19367 0.430076 0.0839704 0.00423001 0.00181653 0.0246864 0.203266 0 0 0 0 0 0 0 0 0 0 0 7580
0 0 0.00204964 0.193604 0.429666 0.0840298 0.00434439 0.00181804 0.024598 0.200254 0 0 0 0 0 0 0 0 0 0 0 7632
0 0 0.00204672 0.193382 0.429393 0.0844691 0.00451887 0.00182793 0.0241163 0.199116 0 0 0 0 0 0 0 0 0 0 0 7685
0 0 0.00206013 0.193171 0.42926 0.0880002 0.00481663 0.00183716 0.0233683 0.199517 0 0 0 0 0 0 0 0 0 0 0 7738
0 0 0.00206013 0.193171 0.42926 0.0880002 0.00481663 0.00183716 0.0233683 0.199517 0 0 0 0 0 0 0 0 0 0 0 7791
0 0 0.00222882 0.193132 0.432674 0.108946 0.00469915 0.00186121 0.022957 0.199929 0 0 0 0 0 0 0 0 0 0 0 7844
0 0 0.00222882 0.193132 0.432674 0.108946 0.00469915 0.00186121 0.022957 0.199929 0 0 0 0 0 0 0 0 0 0 0 7897
0 0 0.0021191 0.193179 0.43575 0.123252 0.0046476 0.00187349 0.0227626 0.201174 0 0 0 0 0 0 0 0 0 0 0 7950
0 0 0.00211781 0.193207 0.437811 0.129786 0.00452042 0.00187277 0.0230234 0.200612 0 0 0 0 0 0 0 0 0 0 0 8002
0 0 0.00211781 0.193207 0.437811 0.129786 0.00452042 0.00187277 0.0230234 0.200612 0 0 0 0 0 0 0 0 0 0 0 8055
0 0 0.0021143 0.193224 0.437599 0.13177 0.00451208 0.00186928 0.0231324 0.200371 0 0 0 0 0 0 0 0 0 0 0 8107
0 0 0.00212861 0.193232 0.439688 0.140254 0.00451586 0.00187645 0.0230418 0.201514 0 0 0 0 0 0 0 0 0 0 0 8157
0 0 0.00215949 0.193387 0.446692 0.139338 0.00454909 0.00190036 0.0229492 0.2064 0 0 0 0 0 0 0 0 0 0 0 8208
0 0 0 0 0 0 0 0 0 0 0 0 0 0 0 0 0 0 0 0 0 8259
0 0 0 0 0 0 0 0 0 0 0 0 0 0 0 0 0 0 0 0 0 8312
0 0 0 0 0 0 0 0 0 0 0 0 0 0 0 0 0 0 0 0 0 8361
0 0 0 0 0 0 0 0 0 0 0 0 0 0 0 0 0 0 0 0 0 8416
0 0 0.000669863 0.194049 0.435649 0.155758 0.00790832 0.00183411 0.214467 0.37977 0 0 0 0 0 0 0 0 0 0 0 8468
0 0 0.000539118 0.194661 0.431273 0.128848 0.00890919 0.0017934 0.346988 0.426838 0 0 0 0 0 0 0 0 0 0 0 8518
0 0 0.000539118 0.194661 0.431273 0.128848 0.00890919 0.0017934 0.346988 0.426838 0 0 0 0 0 0 0 0 0 0 0 8571
0 0 0.000507975 0.196734 0.433372 0.119975 0.00950112 0.0017336 0.45188 0.445077 -0.891312 0 0 0 0 0 0 0 0 0 0 8624
0 0 0.000988928 0.20181 0.445996 0.125302 0.00741766 0.00162749 0.159576 0.308913 0 0 0 0 0 0 0 0 0 0 0 8673
0 0 0.00243485 0.204132 0.47227 0.145778 0.00526969 0.00165327 0.0386239 0.2165 0 0 0 0 0 0 0 0 0 0 0 8727
0 0 0.00352598 0.202831 0.539032 0.222478 0.00475791 0.00189477 0.0221843 0.236637 0 0 0 0 0 0 0 0 0 0 0 8779
0 0 0.00583837 0.212273 0.617208 0.478675 0.0049362 0.0018791 0.0190858 0.25195 0 0 0 0 0 0 0 0 0 0 0 8832
0 0 0.00824666 0.219043 0.684384 0.814061 0.00487619 0.00187067 0.0174484 0.271528 0 0 0 0 0 0 0 0 0 0 0 8883
0 0 0.00824666 0.219043 0.684384 0.814061 0.00487619 0.00187067 0.0174484 0.271528 0 0 0 0 0 0 0 0 0 0 0 8936
0 0 0.0142779 0.236783 0.775347 1.70082 0.00516204 0.00159649 0.0193644 0.260287 0 0 0 0 0 0 0 0 0 0 0 8988
0 0 0.0173417 0.229216 0.92193 3.10659 0.0045769 0.00216 0.0120672 0.388746 0 0 0 0 0 0 0 0 0 0 0 9039
0 0 0.0110188 0.225949 0.743148 1.29013 0.00431072 0.00183282 0.0167134 0.308418 0 0 0 0 0 0 0 0 0 0 0 9089
0 0 0.0072454 0.230945 0.563616 0.474616 0.0040317 0.00128593 0.0306381 0.21026 0 0 0 0 0 0 0 0 0 0 0 9140
0 0 0.00447524 0.223581 0.474906 0.214028 0.00326318 0.00121271 0.0382509 0.205324 0 0 0 0 0 0 0 0 0 0 0 9193
0 0 0.00447524 0.223581 0.474906 0.214028 0.00326318 0.00121271 0.0382509 0.205324 0 0 0 0 0 0 0 0 0 0 0 9244
0 0 0.00401144 0.225277 0.446652 0.173104 0.00279087 0.00111053 0.0463548 0.208514 0 0 0 0 0 0 0 0 0 0 0 9299
0 0 0.0049115 0.236879 0.445333 0.206621 0.00204538 0.000927612 0.0584723 0.227027 0 0 0 0 0 0 0 0 0 0 0 9351
0 0 0.00500213 0.237007 0.454573 0.222457 0.00166628 0.000942195 0.0582674 0.266364 0 0 0 0 0 0 0 0 0 0 0 9405
0 0 0.003861 0.221369 0.460026 0.179158 0.00144367 0.00120841 0.041907 0.334241 0 0 0 0 0 0 0 0 0 0 0 9459
0 0 0.003861 0.221369 0.460026 0.179158 0.00144367 0.00120841 0.041907 0.334241 0 0 0 0 0 0 0 0 0 0 0 9509
0 0 0.00367976 0.216344 0.470284 0.176535 0.00138011 0.00133175 0.0359836 0.364237 0 0 0 0 0 0 0 0 0 0 0 9564
0 0 0.0031532 0.209642 0.470114 0.156348 0.00132208 0.00148679 0.0323372 0.403784 0 0 0 0 0 0 0 0 0 0 0 9614
0 0 0.00318935 0.206618 0.506865 0.195982 0.00123317 0.00168037 0.0290845 0.500326 0 0 0 0 0 0 0 0 0 0 0 9666
0 0 0.00420696 0.214107 0.545946 0.285704 0.0011223 0.00158185 0.0290848 0.535437 0 0 0 0 0 0 0 0 0 0 0 9717
0 0 0.00420696 0.214107 0.545946 0.285704 0.0011223 0.00158185 0.0290848 0.535437 0 0 0 0 0 0 0 0 0 0 0 9770
0 0 0.00479268 0.221617 0.554518 0.304068 0.00108442 0.0013815 0.0329367 0.494333 0 0 0 0 0 0 0 0 0 0 0 9822
0 0 0.00442217 0.216601 0.569024 0.318632 0.000920209 0.00155304 0.030701 0.615516 0 0 0 0 0 0 0 0 0 0 0 9874
0 0 0.00410711 0.215933 0.562877 0.283906 0.000797304 0.00153495 0.0321772 0.659627 0 0 0 0 0 0 0 0 0 0 0 9926
0 0 0.00436679 0.223282 0.537733 0.262968 0.000802407 0.00129856 0.0401962 0.569737 0 0 0 0 0 0 0 0 0 0 0 9977
0 0 0.00444626 0.229264 0.524935 0.264414 0.000828981 0.00116053 0.0499921 0.547009 0 0 0 0 0 0 0 0 0 0 0 10031
0 0 0.00444626 0.229264 0.524935 0.264414 0.000828981 0.00116053 0.0499921 0.547009 0 0 0 0 0 0 0 0 0 0 0 10082
0 0 0.00510359 0.236608 0.62549 0.286715 0.000882622 0.00102975 0.0558732 0.475208 0 0 0 0 0 0 0 0 0 0 0 10136
0 0 0.00965205 0.269609 0.640994 0.509936 0.00100988 0.000669135 0.088091 0.332473 0 0 0 0 0 0 0 0 0 0 0 10186
0 0 0.0133508 0.299139 0.649717 0.628486 0.00121936 0.000446197 0.153692 0.230417 0 0 0 0 0 0 0 0 0 0 0 10239
0 0 0.0118588 0.294398 0.554867 0.555884 0.00109623 0.000463057 0.155416 0.248251 0 0 0 0 0 0 0 0 0 0 0 10291
0 0 0.0228085 0.341537 0.510392 0.960653 0.00148777 0.00027565 0.282831 0.150732 0 0 0 0 0 0 0 0 0 0 0 10342
0 0 0.031665 0.371176 0.531903 1.279 0.00170326 0.000204448 0.418607 0.117453 -0.894356 0 0 0 0 0 0 0 0 0 0 10394
0 0 0.031665 0.371176 0.531903 1.279 0.00170326 0.000204448 0.418607 0.117453 -0.894356 0 0 0 0 0 0 0 0 0 0 10446
0 0 0.0492413 0.411066 0.50731 1.87266 0.0018583 0.000143095 0.64609 0.0901156 -2.37851 0 0 0 0 0 0 0 0 0 0 10499
0 0 0.0426631 0.400275 0.497338 1.71774 0.00168259 0.00015885 0.59717 0.104204 -1.8814 0 0 0 0 0 0 0 0 0 0 10551
0 0 0.061605 0.435136 0.506292 2.43043 0.0020838 0.000120142 0.838943 0.0789904 -3.60431 0 0 0 0 0 0 0 0 0 0 10608
0 0 0.0543081 0.419811 0.502491 2.08159 0.00195842 0.000136098 0.682785 0.0852946 -2.37796 0 0 0 0 0 0 0 0 0 0 10665
0 0 0.0332316 0.370561 0.486933 1.23869 0.00158437 0.000204898 0.382732 0.116049 0 0 0 0 0 0 0 0 0 0 0 10717
0 0 0.0354958 0.370605 0.496037 1.2955 0.00153032 0.000207813 0.346315 0.116668 0 0 0 0 0 0 0 0 0 0 0 10770
0 0 0.0381778 0.369947 0.548255 1.47376 0.00152986 0.000215292 0.318395 0.121923 0 0 0 0 0 0 0 0 0 0 0 10820
0 0 0.0381778 0.369947 0.548255 1.47376 0.00152986 0.000215292 0.318395 0.121923 0 0 0 0 0 0 0 0 0 0 0 10871
0 0 0.0233808 0.33416 0.490948 0.888237 0.00122985 0.000297191 0.217942 0.163111 0 0 0 0 0 0 0 0 0 0 0 10922
0 0 0.0193401 0.319319 0.479382 0.739463 0.00124696 0.00034816 0.175866 0.174333 0 0 0 0 0 0 0 0 0 0 0 10977
0 0 0.0130678 0.290198 0.47491 0.532259 0.00121115 0.000485403 0.117999 0.216161 0 0 0 0 0 0 0 0 0 0 0 11030
0 0 0.0111245 0.278469 0.469216 0.457678 0.00132768 0.000559719 0.0959894 0.220022 0 0 0 0 0 0 0 0 0 0 0 11082
0 0 0.0114381 0.270096 0.502778 0.528895 0.00149361 0.000660454 0.0723826 0.230888 0 0 0 0 0 0 0 0 0 0 0 11131
0 0 0.00763451 0.238454 0.54611 0.436506 0.00135016 0.00108462 0.0388942 0.345037 0 0 0 0 0 0 0 0 0 0 0 11183
0 0 0.0066666 0.231104 0.539407 0.391904 0.0011799 0.00121306 0.0338263 0.4029 0 0 0 0 0 0 0 0 0 0 0 11233
0 0 0.0066666 0.231104 0.539407 0.391904 0.0011799 0.00121306 0.0338263 0.4029 0 0 0 0 0 0 0 0 0 0 0 11290
0 0 0 0 0 0 0 0 0 0 0 0 0 0 0 0 0 0 0 0 0 11342
0 0 0 0 0 0 0 0 0 0 0 0 0 0 0 0 0 0 0 0 0 11398
0 0 0.00324321 0.205485 0.476769 0.160585 0.00234047 0.00162704 0.0252666 0.292567 0 0 0 0 0 0 0 0 0 0 0 11452
0 0 0 0 0 0 0 0 0 0 0 0 0 0 0 0 0 0 0 0 0 11504
0 0 0.00266106 0.197199 0.471163 0.132544 0.00345464 0.00186549 0.0205731 0.248905 0 0 0 0 0 0 0 0 0 0 0 11558
0 0 0.00253993 0.195362 0.466736 0.126834 0.0037376 0.00192469 0.0207832 0.239824 0 0 0 0 0 0 0 0 0 0 0 11611
0 0 0.00479083 0.194787 0.443287 0.515166 0.0039153 0.00188238 0.0224247 0.221173 0 0 0 0 0 0 0 0 0 0 0 11664
0 0 0.00479083 0.194787 0.443287 0.515166 0.0039153 0.00188238 0.0224247 0.221173 0 0 0 0 0 0 0 0 0 0 0 11715
0 0 0.0475145 0.204562 0.425618 41.8617 0.00416005 0.00190248 0.0224971 0.209603 -18.0252 0 0 0 0 0 0 0 0 0 0 11767
0 0 0.0475145 0.204562 0.425618 41.8617 0.00416005 0.00190248 0.0224971 0.209603 -18.0252 0 0 0 0 0 0 0 0 0 0 11819
0 0 0.0547343 0.229243 0.409272 47.9 0.00422487 0.00191024 0.0221257 0.207885 -19.4022 0 0 0 0 0 0 0 0 0 0 11873
0 0 0.05768 0.288432 0.383334 47.5954 0.00427934 0.00193901 0.0212404 0.208095 -19.7248 0 0 0 0 0 0 0 0 0 0 11924
0 0 0.0474564 0.415343 0.391175 39.9261 0.00425425 0.00196404 0.0211028 0.209695 -17.8762 0 0 0 0 0 0 0 0 0 0 11974
0 0 0.0496353 0.750808 0.389321 42.3131 0.00425552 0.00199538 0.020929 0.209192 -18.3017 0 0 0 0 0 0 0 0 0 0 12025
0 0 0.0452756 2.10062 0.396089 41.2369 0.00415991 0.00205716 0.0207889 0.210926 -17.5028 0 0 0 0 0 0 0 0 0 0 12077
0 0 0.0452756 2.10062 0.396089 41.2369 0.00415991 0.00205716 0.0207889 0.210926 -17.5028 0 0 0 0 0 0 0 0 0 0 12132
0 0 0.0411767 9.04314 0.400278 36.4374 0.0042049 0.00204668 0.0212385 0.207298 -16.5037 0 0 0 0 0 0 0 0 0 0 12187
0 0 0.0409542 7.86854 0.402246 35.6678 0.00426218 0.00202653 0.0216147 0.204196 -16.4145 0 0 0 0 0 0 0 0 0 0 12240
0 0 0.0348774 4.2157 0.389911 29.5174 0.00415469 0.00220102 0.021168 0.201389 -14.4855 0 0 0 0 0 0 0 0 0 0 12292
0 0 0.0325532 7.86702 0.371825 28.6772 0.00397818 0.0024296 0.0203596 0.201126 -13.5205 0 0 0 0 0 0 0 0 0 0 12342
0 0 0.0325532 7.86702 0.371825 28.6772 0.00397818 0.0024296 0.0203596 0.201126 -13.5205 0 0 0 0 0 0 0 0 0 0 12395
0 0 0.0302961 32.1418 0.342807 29.3545 0.00365688 0.00295314 0.0187165 0.202148 -12.2566 0 0 0 0 0 0 0 0 0 0 12446
0 0 0.0317096 67.4266 0.309517 36.7794 0.00327576 0.00379989 0.0168295 0.203368 -12.0508 0 0 0 0 0 0 0 0 0 0 12497
0 0 0.0283583 69.6935 0.297747 35.4939 0.00308471 0.00412487 0.0160436 0.208039 -10.8813 0 0 0 0 0 0 0 0 0 0 12550
0 0 0.0289566 78.0667 0.29649 36.622 0.00308319 0.00408309 0.016113 0.207949 -11.1398 0 0 0 0 0 0 0 0 0 0 12602
0 0 0.0302688 83.1529 0.276958 40.7602 0.00292019 0.00463922 0.0152101 0.208012 -11.2041 0 0 0 0 0 0 0 0 0 0 12655
0 0 0.0340016 85.5756 0.273728 45.3652 0.002943 0.00457008 0.0152555 0.207333 -12.3689 0 0 0 0 0 0 0 0 0 0 12707
0 0 0.0381891 85.2077 0.253287 48.8242 0.00290057 0.00483274 0.0146785 0.205856 -13.1673 0 0 0 0 0 0 0 0 0 0 12768
0 0 0.0400662 86.5027 0.232432 48.9596 0.00283695 0.0051821 0.013972 0.205504 -13.211 0 0 0 0 0 0 0 0 0 0 12816
0 0 0.0411657 87.5663 0.231222 48.5782 0.00287953 0.00503837 0.0141135 0.204719 -13.4573 0 0 0 0 0 0 0 0 0 0 12866
0 0 0.0420159 86.5791 0.185172 46.0554 0.00265226 0.00625504 0.0123306 0.204333 -12.523 0 0 0 0 0 0 0 0 0 0 12916
0 0 0.0420159 86.5791 0.185172 46.0554 0.00265226 0.00625504 0.0123306 0.204333 -12.523 0 0 0 0 0 0 0 0 0 0 12972
0 0 0.0399361 87.0947 0.176684 45.0595 0.00254297 0.00708897 0.0117356 0.203441 -11.5721 0 0 0 0 0 0 0 0 0 0 13026
0 0 0.0439359 87.0536 0.158024 45.8573 0.00250121 0.00751088 0.011135 0.202612 -12.0332 0 0 0 0 0 0 0 0 0 0 13080
0 0 0.04417 88.6277 0.166829 45.091 0.00259646 0.00699803 0.0115709 0.201588 -12.3265 0 0 0 0 0 0 0 0 0 0 13131
0 0 0.0406809 86.6258 0.152349 43.2282 0.00241579 0.00838475 0.0106518 0.202003 -10.8801 0 0 0 0 0 0 0 0 0 0 13184
0 0 0.0344594 84.646 0.157134 42.1634 0.00227603 0.00977877 0.0102887 0.202326 -9.02162 0 0 0 0 0 0 0 0 0 0 13234
0 0 0.0284405 83.3691 0.165072 39.1512 0.00218042 0.0108567 0.010127 0.20302 -7.07546 0 0 0 0 0 0 0 0 0 0 13287
0 0 0.0284405 83.3691 0.165072 39.1512 0.00218042 0.0108567 0.010127 0.20302 -7.07546 0 0 0 0 0 0 0 0 0 0 13340
0 0 0.0270505 81.2559 0.159377 40.8881 0.00205001 0.0127798 0.00955104 0.202916 -6.16922 0 0 0 0 0 0 0 0 0 0 13395
0 0 0.0291963 87.2229 0.191228 40.9034 0.00232897 0.00941536 0.0109325 0.204234 -8.01194 0 0 0 0 0 0 0 0 0 0 13451
0 0 0.0325922 86.7666 0.201103 43.893 0.00245746 0.00828503 0.0115805 0.202963 -9.51855 0 0 0 0 0 0 0 0 0 0 13504
0 0 0.0372125 83.147 0.196011 45.8201 0.00252719 0.00787678 0.0113187 0.205869 -10.9488 0 0 0 0 0 0 0 0 0 0 13554
0 0 0.0392718 73.7012 0.207685 45.7491 0.00264963 0.00714183 0.0113382 0.210244 -12.0901 0 0 0 0 0 0 0 0 0 0 13605
0 0 0.0371519 54.0216 0.239867 36.1929 0.00300974 0.00534164 0.0117887 0.216292 -13.3942 0 0 0 0 0 0 0 0 0 0 13657
0 0 0.0371519 54.0216 0.239867 36.1929 0.00300974 0.00534164 0.0117887 0.216292 -13.3942 0 0 0 0 0 0 0 0 0 0 13710
0 0 0.00334178 2.45142 0.434738 0.336421 0.00374497 0.00346426 0.0126149 0.249584 0 0 0 0 0 0 0 0 0 0 0 13764
0 0 0.00334178 2.45142 0.434738 0.336421 0.00374497 0.00346426 0.0126149 0.249584 0 0 0 0 0 0 0 0 0 0 0 13814
0 0 0.00252212 0.555172 0.450132 0.168464 0.00393854 0.00302734 0.0143279 0.248619 0 0 0 0 0 0 0 0 0 0 0 13865
0 0 0.00254732 0.283869 0.465932 0.161531 0.00405651 0.00275351 0.0158839 0.244429 0 0 0 0 0 0 0 0 0 0 0 13920
0 0 0.00252966 0.224476 0.47092 0.148939 0.00425003 0.00240002 0.0179999 0.236532 0 0 0 0 0 0 0 0 0 0 0 13970
0 0 0.0025234 0.204527 0.477834 0.150432 0.00442002 0.0022317 0.0198597 0.239105 0 0 0 0 0 0 0 0 0 0 0 14023
0 0 0.00216407 0.196162 0.460031 0.12667 0.00457925 0.00208378 0.0249534 0.233931 0 0 0 0 0 0 0 0 0 0 0 14075
0 0 0.00183421 0.19478 0.446168 0.111482 0.00483828 0.00192357 0.0338109 0.234073 0 0 0 0 0 0 0 0 0 0 0 14127
0 0 0.00183421 0.19478 0.446168 0.111482 0.00483828 0.00192357 0.0338109 0.234073 0 0 0 0 0 0 0 0 0 0 0 14179
0 0 0.00123585 0.195383 0.442402 0.107774 0.00583286 0.00183584 0.0716512 0.280324 0 0 0 0 0 0 0 0 0 0 0 14229
0 0 0.000772701 0.198016 0.44132 0.110078 0.0077276 0.0017338 0.220616 0.372683 0 0 0 0 0 0 0 0 0 0 0 14282
0 0 0.000604313 0.202363 0.433955 0.11191 0.00985294 0.00157186 0.49115 0.427684 -1.8988 0 0 0 0 0 0 0 0 0 0 14335
0 0 0.000633418 0.209124 0.436922 0.121692 0.0108141 0.00139554 0.685506 0.41515 -3.40273 0 0 0 0 0 0 0 0 0 0 14386
0 0 0.0010129 0.217452 0.448014 0.13969 0.00957695 0.00121797 0.446361 0.313511 -0.89151 0 0 0 0 0 0 0 0 0 0 14436
0 0 0.00236632 0.240882 0.441796 0.202166 0.00920355 0.000850885 0.304359 0.183898 0 0 0 0 0 0 0 0 0 0 0 14489
0 0 0.0036434 0.250634 0.437097 0.236236 0.00853537 0.00074399 0.211658 0.142368 0 0 0 0 0 0 0 0 0 0 0 14540
0 0 0.0036434 0.250634 0.437097 0.236236 0.00853537 0.00074399 0.211658 0.142368 0 0 0 0 0 0 0 0 0 0 0 14593
0 0 0.0153226 0.319454 0.451272 0.683326 0.0109135 0.000330727 0.275625 0.0555774 0 0 0 0 0 0 0 0 0 0 0 14646
0 0 0.0153226 0.319454 0.451272 0.683326 0.0109135 0.000330727 0.275625 0.0555774 0 0 0 0 0 0 0 0 0 0 0 14696
0 0 0.0237565 0.331777 0.467452 0.902488 0.0111751 0.000299737 0.23529 0.0465601 0 0 0 0 0 0 0 0 0 0 0 14748
0 0 0.0209521 0.310771 0.476969 0.71714 0.0100191 0.000378563 0.161269 0.0539589 0 0 0 0 0 0 0 0 0 0 0 14801
0 0 0.0209521 0.310771 0.476969 0.71714 0.0100191 0.000378563 0.161269 0.0539589 0 0 0 0 0 0 0 0 0 0 0 14851
0 0 0.0434159 0.341471 0.576625 1.30485 0.012042 0.000289538 0.197702 0.0414917 0 0 0 0 0 0 0 0 0 0 0 14904
0 0 0.05774 0.318234 0.654067 1.6604 0.0107636 0.000422137 0.110678 0.0603332 0 0 0 0 0 0 0 0 0 0 0 14955
0 0 0.139153 0.318024 0.686663 3.35954 0.0108981 0.000508682 0.0753143 0.076822 -1.72561 0 0 0 0 0 0 0 0 0 0 15009
0 0 0.504864 0.338387 1.17141 22.2905 0.0122481 0.000658736 0.0406782 0.120557 -4.33633 0 0 0 0 0 0 0 0 0 0 15063
0 0 1.05586 0.350923 1.78089 54.7529 0.0130712 0.000807277 0.0251414 0.167655 -9.6845 0 0 0 0 0 0 0 0 0 0 15115
0 0 0.766319 0.328025 1.63165 51.6819 0.0115971 0.00105634 0.0181806 0.215655 -9.05936 0 0 0 0 0 0 0 0 0 0 15167
0 0 0.766319 0.328025 1.63165 51.6819 0.0115971 0.00105634 0.0181806 0.215655 -9.05936 0 0 0 0 0 0 0 0 0 0 15218
0 0 0.514725 0.313638 1.98562 52.4535 0.0106851 0.00129923 0.0139905 0.264667 -6.11098 0 0 0 0 0 0 0 0 0 0 15269
0 0 0.248231 0.276874 1.79763 37.6565 0.00858435 0.00194306 0.00901416 0.374033 -1.93413 0 0 0 0 0 0 0 0 0 0 15319
0 0 0.198679 0.257426 2.15144 43.644 0.0075848 0.00285344 0.00532887 0.557799 -1.23969 0 0 0 0 0 0 0 0 0 0 15372
0 0 0.0981728 0.23377 1.75861 26.4956 0.00640096 0.00361142 0.00436708 0.654411 0 0 0 0 0 0 0 0 0 0 0 15422
0 0 0.062833 0.221261 1.78264 21.7605 0.00581661 0.00430904 0.00362237 0.753193 -0.380531 0 0 0 0 0 0 0 0 0 0 15477
0 0 0.062833 0.221261 1.78264 21.7605 0.00581661 0.00430904 0.00362237 0.753193 -0.380531 0 0 0 0 0 0 0 0 0 0 15529
0 0 0.027881 0.210803 1.27923 8.33855 0.00535849 0.00398709 0.00475404 0.612934 -3.25894 0 0 0 0 0 0 0 0 0 0 15580
0 0 0.0205787 0.199652 1.16944 6.26068 0.00490829 0.00459611 0.00428237 0.658551 -2.71802 0 0 0 0 0 0 0 0 0 0 15632
0 0 0.0205325 0.189083 0.734252 7.43128 0.00452793 0.0039271 0.00647915 0.467172 -7.67297 0 0 0 0 0 0 0 0 0 0 15684
0 0 0.0351627 0.183035 0.547556 18.2823 0.00433243 0.00370436 0.00764131 0.397158 -12.9903 0 0 0 0 0 0 0 0 0 0 15735
0 0 0.0424223 0.180312 0.487022 26.149 0.00424019 0.00347002 0.00897132 0.351851 -15.0455 0 0 0 0 0 0 0 0 0 0 15785
0 0 0.0430714 0.174209 0.405744 26.7392 0.00408626 0.00335073 0.0104474 0.305397 -15.0349 0 0 0 0 0 0 0 0 0 0 15837
0 0 0.0430714 0.174209 0.405744 26.7392 0.00408626 0.00335073 0.0104474 0.305397 -15.0349 0 0 0 0 0 0 0 0 0 0 15888
0 0 0.0488229 0.171283 0.363821 32.5787 0.00399957 0.00323423 0.0116718 0.277655 -16.3065 0 0 0 0 0 0 0 0 0 0 15943
0 0 0.0436188 0.160108 0.309163 29.7444 0.00372452 0.00351481 0.0124627 0.251841 -14.7434 0 0 0 0 0 0 0 0 0 0 15994
0 0 0.0436188 0.160108 0.309163 29.7444 0.00372452 0.00351481 0.0124627 0.251841 -14.7434 0 0 0 0 0 0 0 0 0 0 16045
0 0 0.0391266 0.159931 0.316748 26.3609 0.00371472 0.00353814 0.0125305 0.252183 -13.7099 0 0 0 0 0 0 0 0 0 0 16097
0 0 0.0391237 0.159641 0.289645 25.2088 0.00370182 0.00336278 0.0136965 0.234327 -13.604 0 0 0 0 0 0 0 0 0 0 16148
0 0 0.0285329 0.155003 0.305105 17.8017 0.00359839 0.00358797 0.0137415 0.234125 -10.4372 0 0 0 0 0 0 0 0 0 0 16202
0 0 0.0184602 0.151495 0.312361 8.62521 0.00353182 0.0038466 0.0131138 0.239715 -5.92513 0 0 0 0 0 0 0 0 0 0 16256
0 0 0.0184602 0.151495 0.312361 8.62521 0.00353182 0.0038466 0.0131138 0.239715 -5.92513 0 0 0 0 0 0 0 0 0 0 16305
0 0 0.0113509 0.163171 0.36101 3.15543 0.00379544 0.00325963 0.0140617 0.244406 -1.61478 0 0 0 0 0 0 0 0 0 0 16355
0 0 0.00651355 0.171057 0.428274 1.06297 0.00396923 0.00302861 0.0140569 0.259001 0 0 0 0 0 0 0 0 0 0 0 16406
0 0 0.00455864 0.173702 0.448568 0.518251 0.00402335 0.00291672 0.0144591 0.258851 0 0 0 0 0 0 0 0 0 0 0 16460
0 0 0.00314312 0.181561 0.456794 0.230931 0.00419253 0.00247073 0.0170809 0.238354 0 0 0 0 0 0 0 0 0 0 0 16511
0 0 0.00322983 0.183454 0.488571 0.244819 0.00424412 0.00249357 0.0161721 0.251238 0 0 0 0 0 0 0 0 0 0 0 16561
0 0 0.00322983 0.183454 0.488571 0.244819 0.00424412 0.00249357 0.0161721 0.251238 0 0 0 0 0 0 0 0 0 0 0 16612
0 0 0.00266199 0.185387 0.478289 0.160496 0.00428648 0.00228845 0.0181464 0.233615 0 0 0 0 0 0 0 0 0 0 0 16664
0 0 0.00293536 0.185537 0.529916 0.191364 0.00427222 0.00250215 0.0153432 0.266215 0 0 0 0 0 0 0 0 0 0 0 16716
0 0 0.00251962 0.187836 0.493046 0.129487 0.00427683 0.00219439 0.0186626 0.233895 0 0 0 0 0 0 0 0 0 0 0 16769
0 0 0.00244112 0.188233 0.499982 0.11636 0.00425966 0.00212375 0.019668 0.226094 0 0 0 0 0 0 0 0 0 0 0 16822
0 0 0.00270413 0.188609 0.541007 0.151331 0.00424112 0.00213052 0.0194316 0.229309 0 0 0 0 0 0 0 0 0 0 0 16875
0 0 0.00299975 0.18943 0.602586 0.191762 0.00423372 0.00216951 0.0185484 0.238955 0 0 0 0 0 0 0 0 0 0 0 16925
0 0 0.00319433 0.190738 0.663908 0.313139 0.00423433 0.00213451 0.0187099 0.239401 0 0 0 0 0 0 0 0 0 0 0 16978
0 0 0.00319433 0.190738 0.663908 0.313139 0.00423433 0.00213451 0.0187099 0.239401 0 0 0 0 0 0 0 0 0 0 0 17030
0 0 0.00383279 0.192108 1.01502 2.28494 0.00417194 0.00203253 0.0200473 0.231544 0 0 0 0 0 0 0 0 0 0 0 17079
0 0 0.00383279 0.192108 1.01502 2.28494 0.00417194 0.00203253 0.0200473 0.231544 0 0 0 0 0 0 0 0 0 0 0 17133
0 0 0 0 0 0 0 0 0 0 0 0 0 0 0 0 0 0 0 0 0 17185
0 0 0 0 0 0 0 0 0 0 0 0 0 0 0 0 0 0 0 0 0 17237
0 0 0.00511051 0.193853 3.10935 75.6557 0.00389358 0.00201089 0.0200594 0.244815 0 0 0 0 0 0 0 0 0 0 0 17289
0 0 0.006289 0.194476 5.51934 96.7099 0.00386383 0.00215818 0.0175497 0.273643 0 0 0 0 0 0 0 0 0 0 0 17340
0 0 0.00500648 0.194657 6.51513 98.1704 0.00366653 0.0022349 0.0163598 0.296392 0 0 0 0 0 0 0 0 0 0 0 17399
0 0 0.00500648 0.194657 6.51513 98.1704 0.00366653 0.0022349 0.0163598 0.296392 0 0 0 0 0 0 0 0 0 0 0 17451
0 0 0.00426746 0.194452 6.09164 97.4908 0.00351738 0.00225085 0.0161492 0.305688 0 0 0 0 0 0 0 0 0 0 0 17502
0 0 0.00419421 0.194504 5.99553 96.9435 0.00351809 0.00231469 0.015312 0.317582 0 0 0 0 0 0 0 0 0 0 0 17557
0 0 0.0049157 0.19462 4.77302 86.8322 0.00352718 0.00261285 0.0122357 0.374897 0 0 0 0 0 0 0 0 0 0 0 17608
0 0 0.00803754 0.195221 3.13435 22.2745 0.00360368 0.00342375 0.00739963 0.540173 0 0 0 0 0 0 0 0 0 0 0 17661
0 0 0.010202 0.195537 2.57214 6.07835 0.00369945 0.00390521 0.00579058 0.639309 0 0 0 0 0 0 0 0 0 0 0 17712
0 0 0.0142202 0.195645 2.43132 4.09875 0.00403266 0.00469642 0.00412431 0.782028 0 0 0 0 0 0 0 0 0 0 0 17769
0 0 0.0142202 0.195645 2.43132 4.09875 0.00403266 0.00469642 0.00412431 0.782028 0 0 0 0 0 0 0 0 0 0 0 17814
0 0 0.0141607 0.194897 1.88529 4.17958 0.00410031 0.00480587 0.00398875 0.791559 0 0 0 0 0 0 0 0 0 0 0 17865
0 0 0.00805793 0.194443 1.07882 1.30612 0.00414736 0.00359079 0.00683071 0.524913 0 0 0 0 0 0 0 0 0 0 0 17919
0 0 0.00538425 0.193791 0.773705 0.56601 0.00421473 0.00294316 0.00986895 0.39327 0 0 0 0 0 0 0 0 0 0 0 17971
0 0 0.00363764 0.193562 0.548228 0.243189 0.00432316 0.00238746 0.0142437 0.290454 0 0 0 0 0 0 0 0 0 0 0 18023
0 0 0.00363764 0.193562 0.548228 0.243189 0.00432316 0.00238746 0.0142437 0.290454 0 0 0 0 0 0 0 0 0 0 0 18072
0 0 0.00295668 0.193437 0.456209 0.157732 0.00442144 0.00214848 0.0173604 0.248975 0 0 0 0 0 0 0 0 0 0 0 18125
0 0 0.0029215 0.193267 0.414271 0.140346 0.00449897 0.00202571 0.0194995 0.227414 0 0 0 0 0 0 0 0 0 0 0 18176
0 0 0.00320566 0.193055 0.40516 0.17096 0.00453625 0.00196084 0.0210121 0.216011 0 0 0 0 0 0 0 0 0 0 0 18228
0 0 0.00399278 0.192966 0.385962 0.266331 0.00456027 0.00190432 0.022048 0.206274 0 0 0 0 0 0 0 0 0 0 0 18280
0 0 0.00555111 0.192772 0.389617 0.564194 0.00456154 0.00188304 0.0225734 0.20219 0 0 0 0 0 0 0 0 0 0 0 18333
0 0 0.00737945 0.192783 0.391775 1.03898 0.00456092 0.00188552 0.0222466 0.202205 0 0 0 0 0 0 0 0 0 0 0 18385
0 0 0.0139211 0.192858 0.392584 3.87458 0.00455776 0.00189354 0.0209849 0.202979 -6.23335 0 0 0 0 0 0 0 0 0 0 18438
0 0 0.0139211 0.192858 0.392584 3.87458 0.00455776 0.00189354 0.0209849 0.202979 -6.23335 0 0 0 0 0 0 0 0 0 0 18488
0 0 0.0224342 0.192801 0.402176 10.402 0.00455048 0.00189455 0.0196056 0.202639 -12.5095 0 0 0 0 0 0 0 0 0 0 18544
0 0 0.0322893 0.192778 0.408786 20.3166 0.00454973 0.00191268 0.0184276 0.205241 -17.1913 0 0 0 0 0 0 0 0 0 0 18597
0 0 0.0453262 0.192757 0.422683 34.1558 0.00454699 0.00198254 0.0184108 0.2154 -19.233 0 0 0 0 0 0 0 0 0 0 18649
0 0 0.0498351 0.19278 0.459817 40.3251 0.0045473 0.00206296 0.0177276 0.227461 -19.7692 0 0 0 0 0 0 0 0 0 0 18701
0 0 0.0540097 0.192837 0.465471 42.9451 0.00454854 0.00209603 0.0167767 0.232509 -20.7978 0 0 0 0 0 0 0 0 0 0 18754
