0 0 0.00249557 0.177262 0.431689 0.161947 0.00618439 0.00250901 0.0189273 0.208953 0 0 0 0 0 0 0 0 0 0 0 2623
0 0 0.00247582 0.16157 0.406373 0.197572 0.0090421 0.00325484 0.0161627 0.215446 0 0 0 0 0 0 0 0 0 0 0 2676
0 0 0.00215714 0.139348 0.342046 0.201932 0.0147286 0.00460807 0.0143965 0.211092 0 0 0 0 0 0 0 0 0 0 0 2728
0 0 0.00180841 0.0969956 0.252464 0.33453 0.0183939 0.0103587 0.0101522 0.214778 0 0 0 0 0 0 0 0 0 0 0 2782
0 0 0.000796548 0.0418454 0.122397 1.62922 0.0111539 0.0646959 0.00454247 0.216131 9.89967 0 0 0 0 0 0 0 0 0 0 2836
0 0 0.000510599 0.0285852 0.0803552 3.482 0.0082203 0.152797 0.00334966 0.207373 16.6819 0 0 0 0 0 0 0 0 0 0 2887
0 0 0.000510599 0.0285852 0.0803552 3.482 0.0082203 0.152797 0.00334966 0.207373 16.6819 0 0 0 0 0 0 0 0 0 0 2941
0 0 0.000613046 0.0353329 0.0917692 2.45085 0.00987288 0.0992749 0.00413896 0.202543 14.0756 0 0 0 0 0 0 0 0 0 0 2992
0 0 0.000925424 0.0544529 0.128521 1.14586 0.013771 0.0404195 0.00629769 0.199102 8.46461 0 0 0 0 0 0 0 0 0 0 3045
0 0 0.00112765 0.0800459 0.175703 0.566658 0.0182915 0.017792 0.00903005 0.197087 4.73835 0 0 0 0 0 0 0 0 0 0 3097
0 0 0.00151794 0.117405 0.236851 0.287977 0.0224022 0.00811771 0.0126779 0.195527 0.0992766 0 0 0 0 0 0 0 0 0 0 3150
0 0 0.00190102 0.173905 0.320327 0.147283 0.0236206 0.00374895 0.0175506 0.195046 0 0 0 0 0 0 0 0 0 0 0 3200
0 0 0.00206427 0.216407 0.357794 0.121755 0.018499 0.0027414 0.0198233 0.195577 0 0 0 0 0 0 0 0 0 0 0 3256
0 0 0.00209432 0.216788 0.364999 0.111021 0.0155446 0.00241803 0.0204007 0.197173 0 0 0 0 0 0 0 0 0 0 0 3308
0 0 0.00209432 0.216788 0.364999 0.111021 0.0155446 0.00241803 0.0204007 0.197173 0 0 0 0 0 0 0 0 0 0 0 3361
0 0 0.00214733 0.230846 0.362098 0.10567 0.0168861 0.00229996 0.0197781 0.19694 0 0 0 0 0 0 0 0 0 0 0 3414
0 0 0.00213665 0.285263 0.373084 0.27865 0.0184407 0.00226916 0.0159507 0.196084 0 0 0 0 0 0 0 0 0 0 0 3466
0 0 0.00204803 0.34327 0.385828 0.513466 0.017049 0.00225877 0.0139367 0.195824 0 0 0 0 0 0 0 0 0 0 0 3516
0 0 0.00208034 0.438953 0.39223 0.396812 0.0173635 0.00226236 0.0147352 0.196864 0 0 0 0 0 0 0 0 0 0 0 3566
0 0 0.00215594 0.533485 0.400949 0.181408 0.0173655 0.00225423 0.0176289 0.198339 0 0 0 0 0 0 0 0 0 0 0 3618
0 0 0.00215594 0.533485 0.400949 0.181408 0.0173655 0.00225423 0.0176289 0.198339 0 0 0 0 0 0 0 0 0 0 0 3669
0 0 0.00225098 0.83106 0.415744 0.126006 0.0204233 0.00234926 0.0183088 0.205221 0 0 0 0 0 0 0 0 0 0 0 3722
0 0 0.00225098 0.83106 0.415744 0.126006 0.0204233 0.00234926 0.0183088 0.205221 0 0 0 0 0 0 0 0 0 0 0 3775
0 0 0.00228694 1.00753 0.428232 0.128619 0.0197347 0.00231212 0.0183458 0.208311 0 0 0 0 0 0 0 0 0 0 0 3826
0 0 0.0023837 1.48423 0.442767 0.141826 0.0225384 0.0023352 0.018129 0.211041 0 0 0 0 0 0 0 0 0 0 0 3877
0 0 0.00218927 1.9009 0.424632 0.136304 0.0285771 0.0027639 0.0168427 0.214304 0 0 0 0 0 0 0 0 0 0 0 3929
0 0 0.00180824 2.38763 0.342079 0.177735 0.0298467 0.00502115 0.0135948 0.216123 0 0 0 0 0 0 0 0 0 0 0 3981
0 0 0.00113548 1.75812 0.206093 0.541299 0.0201909 0.0180719 0.00806852 0.216597 4.16791 0 0 0 0 0 0 0 0 0 0 4034
0 0 0.000380007 0.583574 0.0727245 5.28131 0.00727226 0.265276 0.00255835 0.223579 21.3337 0 0 0 0 0 0 0 0 0 0 4085
0 0 0.000380007 0.583574 0.0727245 5.28131 0.00727226 0.265276 0.00255835 0.223579 21.3337 0 0 0 0 0 0 0 0 0 0 4138
0 0 6.98328e-05 0.0515579 0.0152809 64.0842 0.0014813 12.5565 0.000491211 0.229236 48.2646 0 0 0 0 0 0 0 0 0 0 4191
0 0 1.88859e-05 0.00418966 0.00433119 96.6998 0.000405318 78.1825 0.000127375 0.232681 69.5302 0 0 0 0 0 0 0 0 0 0 4243
0 0 9.75102e-06 0.00101453 0.0022569 99.2271 0.000204213 95.1797 6.24835e-05 0.237035 81.9274 0 0 0 0 0 0 0 0 0 0 4295
0 0 1.24902e-05 0.0015862 0.00282869 98.6742 0.000262977 91.2148 8.95172e-05 0.2311 78.3149 0 0 0 0 0 0 0 0 0 0 4346
0 0 2.21012e-05 0.00562568 0.00505747 94.6818 0.000510367 66.017 0.000184555 0.219534 67.6467 0 0 0 0 0 0 0 0 0 0 4402
0 0 6.25041e-05 0.0246852 0.0140361 62.7134 0.00150978 11.2033 0.000576947 0.210378 49.6763 0 0 0 0 0 0 0 0 0 0 4453
0 0 6.25041e-05 0.0246852 0.0140361 62.7134 0.00150978 11.2033 0.000576947 0.210378 49.6763 0 0 0 0 0 0 0 0 0 0 4506
0 0 0.000259154 0.108583 0.0566971 6.81977 0.00626439 0.340158 0.0025676 0.204822 26.4219 0 0 0 0 0 0 0 0 0 0 4558
0 0 0.000674195 0.215868 0.144601 0.87161 0.0154099 0.0295528 0.00470093 0.199395 2.86976 0 0 0 0 0 0 0 0 0 0 4610
0 0 0.00120973 0.26509 0.257031 0.241507 0.0228827 0.00668396 0.0117321 0.196919 0 0 0 0 0 0 0 0 0 0 0 4662
0 0 0.00162654 0.269646 0.335862 0.132008 0.0207391 0.00324124 0.0166076 0.195461 0 0 0 0 0 0 0 0 0 0 0 4715
0 0 0.00178877 0.234274 0.363924 0.146957 0.0129378 0.0025813 0.0177623 0.195075 0 0 0 0 0 0 0 0 0 0 0 4767
0 0 0.00178877 0.234274 0.363924 0.146957 0.0129378 0.0025813 0.0177623 0.195075 0 0 0 0 0 0 0 0 0 0 0 4820
0 0 0.00193877 0.220557 0.377587 0.136821 0.00860522 0.0022157 0.0191434 0.194443 0 0 0 0 0 0 0 0 0 0 0 4874
0 0 0.00205814 0.213678 0.38617 0.125798 0.00596497 0.00201159 0.0200566 0.194959 0 0 0 0 0 0 0 0 0 0 0 4925
0 0 0.00207088 0.205723 0.40111 0.111627 0.00508073 0.00193264 0.0209234 0.196476 0 0 0 0 0 0 0 0 0 0 0 4977
0 0 0.00212874 0.200856 0.399877 0.113443 0.00472069 0.00191056 0.0207214 0.198299 0 0 0 0 0 0 0 0 0 0 0 5029
0 0 0.00215681 0.198001 0.403086 0.107244 0.0045465 0.0019198 0.0208346 0.201679 0 0 0 0 0 0 0 0 0 0 0 5082
0 0 0.00232607 0.195612 0.379268 0.105581 0.00437047 0.00191162 0.0212813 0.202403 0 0 0 0 0 0 0 0 0 0 0 5135
0 0 0.00232607 0.195612 0.379268 0.105581 0.00437047 0.00191162 0.0212813 0.202403 0 0 0 0 0 0 0 0 0 0 0 5187
0 0 0.00232565 0.194239 0.379834 0.131093 0.00404108 0.00190713 0.0235737 0.202842 0 0 0 0 0 0 0 0 0 0 0 5240
0 0 0.00244248 0.193404 0.366066 0.432192 0.00305391 0.00191531 0.0360131 0.204634 -6.92419 0 0 0 0 0 0 0 0 0 0 5293
0 0 0.00250222 0.193142 0.365997 2.84035 0.00195622 0.00195096 0.0690608 0.210041 -28.0189 0 0 0 0 0 0 0 0 0 0 5346
0 0 0.00250333 0.192989 0.377565 4.79573 0.00172224 0.0020113 0.0795695 0.21878 -34.0476 0 0 0 0 0 0 0 0 0 0 5470
0 0 0.00336613 0.192136 0.328033 9.24018 0.00145946 0.00228881 0.0746494 0.258727 -43.8183 0 0 0 0 0 0 0 0 0 0 5523
0 0 0.00318015 0.191118 0.385633 8.5117 0.00148509 0.00243055 0.06831 0.276772 -41.8287 0 0 0 0 0 0 0 0 0 0 5575
0 0 0.00344315 0.190008 0.406814 9.19332 0.00144684 0.0025786 0.0650125 0.295106 -42.5811 0 0 0 0 0 0 0 0 0 0 5628
0 0 0.00375726 0.187879 0.44733 9.10538 0.00143633 0.00278718 0.0591511 0.317429 -42.0421 0 0 0 0 0 0 0 0 0 0 5682
0 0 0.00402106 0.185793 0.507609 7.61453 0.0014874 0.00297875 0.0522209 0.336503 -39.0105 0 0 0 0 0 0 0 0 0 0 5732
0 0 0.00402106 0.185793 0.507609 7.61453 0.0014874 0.00297875 0.0522209 0.336503 -39.0105 0 0 0 0 0 0 0 0 0 0 5783
0 0 0.00317838 0.184034 0.476493 10.2181 0.00136705 0.00269172 0.0739435 0.28441 -42.0858 0 0 0 0 0 0 0 0 0 0 5836
0 0 0.00317838 0.184034 0.476493 10.2181 0.00136705 0.00269172 0.0739435 0.28441 -42.0858 0 0 0 0 0 0 0 0 0 0 5889
0 0 0.00272723 0.184854 0.43862 6.93953 0.00151452 0.00244702 0.0746653 0.252832 -37.4184 0 0 0 0 0 0 0 0 0 0 5940
0 0 0.00229248 0.186241 0.416929 3.99612 0.00174645 0.00218243 0.0744979 0.220952 -30.6118 0 0 0 0 0 0 0 0 0 0 5991
0 0 0.00207058 0.187763 0.414841 2.29674 0.00200947 0.00202251 0.0695869 0.203716 -23.9807 0 0 0 0 0 0 0 0 0 0 6045
0 0 0.00207112 0.189927 0.415285 0.965617 0.00249061 0.0019297 0.0544064 0.197227 -14.0991 0 0 0 0 0 0 0 0 0 0 6100
0 0 0.00205313 0.191285 0.417907 0.426859 0.00303311 0.00189309 0.0417301 0.195596 -4.7627 0 0 0 0 0 0 0 0 0 0 6152
0 0 0.00205313 0.191285 0.417907 0.426859 0.00303311 0.00189309 0.0417301 0.195596 -4.7627 0 0 0 0 0 0 0 0 0 0 6204
0 0 0.00201827 0.192232 0.420548 0.25729 0.00342699 0.00186798 0.035547 0.194322 0 0 0 0 0 0 0 0 0 0 0 6259
0 0 0.002007 0.192981 0.421068 0.180901 0.00374857 0.00185891 0.0313486 0.193829 0 0 0 0 0 0 0 0 0 0 0 6311
0 0 0.0020077 0.193721 0.422138 0.213687 0.00395236 0.00184538 0.0292721 0.193408 0 0 0 0 0 0 0 0 0 0 0 6367
0 0 0.00198962 0.194131 0.424406 0.233095 0.00402597 0.00184083 0.0285832 0.193371 0 0 0 0 0 0 0 0 0 0 0 6419
0 0 0.00198776 0.194749 0.425829 0.203901 0.00423304 0.00183701 0.0266125 0.193402 0 0 0 0 0 0 0 0 0 0 0 6470
0 0 0.00201246 0.194794 0.427208 0.243242 0.00434611 0.00183737 0.0255757 0.193752 0 0 0 0 0 0 0 0 0 0 0 6521
0 0 0.00203435 0.195492 0.430732 0.279589 0.0044115 0.00183874 0.02494 0.194164 0 0 0 0 0 0 0 0 0 0 0 6576
0 0 0.00203435 0.195492 0.430732 0.279589 0.0044115 0.00183874 0.02494 0.194164 0 0 0 0 0 0 0 0 0 0 0 6626
0 0 0.00213915 0.195669 0.443758 0.288047 0.00443658 0.00185749 0.0242791 0.197052 0 0 0 0 0 0 0 0 0 0 0 6677
0 0 0.00219331 0.195638 0.450088 0.450232 0.00449008 0.00187407 0.0234395 0.199833 0 0 0 0 0 0 0 0 0 0 0 6729
0 0 0.00240978 0.195747 0.47328 0.693698 0.00451449 0.00194104 0.0217362 0.210281 0 0 0 0 0 0 0 0 0 0 0 6780
0 0 0.0030555 0.195518 0.512804 0.658363 0.0045349 0.00212257 0.0183055 0.238509 0 0 0 0 0 0 0 0 0 0 0 6833
0 0 0.0030555 0.195518 0.512804 0.658363 0.0045349 0.00212257 0.0183055 0.238509 0 0 0 0 0 0 0 0 0 0 0 6886
0 0 0.00385627 0.195033 0.601268 0.650154 0.00453306 0.00250358 0.013433 0.299779 0 0 0 0 0 0 0 0 0 0 0 6937
0 0 0.00641297 0.194919 0.790645 0.879242 0.00453707 0.00328741 0.00809226 0.437831 0 0 0 0 0 0 0 0 0 0 0 6989
0 0 0.0124435 0.195323 1.13055 3.5931 0.00454296 0.00465406 0.00423261 0.710833 0 0 0 0 0 0 0 0 0 0 0 7042
0 0 0.0159554 0.195565 1.29149 6.02124 0.00454611 0.00527383 0.00335642 0.849588 0 0 0 0 0 0 0 0 0 0 0 7093
0 0 0.0292311 0.1974 1.74125 18.1907 0.00455879 0.00690172 0.00199939 1.25804 0 0 0 0 0 0 0 0 0 0 0 7145
0 0 0.0337145 0.202203 1.77253 20.8025 0.00464844 0.00645021 0.00213117 1.21 0 0 0 0 0 0 0 0 0 0 0 7195
0 0 0.0390848 0.200498 1.9631 27.5726 0.00447443 0.00733952 0.00173122 1.44588 0 0 0 0 0 0 0 0 0 0 0 7247
0 0 0.0390848 0.200498 1.9631 27.5726 0.00447443 0.00733952 0.00173122 1.44588 0 0 0 0 0 0 0 0 0 0 0 7300
0 0 0.0390848 0.200498 1.9631 27.5726 0.00447443 0.00733952 0.00173122 1.44588 0 0 0 0 0 0 0 0 0 0 0 7354
0 0 0.0396195 0.209871 1.77793 23.0937 0.00426274 0.00562078 0.00252699 1.16771 0 0 0 0 0 0 0 0 0 0 0 7407
0 0 0.0318562 0.21417 1.52412 14.4443 0.00394123 0.00442615 0.0037674 0.935861 0 0 0 0 0 0 0 0 0 0 0 7462
0 0 0.0258329 0.216151 1.3202 9.21613 0.00337069 0.00373305 0.00501644 0.833122 0 0 0 0 0 0 0 0 0 0 0 7513
0 0 0.01539 0.214586 1.01251 3.34537 0.00296372 0.00293817 0.00787396 0.635332 0 0 0 0 0 0 0 0 0 0 0 7566
0 0 0.0108066 0.213662 0.844233 1.60704 0.00294643 0.00247483 0.0108256 0.497062 0 0 0 0 0 0 0 0 0 0 0 7617
0 0 0.0108066 0.213662 0.844233 1.60704 0.00294643 0.00247483 0.0108256 0.497062 0 0 0 0 0 0 0 0 0 0 0 7669
0 0 0.00682616 0.209058 0.693167 0.676285 0.00269433 0.00218612 0.0142957 0.417638 0 0 0 0 0 0 0 0 0 0 0 7721
0 0 0.00521676 0.20439 0.628084 0.420237 0.00263864 0.00214275 0.015659 0.38774 0 0 0 0 0 0 0 0 0 0 0 7773
0 0 0.00390461 0.20036 0.55729 0.228223 0.00259052 0.00200326 0.0185348 0.338697 0 0 0 0 0 0 0 0 0 0 0 7823
0 0 0.00345413 0.198407 0.534124 0.196928 0.0024814 0.00201789 0.0187053 0.342104 0 0 0 0 0 0 0 0 0 0 0 7874
0 0 0.00332553 0.198417 0.535632 0.187269 0.00266571 0.00199215 0.0191482 0.32199 0 0 0 0 0 0 0 0 0 0 0 7925
0 0 0.00299859 0.197326 0.526077 0.162981 0.00272105 0.00197251 0.0197556 0.309324 0 0 0 0 0 0 0 0 0 0 0 7977
0 0 0.00299859 0.197326 0.526077 0.162981 0.00272105 0.00197251 0.0197556 0.309324 0 0 0 0 0 0 0 0 0 0 0 8029
0 0 0.00276694 0.196324 0.522909 0.1946 0.00297107 0.0019528 0.02035 0.28553 0 0 0 0 0 0 0 0 0 0 0 8079
0 0 0.00262459 0.196055 0.49749 0.225688 0.00304593 0.00189313 0.0215416 0.268725 0 0 0 0 0 0 0 0 0 0 0 8131
0 0 0.00314683 0.194762 0.508013 0.287199 0.00347651 0.00188879 0.0216365 0.243179 0 0 0 0 0 0 0 0 0 0 0 8181
0 0 0.00319858 0.193685 0.512417 0.364874 0.00372215 0.00186859 0.0225397 0.226719 0 0 0 0 0 0 0 0 0 0 0 8233
0 0 0.00341456 0.194044 0.510742 0.448973 0.00386329 0.00186354 0.0227878 0.221972 0 0 0 0 0 0 0 0 0 0 0 8286
0 0 0.00309472 0.193788 0.495648 0.420005 0.00393086 0.00183368 0.0236406 0.213964 0 0 0 0 0 0 0 0 0 0 0 8338
0 0 0.00286931 0.1937 0.490386 0.645443 0.00425063 0.00182696 0.0238651 0.202815 0 0 0 0 0 0 0 0 0 0 0 8388
0 0 0.00327996 0.194043 0.472087 1.62121 0.00436294 0.00182272 0.0238623 0.199932 0 0 0 0 0 0 0 0 0 0 0 8438
0 0 0.0032572 0.194532 0.500411 3.02034 0.00445851 0.00181024 0.0240185 0.196838 0 0 0 0 0 0 0 0 0 0 0 8489
0 0 0.0032572 0.194532 0.500411 3.02034 0.00445851 0.00181024 0.0240185 0.196838 0 0 0 0 0 0 0 0 0 0 0 8542
0 0 0.00284165 0.194238 0.495976 3.8895 0.00446314 0.00182225 0.0238124 0.19769 0 0 0 0 0 0 0 0 0 0 0 8595
0 0 0.00270011 0.193759 0.484361 7.35075 0.00442059 0.00183136 0.0237345 0.198939 0 0 0 0 0 0 0 0 0 0 0 8646
0 0 0.0026589 0.193774 0.499867 8.52332 0.00443909 0.00184881 0.0233296 0.201186 0 0 0 0 0 0 0 0 0 0 0 8697
0 0 0.0026671 0.193662 0.512379 9.31849 0.00439769 0.00185728 0.0231303 0.20319 0 0 0 0 0 0 0 0 0 0 0 8750
0 0 0.00260176 0.193647 0.498104 12.6143 0.00436669 0.00185047 0.0232049 0.203056 0 0 0 0 0 0 0 0 0 0 0 8804
0 0 0.00264349 0.193835 0.509492 13.8355 0.00436837 0.00188903 0.0222675 0.209448 0 0 0 0 0 0 0 0 0 0 0 8856
0 0 0.00264349 0.193835 0.509492 13.8355 0.00436837 0.00188903 0.0222675 0.209448 0 0 0 0 0 0 0 0 0 0 0 8907
0 0 0.00267361 0.194011 0.493862 20.6557 0.00432037 0.00189951 0.021958 0.212921 0 0 0 0 0 0 0 0 0 0 0 8958
0 0 0.00248802 0.193975 0.506379 21.2955 0.00431516 0.0018793 0.0224593 0.209908 0 0 0 0 0 0 0 0 0 0 0 9010
0 0 0.00267063 0.193854 0.509585 18.1112 0.00426695 0.00186988 0.0227594 0.209436 0 0 0 0 0 0 0 0 0 0 0 9060
0 0 0.00294826 0.194345 0.523674 17.4787 0.00425855 0.00188313 0.022366 0.212994 0 0 0 0 0 0 0 0 0 0 0 9114
0 0 0.00251292 0.194863 0.533301 12.0125 0.00426643 0.00188388 0.0222314 0.214104 0 0 0 0 0 0 0 0 0 0 0 9168
0 0 0.00251292 0.194863 0.533301 12.0125 0.00426643 0.00188388 0.0222314 0.214104 0 0 0 0 0 0 0 0 0 0 0 9217
0 0 0.00236246 0.194474 0.529848 4.37532 0.00433611 0.00184467 0.0232204 0.204704 0 0 0 0 0 0 0 0 0 0 0 9270
0 0 0.00232777 0.193837 0.545615 1.53405 0.00436955 0.00186753 0.0229151 0.205187 0 0 0 0 0 0 0 0 0 0 0 9321
0 0 0.00246347 0.194192 0.569682 0.818048 0.00443768 0.00189356 0.0222877 0.207772 0 0 0 0 0 0 0 0 0 0 0 9373
0 0 0.00241009 0.193449 0.530395 0.323712 0.00442904 0.0019118 0.0221923 0.208215 0 0 0 0 0 0 0 0 0 0 0 9425
0 0 0.00248025 0.192955 0.532802 0.193774 0.00443988 0.00195871 0.0214743 0.212971 0 0 0 0 0 0 0 0 0 0 0 9477
0 0 0.00248025 0.192955 0.532802 0.193774 0.00443988 0.00195871 0.0214743 0.212971 0 0 0 0 0 0 0 0 0 0 0 9528
0 0 0.00238382 0.19254 0.501394 0.150719 0.00444023 0.00197822 0.0212138 0.214325 0 0 0 0 0 0 0 0 0 0 0 9581
0 0 0.00238382 0.19254 0.501394 0.150719 0.00444023 0.00197822 0.0212138 0.214325 0 0 0 0 0 0 0 0 0 0 0 9635
0 0 0.00236299 0.192798 0.455161 0.108691 0.00441861 0.00195939 0.0215215 0.211243 0 0 0 0 0 0 0 0 0 0 0 9686
0 0 0.00248706 0.192408 0.433194 0.123327 0.00436994 0.00203435 0.0201718 0.220892 0 0 0 0 0 0 0 0 0 0 0 9737
0 0 0.00307622 0.191933 0.442598 0.200158 0.0043181 0.002317 0.0157699 0.262133 0 0 0 0 0 0 0 0 0 0 0 9792
0 0 0.00298615 0.191655 0.457981 0.18874 0.00415636 0.0022921 0.0174214 0.25726 0 0 0 0 0 0 0 0 0 0 0 9844
0 0 0.00268499 0.191094 0.429971 0.15288 0.0039038 0.0021908 0.020868 0.239948 0 0 0 0 0 0 0 0 0 0 0 9898
0 0 0.00268499 0.191094 0.429971 0.15288 0.0039038 0.0021908 0.020868 0.239948 0 0 0 0 0 0 0 0 0 0 0 9951
0 0 0.00293661 0.191008 0.480194 0.261365 0.00342456 0.00229581 0.0238894 0.255203 0 0 0 0 0 0 0 0 0 0 0 10002
0 0 0.00318427 0.190955 0.51855 0.73384 0.0026943 0.00239336 0.0322681 0.269605 -10.8518 0 0 0 0 0 0 0 0 0 0 10055
0 0 0.00379607 0.190582 0.577876 2.93582 0.00193405 0.00265334 0.0443411 0.309169 -26.5769 0 0 0 0 0 0 0 0 0 0 10106
0 0 0.00538341 0.190561 0.702672 3.34041 0.00187015 0.00322875 0.032468 0.405142 -28.0551 0 0 0 0 0 0 0 0 0 0 10159
0 0 0.0119032 0.190627 1.08803 3.63931 0.0024673 0.00498292 0.00965249 0.735152 -14.567 0 0 0 0 0 0 0 0 0 0 10213
0 0 0.0119032 0.190627 1.08803 3.63931 0.0024673 0.00498292 0.00965249 0.735152 -14.567 0 0 0 0 0 0 0 0 0 0 10266
0 0 0.0195563 0.191085 1.43172 9.78949 0.00252877 0.00646521 0.00576766 1.05529 -13.4989 0 0 0 0 0 0 0 0 0 0 10319
0 0 0.0195563 0.191085 1.43172 9.78949 0.00252877 0.00646521 0.00576766 1.05529 -13.4989 0 0 0 0 0 0 0 0 0 0 10370
0 0 0.0236944 0.191496 1.59219 14.021 0.00263111 0.00712995 0.00450294 1.21453 -11.7087 0 0 0 0 0 0 0 0 0 0 10420
0 0 0.0202105 0.19102 1.46965 10.4559 0.00268431 0.00658984 0.00508779 1.08459 -10.4257 0 0 0 0 0 0 0 0 0 0 10471
0 0 0.021881 0.191456 1.52111 12.1365 0.00298304 0.00683385 0.0040324 1.14852 -5.4819 0 0 0 0 0 0 0 0 0 0 10522
0 0 0.0258755 0.191588 1.65332 16.4855 0.00330854 0.00745998 0.00293 1.29591 -0.582352 0 0 0 0 0 0 0 0 0 0 10575
0 0 0.0258755 0.191588 1.65332 16.4855 0.00330854 0.00745998 0.00293 1.29591 -0.582352 0 0 0 0 0 0 0 0 0 0 10627
0 0 0.0346763 0.191502 1.9818 27.0311 0.00387719 0.00875649 0.00173001 1.60972 0 0 0 0 0 0 0 0 0 0 0 10681
0 0 0.0283726 0.191694 1.79462 19.3993 0.00431796 0.00783376 0.00180157 1.38935 0 0 0 0 0 0 0 0 0 0 0 10735
0 0 0.0202103 0.192612 1.4987 10.2805 0.00444227 0.00639473 0.00247901 1.06946 0 0 0 0 0 0 0 0 0 0 0 10785
0 0 0.0283271 0.193183 1.80006 18.9618 0.00445385 0.00760603 0.00177682 1.36791 0 0 0 0 0 0 0 0 0 0 0 10836
0 0 0.0283271 0.193183 1.80006 18.9618 0.00445385 0.00760603 0.00177682 1.36791 0 0 0 0 0 0 0 0 0 0 0 10888
0 0 0.0283271 0.193183 1.80006 18.9618 0.00445385 0.00760603 0.00177682 1.36791 0 0 0 0 0 0 0 0 0 0 0 10941
0 0 0.0195832 0.193792 1.47263 9.39911 0.0044552 0.00611377 0.00263078 1.02321 0 0 0 0 0 0 0 0 0 0 0 10991
0 0 0.0237133 0.194443 1.62003 13.2966 0.00446692 0.0066618 0.00221978 1.1591 0 0 0 0 0 0 0 0 0 0 0 11043
0 0 0.0184287 0.194907 1.40383 8.11755 0.00443602 0.00573734 0.00286963 0.958302 0 0 0 0 0 0 0 0 0 0 0 11094
0 0 0.0177011 0.196468 1.39119 7.17352 0.00445094 0.00534069 0.00321261 0.88723 0 0 0 0 0 0 0 0 0 0 0 11147
0 0 0.0202821 0.199249 1.45764 8.72814 0.00457875 0.00530575 0.00315897 0.896664 0 0 0 0 0 0 0 0 0 0 0 11199
0 0 0.0257334 0.19804 1.63792 14.132 0.00443728 0.00625301 0.00237437 1.1244 0 0 0 0 0 0 0 0 0 0 0 11250
0 0 0.0257334 0.19804 1.63792 14.132 0.00443728 0.00625301 0.00237437 1.1244 0 0 0 0 0 0 0 0 0 0 0 11302
0 0 0.0431699 0.198662 2.14947 33.0283 0.00362149 0.00817539 0.00143552 1.84446 0 0 0 0 0 0 0 0 0 0 0 11353
0 0 0.0614456 0.199694 2.56523 50.5605 0.0028646 0.0096341 0.00104879 2.676 0 0 0 0 0 0 0 0 0 0 0 11405
0 0 0.0614456 0.199694 2.56523 50.5605 0.0028646 0.0096341 0.00104879 2.676 0 0 0 0 0 0 0 0 0 0 0 11455
0 0 0.0654466 0.201739 2.62136 52.5305 0.00192753 0.00940972 0.00106839 3.35392 0 0 0 0 0 0 0 0 0 0 0 11506
0 0 0.06824 0.202723 2.78338 54.0567 0.00112504 0.009349 0.0010683 4.59316 0 0 0 0 0 0 0 0 0 0 0 11562
0 0 0.0667415 0.20131 2.88446 53.8309 0.000828975 0.00961921 0.00103112 5.57248 0 0 0 0 0 0 0 0 0 0 0 11615
0 0 0.0691814 0.202968 2.75442 54.5563 0.00136963 0.00934055 0.0010658 4.11016 0 0 0 0 0 0 0 0 0 0 0 11669
0 0 0.0657533 0.20114 2.61905 53.1203 0.002303 0.009578 0.00103206 3.07356 0 0 0 0 0 0 0 0 0 0 0 11721
0 0 0.0649245 0.201408 2.59033 52.2971 0.002539 0.00944546 0.00106309 2.86178 0 0 0 0 0 0 0 0 0 0 0 11772
0 0 0.0649245 0.201408 2.59033 52.2971 0.002539 0.00944546 0.00106309 2.86178 0 0 0 0 0 0 0 0 0 0 0 11823
0 0 0.0656686 0.202949 2.5728 51.8961 0.00245676 0.00910447 0.00111642 2.83269 0 0 0 0 0 0 0 0 0 0 0 11876
0 0 0.0593493 0.201001 2.48889 47.8823 0.00217472 0.00911795 0.00113828 2.97528 0 0 0 0 0 0 0 0 0 0 0 11926
0 0 0.0507952 0.200959 2.2709 40.12 0.00128354 0.00840682 0.00130648 3.65288 0 0 0 0 0 0 0 0 0 0 0 11977
0 0 0.0347275 0.198209 1.96056 25.011 0.00101164 0.00746035 0.00164899 3.51119 0 0 0 0 0 0 0 0 0 0 0 12028
0 0 0.0347275 0.198209 1.96056 25.011 0.00101164 0.00746035 0.00164899 3.51119 0 0 0 0 0 0 0 0 0 0 0 12081
0 0 0.0280542 0.198503 1.7935 18.0659 0.000867477 0.00674494 0.00195929 3.39076 0 0 0 0 0 0 0 0 0 0 0 12137
0 0 0.0157142 0.198725 1.29368 5.82157 0.00109877 0.00494517 0.00355656 1.90367 0 0 0 0 0 0 0 0 0 0 0 12187
0 0 0.0157142 0.198725 1.29368 5.82157 0.00109877 0.00494517 0.00355656 1.90367 0 0 0 0 0 0 0 0 0 0 0 12242
0 0 0.0115549 0.197298 1.08947 3.17763 0.0017301 0.00428436 0.00466356 1.18745 0 0 0 0 0 0 0 0 0 0 0 12298
0 0 0.0131666 0.198829 1.18553 4.09138 0.00243666 0.00448941 0.00421642 1.04788 0 0 0 0 0 0 0 0 0 0 0 12351
0 0 0.0155232 0.20058 1.27412 5.87398 0.00333099 0.0049419 0.00349751 1.00201 0 0 0 0 0 0 0 0 0 0 0 12405
0 0 0.00515548 0.201363 0.70542 0.598688 0.00391437 0.0027233 0.0103241 0.406784 0 0 0 0 0 0 0 0 0 0 0 12460
0 0 0.00515548 0.201363 0.70542 0.598688 0.00391437 0.0027233 0.0103241 0.406784 0 0 0 0 0 0 0 0 0 0 0 12513
0 0 0.00456235 0.201193 0.653751 0.454026 0.00422247 0.00247278 0.0120796 0.34761 0 0 0 0 0 0 0 0 0 0 0 12566
0 0 0.00374633 0.202794 0.61412 0.30406 0.00434581 0.00220653 0.0145825 0.29792 0 0 0 0 0 0 0 0 0 0 0 12618
0 0 0.00277441 0.201078 0.485721 0.145732 0.00452183 0.00184594 0.0212837 0.218593 0 0 0 0 0 0 0 0 0 0 0 12671
0 0 0.00248704 0.201292 0.452664 0.111697 0.00457297 0.00173005 0.024399 0.195953 0 0 0 0 0 0 0 0 0 0 0 12723
0 0 0.00255922 0.204724 0.439651 0.106501 0.00466882 0.00158606 0.02784 0.178782 0 0 0 0 0 0 0 0 0 0 0 12774
0 0 0.0025791 0.204868 0.431588 0.102994 0.0048164 0.00151515 0.0300963 0.168068 0 0 0 0 0 0 0 0 0 0 0 12828
0 0 0.0028109 0.209068 0.427589 0.112244 0.00507654 0.00138384 0.0342231 0.153199 0 0 0 0 0 0 0 0 0 0 0 12878
0 0 0.0028109 0.209068 0.427589 0.112244 0.00507654 0.00138384 0.0342231 0.153199 0 0 0 0 0 0 0 0 0 0 0 12931
0 0 0.00424092 0.229304 0.426696 0.189386 0.0058698 0.000997973 0.0529952 0.112259 0 0 0 0 0 0 0 0 0 0 0 12983
0 0 0.00424092 0.229304 0.426696 0.189386 0.0058698 0.000997973 0.0529952 0.112259 0 0 0 0 0 0 0 0 0 0 0 13034
0 0 0.00608433 0.24887 0.426123 0.379993 0.00622412 0.000748003 0.0851121 0.0863736 0 0 0 0 0 0 0 0 0 0 0 13088
0 0 0.00665184 0.253761 0.4259 1.21611 0.00499009 0.000698182 0.135522 0.0811201 -9.62066 0 0 0 0 0 0 0 0 0 0 13138
0 0 0.00885144 0.270299 0.426216 4.17885 0.0043767 0.0005599 0.248651 0.0663712 -22.2723 0 0 0 0 0 0 0 0 0 0 13191
0 0 0.0152408 0.305295 0.42638 25.0766 0.00373372 0.000365605 0.699932 0.0451671 -42.1855 0 0 0 0 0 0 0 0 0 0 13241
0 0 0.020856 0.326181 0.426287 63.2644 0.0030101 0.000289995 1.45148 0.0365374 -58.9001 0 0 0 0 0 0 0 0 0 0 13291
0 0 0.0377065 0.370784 0.426337 85.7053 0.00314206 0.000185119 3.08882 0.0242661 -69.7357 0 0 0 0 0 0 0 0 0 0 13342
0 0 0.0349479 0.361434 0.42628 83.5797 0.00304231 0.000202421 2.72532 0.0263276 -68.5074 0 0 0 0 0 0 0 0 0 0 13396
0 0 0.0368902 0.363226 0.426566 85.5239 0.00299004 0.000198985 2.89436 0.0258215 -70.0484 0 0 0 0 0 0 0 0 0 0 13447
0 0 0.0368902 0.363226 0.426566 85.5239 0.00299004 0.000198985 2.89436 0.0258215 -70.0484 0 0 0 0 0 0 0 0 0 0 13497
0 0 0.032971 0.351898 0.42717 83.0993 0.00288594 0.000222479 2.49688 0.0284869 -68.7747 0 0 0 0 0 0 0 0 0 0 13549
0 0 0.0153872 0.300447 0.427438 72.2043 0.00219442 0.000387578 1.31705 0.0473535 -65.4846 0 0 0 0 0 0 0 0 0 0 13602
0 0 0.0154889 0.302302 0.43056 50.7317 0.00276289 0.000381966 0.958559 0.0469019 -54.9311 0 0 0 0 0 0 0 0 0 0 13653
0 0 0.0126443 0.288722 0.438909 15.2193 0.00361438 0.000452985 0.454372 0.0555867 -36.4752 0 0 0 0 0 0 0 0 0 0 13706
0 0 0.0104171 0.272862 0.453547 4.40697 0.00426535 0.000572274 0.227705 0.0700186 -22.5616 0 0 0 0 0 0 0 0 0 0 13757
0 0 0.00829421 0.246301 0.51413 1.21571 0.0044245 0.000931901 0.0861685 0.115942 -10.2229 0 0 0 0 0 0 0 0 0 0 13807
0 0 0.00927598 0.232593 0.626164 0.734597 0.00458878 0.00139248 0.0381679 0.184206 -2.22025 0 0 0 0 0 0 0 0 0 0 13860
0 0 0.00927598 0.232593 0.626164 0.734597 0.00458878 0.00139248 0.0381679 0.184206 -2.22025 0 0 0 0 0 0 0 0 0 0 13911
0 0 0.0146951 0.218993 0.924265 2.7284 0.0040172 0.00255866 0.0150653 0.384824 -2.44584 0 0 0 0 0 0 0 0 0 0 13961
0 0 0.0147567 0.222184 0.893393 2.53943 0.00430519 0.00235395 0.0158368 0.351663 -0.539894 0 0 0 0 0 0 0 0 0 0 14017
0 0 0.0111734 0.22122 0.773992 1.45073 0.00450514 0.00207571 0.0187759 0.292721 0 0 0 0 0 0 0 0 0 0 0 14068
0 0 0.00827142 0.223228 0.647754 0.728541 0.00469724 0.00166979 0.0265945 0.219765 0 0 0 0 0 0 0 0 0 0 0 14118
0 0 0.00827142 0.223228 0.647754 0.728541 0.00469724 0.00166979 0.0265945 0.219765 0 0 0 0 0 0 0 0 0 0 0 14169
0 0 0.0056013 0.223827 0.520738 0.312777 0.00498075 0.00132864 0.0370128 0.161546 0 0 0 0 0 0 0 0 0 0 0 14220
0 0 0.00447694 0.220449 0.478099 0.211354 0.00526265 0.00128622 0.0360387 0.150882 0 0 0 0 0 0 0 0 0 0 0 14272
0 0 0.00447694 0.220449 0.478099 0.211354 0.00526265 0.00128622 0.0360387 0.150882 0 0 0 0 0 0 0 0 0 0 0 14325
0 0 0.00359909 0.215591 0.447637 0.150851 0.00511979 0.0013039 0.0365931 0.148327 0 0 0 0 0 0 0 0 0 0 0 14375
0 0 0.0029621 0.209646 0.432046 0.133697 0.00484644 0.00138421 0.0353093 0.15429 0 0 0 0 0 0 0 0 0 0 0 14427
0 0 0.00303311 0.211659 0.428024 0.143069 0.00489828 0.00132528 0.0380328 0.147934 0 0 0 0 0 0 0 0 0 0 0 14480
0 0 0.00313913 0.213244 0.426677 0.167357 0.0047663 0.00128603 0.0411926 0.144375 0 0 0 0 0 0 0 0 0 0 0 14532
0 0 0.00309215 0.21242 0.426033 0.19559 0.0044728 0.00130268 0.0431971 0.147641 0 0 0 0 0 0 0 0 0 0 0 14584
0 0 0.00294811 0.210006 0.425815 0.680276 0.00326068 0.00135523 0.0648502 0.152399 -7.56332 0 0 0 0 0 0 0 0 0 0 14637
0 0 0.00276631 0.20675 0.425212 8.8267 0.00171486 0.0014314 0.155916 0.15835 -37.7876 0 0 0 0 0 0 0 0 0 0 14688
0 0 0.00276631 0.20675 0.425212 8.8267 0.00171486 0.0014314 0.155916 0.15835 -37.7876 0 0 0 0 0 0 0 0 0 0 14741
0 0 0.00260537 0.203342 0.424191 17.2434 0.00136773 0.00151799 0.193655 0.16756 -47.0313 0 0 0 0 0 0 0 0 0 0 14791
0 0 0.00264271 0.203692 0.422844 35.389 0.00110296 0.00150977 0.267818 0.165906 -58.3553 0 0 0 0 0 0 0 0 0 0 14845
0 0 0.00259888 0.200788 0.419463 40.7007 0.00101712 0.00158837 0.275078 0.172717 -61.9477 0 0 0 0 0 0 0 0 0 0 14895
0 0 0.0027179 0.198977 0.417873 39.9468 0.00100179 0.00164061 0.254484 0.177606 -63.4443 0 0 0 0 0 0 0 0 0 0 14945
0 0 0.0026081 0.195633 0.411917 40.9181 0.000953929 0.00173956 0.248133 0.186614 -64.4084 0 0 0 0 0 0 0 0 0 0 14996
0 0 0.0026081 0.195633 0.411917 40.9181 0.000953929 0.00173956 0.248133 0.186614 -64.4084 0 0 0 0 0 0 0 0 0 0 15050
0 0 0.0023669 0.194713 0.414847 42.8652 0.000922311 0.0017677 0.262343 0.189598 -63.8945 0 0 0 0 0 0 0 0 0 0 15103
0 0 0.00220923 0.19413 0.418433 43.3286 0.000913337 0.00178558 0.26777 0.191059 -63.3027 0 0 0 0 0 0 0 0 0 0 15155
0 0 0.00213157 0.194145 0.418481 44.7182 0.00090573 0.00178565 0.274509 0.190599 -63.4741 0 0 0 0 0 0 0 0 0 0 15207
0 0 0.00208403 0.194307 0.422592 44.5751 0.000908685 0.00177967 0.276499 0.19013 -63.1611 0 0 0 0 0 0 0 0 0 0 15257
0 0 0.00206963 0.194217 0.42436 46.2355 0.000894067 0.00178209 0.283351 0.190332 -63.8472 0 0 0 0 0 0 0 0 0 0 15311
0 0 0.00207756 0.194538 0.425576 47.3929 0.000890578 0.00177162 0.290905 0.189356 -64.2823 0 0 0 0 0 0 0 0 0 0 15363
0 0 0.002066 0.194493 0.425852 47.6426 0.000888836 0.0017725 0.292977 0.189636 -64.4028 0 0 0 0 0 0 0 0 0 0 15413
0 0 0.00205698 0.194534 0.425939 46.8671 0.00089785 0.00177115 0.292112 0.189847 -64.0772 0 0 0 0 0 0 0 0 0 0 15465
0 0 0.00207613 0.195134 0.426234 45.9682 0.000917601 0.00175249 0.29461 0.188619 -63.6579 0 0 0 0 0 0 0 0 0 0 15516
0 0 0.00207613 0.195134 0.426234 45.9682 0.000917601 0.00175249 0.29461 0.188619 -63.6579 0 0 0 0 0 0 0 0 0 0 15566
0 0 0.00208937 0.196197 0.426474 46.6166 0.000930615 0.00172042 0.309648 0.18716 -63.9591 0 0 0 0 0 0 0 0 0 0 15617
0 0 0.00227901 0.200074 0.426682 48.8517 0.000959973 0.00160722 0.335446 0.175749 -64.4732 0 0 0 0 0 0 0 0 0 0 15670
0 0 0.0026317 0.206825 0.42692 49.7332 0.0010422 0.00143138 0.372708 0.158332 -64.0867 0 0 0 0 0 0 0 0 0 0 15722
0 0 0.00323196 0.216824 0.427391 50.8328 0.0011724 0.00121491 0.432249 0.136797 -63.4785 0 0 0 0 0 0 0 0 0 0 15775
0 0 0.00445637 0.233868 0.426745 55.6198 0.0013777 0.000931699 0.580258 0.10819 -63.9144 0 0 0 0 0 0 0 0 0 0 15829
0 0 0.00807908 0.267848 0.426121 66.5053 0.00177656 0.000579476 0.995392 0.0706989 -65.8673 0 0 0 0 0 0 0 0 0 0 15882
0 0 0.00943674 0.278872 0.425759 68.4545 0.0019629 0.000503512 1.19913 0.0631288 -66.147 0 0 0 0 0 0 0 0 0 0 15936
0 0 0.0223871 0.338511 0.425138 79.6119 0.00286077 0.00025553 2.44182 0.0339933 -68.0061 0 0 0 0 0 0 0 0 0 0 15986
0 0 0.0223871 0.338511 0.425138 79.6119 0.00286077 0.00025553 2.44182 0.0339933 -68.0061 0 0 0 0 0 0 0 0 0 0 16039
0 0 0.068383 0.436393 0.423879 89.7691 0.00468658 0.000105054 6.34834 0.01526 -71.0791 0 0 0 0 0 0 0 0 0 0 16088
0 0 0.208263 0.558468 0.424212 94.2994 0.00768251 4.44145e-05 13.5706 0.006873 -71.9581 0 0 0 0 0 0 0 0 0 0 16138
0 0 0.19178 0.550219 0.423503 93.6786 0.00758428 4.6851e-05 13.0118 0.00730838 -71.2734 0 0 0 0 0 0 0 0 0 0 16190
0 0 0.177915 0.54678 0.424039 92.8655 0.00775915 4.80401e-05 13.2283 0.00770579 -70.4069 0 0 0 0 0 0 0 0 0 0 16242
0 0 0.266726 0.604306 0.424428 94.7473 0.00953135 3.39525e-05 19.2774 0.00572298 -71.9885 0 0 0 0 0 0 0 0 0 0 16291
0 0 0.266726 0.604306 0.424428 94.7473 0.00953135 3.39525e-05 19.2774 0.00572298 -71.9885 0 0 0 0 0 0 0 0 0 0 16343
0 0 0.323959 0.628814 0.42438 94.9471 0.0104226 2.95499e-05 20.638 0.00498457 -71.295 0 0 0 0 0 0 0 0 0 0 16393
0 0 0.276537 0.61057 0.425258 93.9955 0.0101741 3.29994e-05 18.8418 0.00554819 -70.178 0 0 0 0 0 0 0 0 0 0 16446
0 0 0.269414 0.610381 0.425512 93.3821 0.0104122 3.3384e-05 18.4653 0.00563039 -69.1901 0 0 0 0 0 0 0 0 0 0 16497
0 0 0.271461 0.618013 0.425711 93.3109 0.0108861 3.25652e-05 19.4302 0.00555277 -69.1342 0 0 0 0 0 0 0 0 0 0 16549
0 0 0.174785 0.562279 0.425856 89.4083 0.00944722 4.58683e-05 13.5871 0.00762502 -65.9371 0 0 0 0 0 0 0 0 0 0 16604
0 0 0.122806 0.531529 0.425921 83.2024 0.0091716 5.82393e-05 10.6985 0.00974866 -62.1169 0 0 0 0 0 0 0 0 0 0 16658
0 0 0.0833183 0.496036 0.425909 75.6466 0.00870916 7.48941e-05 8.7721 0.0128012 -59.3301 0 0 0 0 0 0 0 0 0 0 16709
0 0 0.0441413 0.434435 0.425642 65.7785 0.00678898 0.000121453 5.52644 0.0201841 -57.5349 0 0 0 0 0 0 0 0 0 0 16761
0 0 0.0441413 0.434435 0.425642 65.7785 0.00678898 0.000121453 5.52644 0.0201841 -57.5349 0 0 0 0 0 0 0 0 0 0 16814
0 0 0.0257533 0.398259 0.42526 68.706 0.00504739 0.000178504 4.79359 0.0295291 -62.2458 0 0 0 0 0 0 0 0 0 0 16865
0 0 0.0257533 0.398259 0.42526 68.706 0.00504739 0.000178504 4.79359 0.0295291 -62.2458 0 0 0 0 0 0 0 0 0 0 16919
0 0 0.0225253 0.405354 0.425226 66.4735 0.00489182 0.000195294 4.50283 0.0323816 -61.9316 0 0 0 0 0 0 0 0 0 0 16970
0 0 0.0273294 0.419877 0.424932 69.3696 0.00474223 0.000182264 4.05197 0.0285549 -61.8727 0 0 0 0 0 0 0 0 0 0 17022
0 0 0.0411906 0.470148 0.424825 68.6023 0.0056164 0.000140519 4.16479 0.0214613 -58.8355 0 0 0 0 0 0 0 0 0 0 17073
0 0 0.0419897 0.475998 0.4253 62.9604 0.00603791 0.000137786 3.92059 0.0211612 -55.9181 0 0 0 0 0 0 0 0 0 0 17125
0 0 0.0471273 0.477604 0.425249 45.4496 0.00707548 0.000132835 2.77227 0.019662 -46.9474 0 0 0 0 0 0 0 0 0 0 17176
0 0 0.0471273 0.477604 0.425249 45.4496 0.00707548 0.000132835 2.77227 0.019662 -46.9474 0 0 0 0 0 0 0 0 0 0 17228
0 0 0.067244 0.476395 0.426242 32.4116 0.00924617 0.000105202 2.43622 0.0154072 -38.4806 0 0 0 0 0 0 0 0 0 0 17278
0 0 0.0593696 0.446545 0.427655 14.9309 0.0101946 0.000120336 1.42477 0.0170844 -27.6488 0 0 0 0 0 0 0 0 0 0 17331
0 0 0.0482594 0.416356 0.429341 5.36553 0.0112646 0.000146145 0.786488 0.0201295 -16.0305 0 0 0 0 0 0 0 0 0 0 17382
0 0 0.0360265 0.381968 0.432078 2.42042 0.0111857 0.000187936 0.475704 0.0253212 -8.37778 0 0 0 0 0 0 0 0 0 0 17434
0 0 0.03069 0.361035 0.435454 1.29976 0.011541 0.000219112 0.32798 0.0288314 -2.19227 0 0 0 0 0 0 0 0 0 0 17485
0 0 0.0180215 0.314867 0.437057 0.634736 0.00965043 0.000346052 0.176913 0.0436847 0 0 0 0 0 0 0 0 0 0 0 17535
0 0 0.0180215 0.314867 0.437057 0.634736 0.00965043 0.000346052 0.176913 0.0436847 0 0 0 0 0 0 0 0 0 0 0 17587
0 0 0.0116191 0.282672 0.436831 0.380671 0.00836124 0.000500904 0.109612 0.0610973 0 0 0 0 0 0 0 0 0 0 0 17640
0 0 0.0076724 0.256148 0.437699 0.312112 0.00717608 0.00070521 0.0724292 0.0832703 0 0 0 0 0 0 0 0 0 0 0 17693
0 0 0.00552966 0.236873 0.441102 0.26896 0.00634276 0.000932914 0.0515333 0.107498 0 0 0 0 0 0 0 0 0 0 0 17747
0 0 0.00436202 0.225029 0.439693 0.30309 0.00585419 0.00110735 0.041405 0.125136 0 0 0 0 0 0 0 0 0 0 0 17798
0 0 0.00356703 0.215592 0.438337 0.355521 0.00545841 0.00127856 0.0348013 0.142365 0 0 0 0 0 0 0 0 0 0 0 17852
0 0 0.00300262 0.207316 0.4366 0.577652 0.00511705 0.00145749 0.0295416 0.160173 0 0 0 0 0 0 0 0 0 0 0 17902
0 0 0.00268945 0.200403 0.428973 0.681634 0.00483715 0.00162201 0.0258423 0.17541 0 0 0 0 0 0 0 0 0 0 0 17953
0 0 0.00268945 0.200403 0.428973 0.681634 0.00483715 0.00162201 0.0258423 0.17541 0 0 0 0 0 0 0 0 0 0 0 18003
0 0 0.00254553 0.196531 0.422376 0.78488 0.00469372 0.00172651 0.023656 0.185505 0 0 0 0 0 0 0 0 0 0 0 18056
0 0 0.00237195 0.194409 0.411477 0.846514 0.00462677 0.00178953 0.0223856 0.191731 0 0 0 0 0 0 0 0 0 0 0 18105
0 0 0.0023513 0.193443 0.399271 0.584092 0.00458823 0.00181716 0.0222311 0.193801 0 0 0 0 0 0 0 0 0 0 0 18156
0 0 0.00234375 0.193025 0.387186 0.589286 0.00455192 0.00182984 0.0225323 0.193892 0 0 0 0 0 0 0 0 0 0 0 18208
0 0 0.00238568 0.192847 0.372254 0.607001 0.00453792 0.00183625 0.0225582 0.194111 0 0 0 0 0 0 0 0 0 0 0 18258
0 0 0.00244506 0.192763 0.355507 0.497917 0.00453311 0.00183995 0.0225192 0.194489 0 0 0 0 0 0 0 0 0 0 0 18310
0 0 0.00250582 0.192722 0.344892 0.417755 0.00451631 0.00184162 0.0224449 0.194651 0 0 0 0 0 0 0 0 0 0 0 18363
0 0 0.00257634 0.192776 0.333833 0.418871 0.00448755 0.00184225 0.0222215 0.194522 0 0 0 0 0 0 0 0 0 0 0 18416
0 0 0.00257634 0.192776 0.333833 0.418871 0.00448755 0.00184225 0.0222215 0.194522 0 0 0 0 0 0 0 0 0 0 0 18469
0 0 0.00248711 0.192728 0.344204 0.321529 0.00444068 0.00184811 0.0225983 0.195298 0 0 0 0 0 0 0 0 0 0 0 18521
0 0 0.00244818 0.192732 0.350051 0.202393 0.00438659 0.0018537 0.0228537 0.196029 0 0 0 0 0 0 0 0 0 0 0 18571
0 0 0.00233985 0.192626 0.36666 0.14471 0.00423667 0.00186052 0.0245207 0.196823 0 0 0 0 0 0 0 0 0 0 0 18624
0 0 0.0022235 0.19256 0.386967 0.128466 0.0041506 0.0018704 0.0255808 0.197766 0 0 0 0 0 0 0 0 0 0 0 18675
0 0 0.00221347 0.192543 0.391458 0.138217 0.0039878 0.0018918 0.0268275 0.201002 0 0 0 0 0 0 0 0 0 0 0 18728
0 0 0.00216729 0.192318 0.402021 0.206841 0.00362567 0.00190866 0.0307428 0.202837 0 0 0 0 0 0 0 0 0 0 0 18779
0 0 0.00227325 0.192017 0.388976 0.298343 0.00332055 0.00193356 0.033656 0.205404 -1.35119 0 0 0 0 0 0 0 0 0 0 18831
0 0 0.00227325 0.192017 0.388976 0.298343 0.00332055 0.00193356 0.033656 0.205404 -1.35119 0 0 0 0 0 0 0 0 0 0 18884
0 0 0.00226115 0.191666 0.404737 0.4737 0.00297615 0.00197255 0.0386465 0.210231 -6.35938 0 0 0 0 0 0 0 0 0 0 18937
0 0 0.0024148 0.191274 0.417164 0.416399 0.00306272 0.00203953 0.0350101 0.218794 -4.87685 0 0 0 0 0 0 0 0 0 0 18993
0 0 0.0025796 0.191488 0.431409 0.306276 0.00329478 0.00209325 0.0298099 0.227332 -1.46912 0 0 0 0 0 0 0 0 0 0 19042
0 0 0.00275121 0.191554 0.454669 0.209102 0.00360362 0.0021319 0.0255419 0.233208 0 0 0 0 0 0 0 0 0 0 0 19094
0 0 0.00329068 0.191796 0.49279 0.175133 0.00385265 0.00226629 0.0206645 0.254284 0 0 0 0 0 0 0 0 0 0 0 19144
0 0 0.00347062 0.192192 0.518362 0.189609 0.00408343 0.00229573 0.0186377 0.260078 0 0 0 0 0 0 0 0 0 0 0 19194
0 0 0.00348833 0.19264 0.517664 0.172174 0.00417147 0.00221592 0.0193226 0.249169 0 0 0 0 0 0 0 0 0 0 0 19246
0 0 0.00348833 0.19264 0.517664 0.172174 0.00417147 0.00221592 0.0193226 0.249169 0 0 0 0 0 0 0 0 0 0 0 19299
0 0 0.003756 0.193823 0.534907 0.184054 0.00426879 0.00219868 0.0188738 0.249602 0 0 0 0 0 0 0 0 0 0 0 19353
0 0 0.00374093 0.195637 0.539621 0.171763 0.00444868 0.00207311 0.0199613 0.234166 0 0 0 0 0 0 0 0 0 0 0 19408
0 0 0.00387 0.195768 0.549776 0.163629 0.00445919 0.00203731 0.0207338 0.228873 0 0 0 0 0 0 0 0 0 0 0 19462
0 0 0.00389518 0.197178 0.531608 0.16134 0.00460335 0.00196678 0.0209859 0.220241 0 0 0 0 0 0 0 0 0 0 0 19513
0 0 0.00355746 0.198122 0.521218 0.162437 0.00468023 0.00192988 0.0211738 0.216162 0 0 0 0 0 0 0 0 0 0 0 19565
0 0 0.00351366 0.199627 0.520755 0.174903 0.00477609 0.00190281 0.0210829 0.214623 0 0 0 0 0 0 0 0 0 0 0 19620
0 0 0.00351366 0.199627 0.520755 0.174903 0.00477609 0.00190281 0.0210829 0.214623 0 0 0 0 0 0 0 0 0 0 0 19672
0 0 0.00384074 0.200829 0.558805 0.238795 0.0048773 0.00200741 0.0183914 0.233456 0 0 0 0 0 0 0 0 0 0 0 19723
0 0 0.00384074 0.200829 0.558805 0.238795 0.0048773 0.00200741 0.0183914 0.233456 0 0 0 0 0 0 0 0 0 0 0 19775
0 0 0.00439285 0.202645 0.588554 0.31982 0.00496277 0.00208143 0.0167034 0.249221 0 0 0 0 0 0 0 0 0 0 0 19827
0 0 0.00423624 0.199851 0.594773 0.326595 0.00483938 0.00223065 0.0149676 0.268062 0 0 0 0 0 0 0 0 0 0 0 19878
0 0 0.00436192 0.198268 0.614097 0.366376 0.00476668 0.00238515 0.0137607 0.290047 0 0 0 0 0 0 0 0 0 0 0 19927
0 0 0.0043455 0.196979 0.622509 0.379345 0.00470227 0.002486 0.013029 0.303614 0 0 0 0 0 0 0 0 0 0 0 19978
0 0 0.0043455 0.196979 0.622509 0.379345 0.00470227 0.002486 0.013029 0.303614 0 0 0 0 0 0 0 0 0 0 0 20029
0 0 0.00380475 0.195685 0.589743 0.29887 0.00463373 0.00242179 0.0139321 0.289569 0 0 0 0 0 0 0 0 0 0 0 20080
0 0 0.00639905 0.195363 0.603512 0.921848 0.00459673 0.00250832 0.0131684 0.302645 0 0 0 0 0 0 0 0 0 0 0 20130
0 0 0.0135416 0.195029 0.745054 4.51782 0.00454966 0.00313949 0.00879487 0.410504 -5.05821 0 0 0 0 0 0 0 0 0 0 20181
0 0 0.0176952 0.194781 0.871908 7.844 0.00450054 0.00370855 0.00651478 0.515998 -7.89687 0 0 0 0 0 0 0 0 0 0 20233
0 0 0.0150346 0.194813 0.942713 5.72495 0.00444864 0.00404159 0.00559325 0.581381 -6.2636 0 0 0 0 0 0 0 0 0 0 20283
0 0 0.0150346 0.194813 0.942713 5.72495 0.00444864 0.00404159 0.00559325 0.581381 -6.2636 0 0 0 0 0 0 0 0 0 0 20334
0 0 0.0106043 0.195318 0.808551 2.81339 0.00441359 0.00347771 0.00739589 0.474043 -2.67802 0 0 0 0 0 0 0 0 0 0 20384
0 0 0.00756834 0.196234 0.846713 1.38891 0.00437791 0.00364791 0.00678474 0.508236 0 0 0 0 0 0 0 0 0 0 0 20434
0 0 0.00670621 0.198336 0.674077 1.07509 0.0043104 0.00290077 0.0103236 0.37466 0 0 0 0 0 0 0 0 0 0 0 20484
0 0 0.0102817 0.205198 0.654708 2.64291 0.00419904 0.00281732 0.010889 0.365526 -2.36205 0 0 0 0 0 0 0 0 0 0 20535
0 0 0.0125572 0.210967 0.558561 3.99956 0.00398223 0.00240225 0.0145824 0.303118 -4.42659 0 0 0 0 0 0 0 0 0 0 20585
0 0 0.0131412 0.224098 0.551143 4.38616 0.00374302 0.00237119 0.0149293 0.308969 -4.89828 0 0 0 0 0 0 0 0 0 0 20637
0 0 0.0165542 0.228936 0.511223 6.98421 0.0035034 0.00219952 0.0170562 0.289987 -7.35821 0 0 0 0 0 0 0 0 0 0 20687
0 0 0.0165542 0.228936 0.511223 6.98421 0.0035034 0.00219952 0.0170562 0.289987 -7.35821 0 0 0 0 0 0 0 0 0 0 20738
0 0 0.023303 0.22568 0.483996 13.445 0.00343797 0.00208623 0.018285 0.272768 -11.4171 0 0 0 0 0 0 0 0 0 0 20788
0 0 0.0269293 0.224866 0.459932 17.3169 0.00357225 0.00199133 0.0176346 0.250058 -15.3696 0 0 0 0 0 0 0 0 0 0 20838
0 0 0.0374318 0.217178 0.459726 29.028 0.00365453 0.00201641 0.0123712 0.250973 -25.4613 0 0 0 0 0 0 0 0 0 0 20889
0 0 0.038678 0.21371 0.454831 28.9895 0.0038409 0.00205583 0.00950048 0.250181 -30.1798 0 0 0 0 0 0 0 0 0 0 20939
0 0 0.0480438 0.208064 0.459516 34.3325 0.00402462 0.00229632 0.00687683 0.283244 -33.8515 0 0 0 0 0 0 0 0 0 0 20989
0 0 0.052661 0.206671 0.373576 28.8212 0.004147 0.00228484 0.0055996 0.276459 -37.0696 0 0 0 0 0 0 0 0 0 0 21040
