0 0 0.00248991 0.199111 0.393869 0.108462 0.0404929 0.00182522 0.0226595 0.193901 0 0 0 0 0 0 0 0 0 0 0 1351
0 0 0.00232147 0.198629 0.403944 0.098757 0.0368566 0.00182502 0.0233203 0.194061 0 0 0 0 0 0 0 0 0 0 0 1401
0 0 0.00227937 0.200754 0.406573 0.0960911 0.0328909 0.00182788 0.0237434 0.19442 0 0 0 0 0 0 0 0 0 0 0 1453
0 0 0.00219283 0.201996 0.41449 0.0917966 0.0235318 0.00182854 0.0239325 0.194573 0 0 0 0 0 0 0 0 0 0 0 1504
0 0 0.00215632 0.201678 0.418903 0.0897565 0.0175665 0.00182874 0.0240486 0.194541 0 0 0 0 0 0 0 0 0 0 0 1555
0 0 0.00211281 0.201105 0.421252 0.086811 0.0120821 0.00182914 0.0239762 0.194283 0 0 0 0 0 0 0 0 0 0 0 1606
0 0 0.00203953 0.199705 0.42766 0.0873506 0.00647024 0.00182946 0.0240794 0.194029 0 0 0 0 0 0 0 0 0 0 0 1659
0 0 0.00202459 0.199591 0.43043 0.0877357 0.00556116 0.0018298 0.0240828 0.193826 0 0 0 0 0 0 0 0 0 0 0 1712
0 0 0.00200677 0.197898 0.432565 0.0879536 0.00502977 0.00183059 0.024129 0.193798 0 0 0 0 0 0 0 0 0 0 0 1762
0 0 0.00200164 0.197345 0.434373 0.0891892 0.00486445 0.0018312 0.0241007 0.193896 0 0 0 0 0 0 0 0 0 0 0 1813
0 0 0.00200197 0.195758 0.436764 0.0915855 0.00474066 0.00183117 0.0241097 0.193977 0 0 0 0 0 0 0 0 0 0 0 1864
0 0 0.00201251 0.19481 0.434995 0.0912559 0.00469084 0.00183159 0.0240072 0.193991 0 0 0 0 0 0 0 0 0 0 0 1919
0 0 0.00202274 0.193732 0.429378 0.0879809 0.00466805 0.0018308 0.0239185 0.194005 0 0 0 0 0 0 0 0 0 0 0 1969
0 0 0.00202274 0.193732 0.429378 0.0879809 0.00466805 0.0018308 0.0239185 0.194005 0 0 0 0 0 0 0 0 0 0 0 2020
0 0 0.00206255 0.193222 0.420173 0.086551 0.00468298 0.00183105 0.0238329 0.194453 0 0 0 0 0 0 0 0 0 0 0 2070
0 0 0.00206664 0.193126 0.418746 0.0856544 0.00468487 0.00183079 0.023814 0.194436 0 0 0 0 0 0 0 0 0 0 0 2120
0 0 0.00209701 0.192995 0.412424 0.0850291 0.00470685 0.00183081 0.0236487 0.194607 0 0 0 0 0 0 0 0 0 0 0 2171
0 0 0.00218986 0.192959 0.392797 0.0909407 0.00471757 0.00183065 0.0234332 0.195013 0 0 0 0 0 0 0 0 0 0 0 2222
0 0 0.00223793 0.192911 0.383821 0.0937669 0.00471455 0.00183052 0.0232203 0.194998 0 0 0 0 0 0 0 0 0 0 0 2273
0 0 0.00232067 0.192893 0.370011 0.0986729 0.00473341 0.0018315 0.0228665 0.195234 0 0 0 0 0 0 0 0 0 0 0 2325
0 0 0.00230258 0.192874 0.372076 0.0976306 0.00474013 0.00183194 0.0228999 0.195396 0 0 0 0 0 0 0 0 0 0 0 2376
0 0 0.00223411 0.19286 0.382056 0.0938238 0.00469033 0.00183434 0.0230206 0.195398 0 0 0 0 0 0 0 0 0 0 0 2427
0 0 0.00218874 0.192866 0.389607 0.0912134 0.0046818 0.00183662 0.0230822 0.195692 0 0 0 0 0 0 0 0 0 0 0 2479
0 0 0.00215651 0.192864 0.396803 0.089167 0.00468497 0.00184182 0.0229739 0.196358 0 0 0 0 0 0 0 0 0 0 0 2530
0 0 0.00114251 0.192919 0.367733 7.54432 0.00219423 0.00182925 0.48326 0.298016 -46.0788 0 0 0 0 0 0 0 0 0 0 5946
0 0 0.00141518 0.192833 0.335638 10.4901 0.00190108 0.00182927 0.417938 0.277277 -49.5445 0 0 0 0 0 0 0 0 0 0 5996
0 0 0.00188204 0.192725 0.291678 11.6476 0.00174066 0.00182945 0.313358 0.254981 -50.4194 0 0 0 0 0 0 0 0 0 0 6050
0 0 0.00226831 0.192725 0.26311 10.0291 0.00174929 0.0018295 0.241656 0.242594 -48.3742 0 0 0 0 0 0 0 0 0 0 6101
0 0 0.00224974 0.192729 0.291671 7.92033 0.00177826 0.0018296 0.188878 0.229273 -43.7604 0 0 0 0 0 0 0 0 0 0 6153
0 0 0.00224997 0.192734 0.297712 5.97326 0.00188698 0.00182967 0.164113 0.226372 -39.996 0 0 0 0 0 0 0 0 0 0 6205
0 0 0.0024622 0.192733 0.292933 3.04974 0.00215249 0.00182996 0.110932 0.217159 -31.5149 0 0 0 0 0 0 0 0 0 0 6258
0 0 0.00233772 0.192733 0.324502 1.66761 0.00243155 0.00183008 0.0835983 0.210786 -23.3411 0 0 0 0 0 0 0 0 0 0 6309
0 0 0.00233772 0.192733 0.324502 1.66761 0.00243155 0.00183008 0.0835983 0.210786 -23.3411 0 0 0 0 0 0 0 0 0 0 6362
0 0 0.0021599 0.192728 0.353495 0.615789 0.00306657 0.00183037 0.0596657 0.21003 -11.3613 0 0 0 0 0 0 0 0 0 0 6415
0 0 0.00207406 0.192724 0.367757 0.481984 0.00324538 0.00183066 0.0557443 0.210447 -8.36414 0 0 0 0 0 0 0 0 0 0 6465
0 0 0.00207406 0.192724 0.367757 0.481984 0.00324538 0.00183066 0.0557443 0.210447 -8.36414 0 0 0 0 0 0 0 0 0 0 6521
0 0 0.00201331 0.192719 0.380083 0.417325 0.00333021 0.00183005 0.0531944 0.209779 -6.46351 0 0 0 0 0 0 0 0 0 0 6572
0 0 0.00191922 0.192725 0.384845 0.284718 0.00370196 0.00182974 0.050304 0.214467 -2.46307 0 0 0 0 0 0 0 0 0 0 6623
0 0 0.00181357 0.192729 0.399284 0.260261 0.00380809 0.00182966 0.0511676 0.216624 -1.36716 0 0 0 0 0 0 0 0 0 0 6679
0 0 0.00176703 0.192727 0.404107 0.270092 0.00380695 0.00182955 0.0536755 0.218657 -1.87521 0 0 0 0 0 0 0 0 0 0 6731
0 0 0.00170743 0.19272 0.40232 0.249804 0.00395699 0.0018296 0.0561034 0.223506 -1.38106 0 0 0 0 0 0 0 0 0 0 6784
0 0 0.001671 0.192723 0.400944 0.204562 0.00419582 0.00182976 0.0548177 0.226578 0 0 0 0 0 0 0 0 0 0 0 6834
0 0 0.001671 0.192723 0.400944 0.204562 0.00419582 0.00182976 0.0548177 0.226578 0 0 0 0 0 0 0 0 0 0 0 6884
0 0 0.00168381 0.192717 0.395743 0.195847 0.00424272 0.0018298 0.0541086 0.226931 0 0 0 0 0 0 0 0 0 0 0 6935
0 0 0.00170765 0.192711 0.395544 0.165266 0.00440378 0.00182977 0.0494814 0.225076 0 0 0 0 0 0 0 0 0 0 0 6987
0 0 0.00174691 0.192708 0.394193 0.149818 0.00445155 0.00182982 0.0457833 0.22221 0 0 0 0 0 0 0 0 0 0 0 7038
0 0 0.00175864 0.192707 0.394764 0.145417 0.00444818 0.00182984 0.0444173 0.220739 0 0 0 0 0 0 0 0 0 0 0 7090
0 0 0.0018564 0.192702 0.397636 0.161162 0.0041815 0.00183043 0.0405401 0.212317 0 0 0 0 0 0 0 0 0 0 0 7141
0 0 0.00186814 0.192701 0.394867 0.162058 0.00416938 0.00183082 0.0405788 0.21243 0 0 0 0 0 0 0 0 0 0 0 7194
0 0 0.00187997 0.1927 0.394448 0.172737 0.00409831 0.00183104 0.0410359 0.211814 0 0 0 0 0 0 0 0 0 0 0 7243
0 0 0.00194677 0.192706 0.397479 0.202878 0.00385869 0.00183162 0.0399841 0.206673 0 0 0 0 0 0 0 0 0 0 0 7296
0 0 0.00195906 0.192711 0.396266 0.219701 0.00378026 0.00183161 0.0408265 0.20631 0 0 0 0 0 0 0 0 0 0 0 7351
0 0 0.00196259 0.192712 0.400437 0.216799 0.00376761 0.00183159 0.0397846 0.204768 0 0 0 0 0 0 0 0 0 0 0 7402
0 0 0.00194335 0.192718 0.405462 0.244664 0.0036495 0.00183245 0.0415699 0.204839 0 0 0 0 0 0 0 0 0 0 0 7453
0 0 0.00193658 0.192726 0.407085 0.190776 0.00386596 0.00183298 0.0381432 0.204889 0 0 0 0 0 0 0 0 0 0 0 7509
0 0 0.00194522 0.192729 0.406784 0.185007 0.00389373 0.00183314 0.0375623 0.20466 0 0 0 0 0 0 0 0 0 0 0 7562
0 0 0.00194697 0.192736 0.408247 0.158165 0.0040353 0.00183355 0.0353658 0.204396 0 0 0 0 0 0 0 0 0 0 0 7615
0 0 0.00195559 0.192743 0.406828 0.139239 0.0041571 0.00183399 0.0337783 0.204467 0 0 0 0 0 0 0 0 0 0 0 7666
0 0 0.00198808 0.192755 0.404891 0.127902 0.0042219 0.00183311 0.0321293 0.20319 0 0 0 0 0 0 0 0 0 0 0 7717
0 0 0.00200468 0.192768 0.405555 0.117125 0.00428575 0.00183165 0.0305505 0.201543 0 0 0 0 0 0 0 0 0 0 0 7769
0 0 0.00199219 0.19279 0.413463 0.107961 0.00434571 0.0018301 0.0293275 0.200053 0 0 0 0 0 0 0 0 0 0 0 7821
0 0 0.00199658 0.192805 0.417235 0.103173 0.00437394 0.00182966 0.0284862 0.199005 0 0 0 0 0 0 0 0 0 0 0 7871
0 0 0.00200366 0.192829 0.419084 0.0974708 0.00442453 0.00182949 0.0277597 0.198586 0 0 0 0 0 0 0 0 0 0 0 7923
0 0 0.00200124 0.192841 0.422424 0.095381 0.00444158 0.00182933 0.0273285 0.197958 0 0 0 0 0 0 0 0 0 0 0 7974
0 0 0.00200449 0.192874 0.432264 0.100312 0.0044419 0.00182921 0.0263549 0.19618 0 0 0 0 0 0 0 0 0 0 0 8027
0 0 0.00199336 0.19289 0.439058 0.103835 0.00445198 0.00182919 0.0261634 0.195884 0 0 0 0 0 0 0 0 0 0 0 8077
0 0 0.00197885 0.192908 0.445832 0.105819 0.00446286 0.00182918 0.0259045 0.195415 0 0 0 0 0 0 0 0 0 0 0 8128
0 0 0.00196878 0.192932 0.44959 0.10624 0.00447386 0.0018292 0.025738 0.195153 0 0 0 0 0 0 0 0 0 0 0 8178
0 0 0.00196878 0.192932 0.44959 0.10624 0.00447386 0.0018292 0.025738 0.195153 0 0 0 0 0 0 0 0 0 0 0 8229
0 0 0.00196223 0.19296 0.455793 0.11026 0.00450293 0.00182926 0.0254918 0.195025 0 0 0 0 0 0 0 0 0 0 0 8280
0 0 0.00196566 0.192966 0.463304 0.116225 0.00452795 0.00182952 0.0251516 0.194732 0 0 0 0 0 0 0 0 0 0 0 8330
0 0 0.0019686 0.19299 0.470788 0.123671 0.00454104 0.00183017 0.0251263 0.19495 0 0 0 0 0 0 0 0 0 0 0 8381
0 0 0.00197691 0.193024 0.473944 0.126814 0.00454234 0.00183054 0.0249993 0.194799 0 0 0 0 0 0 0 0 0 0 0 8432
0 0 0.00197497 0.193039 0.478829 0.132596 0.00455101 0.00183026 0.0249988 0.194836 0 0 0 0 0 0 0 0 0 0 0 8483
0 0 0.00197229 0.193047 0.484736 0.139646 0.0045568 0.00183052 0.0250467 0.195022 0 0 0 0 0 0 0 0 0 0 0 8537
0 0 0.00197028 0.193046 0.489209 0.145342 0.00456296 0.00183035 0.025005 0.194975 0 0 0 0 0 0 0 0 0 0 0 8589
0 0 0.00196463 0.193048 0.48612 0.141567 0.00456602 0.0018298 0.0249895 0.194868 0 0 0 0 0 0 0 0 0 0 0 8642
0 0 0.00195868 0.193037 0.482139 0.136779 0.00456906 0.00182969 0.0250185 0.194936 0 0 0 0 0 0 0 0 0 0 0 8691
0 0 0.00195476 0.193016 0.485525 0.14182 0.00457198 0.00182939 0.0250425 0.194966 0 0 0 0 0 0 0 0 0 0 0 8742
0 0 0.0019494 0.192972 0.478702 0.133809 0.00457746 0.00182936 0.0251577 0.195235 0 0 0 0 0 0 0 0 0 0 0 8794
0 0 0.00194755 0.192951 0.470541 0.126524 0.00458774 0.00182926 0.025368 0.195765 0 0 0 0 0 0 0 0 0 0 0 8846
0 0 0.00194674 0.192928 0.464273 0.120811 0.00459416 0.00182928 0.0255009 0.196116 0 0 0 0 0 0 0 0 0 0 0 8898
0 0 0.00194051 0.192895 0.457992 0.117919 0.00461892 0.00182923 0.0260404 0.197427 0 0 0 0 0 0 0 0 0 0 0 8950
0 0 0.00192942 0.192835 0.4412 0.105765 0.0046374 0.00182931 0.0270726 0.199624 0 0 0 0 0 0 0 0 0 0 0 9001
0 0 0.00193674 0.192801 0.426306 0.100823 0.00467073 0.0018293 0.0280886 0.202066 0 0 0 0 0 0 0 0 0 0 0 9053
0 0 0.00192359 0.192781 0.413464 0.0976522 0.00472851 0.00182928 0.0297832 0.205848 0 0 0 0 0 0 0 0 0 0 0 9104
0 0 0.00191132 0.192764 0.397557 0.095305 0.00481201 0.00182934 0.0322216 0.211131 0 0 0 0 0 0 0 0 0 0 0 9156
0 0 0.00195992 0.192747 0.367973 0.103591 0.00492031 0.00182952 0.0350026 0.217796 0 0 0 0 0 0 0 0 0 0 0 9205
0 0 0.00189053 0.192735 0.360963 0.105897 0.00499202 0.00182968 0.0391881 0.2247 0 0 0 0 0 0 0 0 0 0 0 9255
0 0 0.0016936 0.192721 0.357164 0.106518 0.0052187 0.00182998 0.0499557 0.240727 0 0 0 0 0 0 0 0 0 0 0 9306
0 0 0.00157426 0.192712 0.352706 0.107891 0.00533405 0.00183029 0.0603442 0.253152 0 0 0 0 0 0 0 0 0 0 0 9356
0 0 0.00138361 0.192708 0.368279 0.117461 0.0053915 0.00183084 0.0752513 0.266188 0 0 0 0 0 0 0 0 0 0 0 9406
0 0 0.00138361 0.192708 0.368279 0.117461 0.0053915 0.00183084 0.0752513 0.266188 0 0 0 0 0 0 0 0 0 0 0 9458
0 0 0.00116144 0.192697 0.370542 0.155354 0.00545452 0.00183176 0.115819 0.294889 -1.28337 0 0 0 0 0 0 0 0 0 0 9509
0 0 0.0010878 0.192693 0.365659 0.195322 0.00535276 0.00183156 0.145546 0.309292 -4.71537 0 0 0 0 0 0 0 0 0 0 9561
0 0 0.00100431 0.192689 0.370315 0.329625 0.0048605 0.00183134 0.201275 0.323908 -11.2418 0 0 0 0 0 0 0 0 0 0 9612
0 0 0.0010394 0.192689 0.371713 0.459191 0.00438458 0.00183156 0.209441 0.317543 -14.5477 0 0 0 0 0 0 0 0 0 0 9665
0 0 0.00103929 0.192688 0.380614 0.65627 0.00397126 0.001831 0.228015 0.313579 -18.158 0 0 0 0 0 0 0 0 0 0 9714
0 0 0.00106378 0.192702 0.372249 1.39155 0.00328852 0.00183117 0.294031 0.315631 -26.8179 0 0 0 0 0 0 0 0 0 0 9768
0 0 0.00111573 0.192707 0.378144 1.71242 0.00303009 0.00183154 0.28084 0.305049 -28.4452 0 0 0 0 0 0 0 0 0 0 9817
0 0 0.00129379 0.192708 0.365989 1.79416 0.00283781 0.00183157 0.225953 0.285912 -28.0858 0 0 0 0 0 0 0 0 0 0 9874
0 0 0.00143843 0.192707 0.376606 2.13263 0.00255336 0.00183122 0.185559 0.264283 -28.4833 0 0 0 0 0 0 0 0 0 0 9926
0 0 0.00153413 0.192703 0.382816 1.91876 0.00252507 0.00183196 0.152504 0.25206 -26.3062 0 0 0 0 0 0 0 0 0 0 9977
0 0 0.00167017 0.192695 0.383841 1.51931 0.00258486 0.0018312 0.118188 0.238826 -22.7331 0 0 0 0 0 0 0 0 0 0 10028
0 0 0.00184339 0.19269 0.390988 0.795357 0.00295687 0.00183178 0.0754826 0.222444 -14.137 0 0 0 0 0 0 0 0 0 0 10080
0 0 0.00193874 0.19269 0.392684 0.550924 0.00315331 0.00183196 0.0595815 0.214723 -9.39781 0 0 0 0 0 0 0 0 0 0 10130
0 0 0.00194323 0.192694 0.397528 0.380133 0.00340613 0.00183216 0.0509723 0.212088 -4.96806 0 0 0 0 0 0 0 0 0 0 10182
0 0 0.00199325 0.192696 0.398386 0.294292 0.0035918 0.00183227 0.0442671 0.208679 -1.81693 0 0 0 0 0 0 0 0 0 0 10239
0 0 0.00209339 0.19273 0.398782 0.166635 0.0040799 0.0018311 0.0333232 0.202266 0 0 0 0 0 0 0 0 0 0 0 10288
0 0 0.00207492 0.192746 0.401453 0.139683 0.00422654 0.00183142 0.0314341 0.20166 0 0 0 0 0 0 0 0 0 0 0 10340
0 0 0.00209452 0.192757 0.403459 0.122267 0.00435067 0.00183174 0.0293947 0.200197 0 0 0 0 0 0 0 0 0 0 0 10391
0 0 0.00211 0.192802 0.404696 0.101233 0.00451455 0.00183213 0.0271275 0.198798 0 0 0 0 0 0 0 0 0 0 0 10442
0 0 0.00211 0.192802 0.404696 0.101233 0.00451455 0.00183213 0.0271275 0.198798 0 0 0 0 0 0 0 0 0 0 0 10492
0 0 0.00210406 0.192812 0.406376 0.098756 0.00453504 0.00183185 0.0268607 0.198541 0 0 0 0 0 0 0 0 0 0 0 10545
0 0 0.00208501 0.192875 0.411073 0.0923487 0.00459467 0.00183162 0.0263295 0.198234 0 0 0 0 0 0 0 0 0 0 0 10600
0 0 0.00208476 0.192907 0.411254 0.0920101 0.00460054 0.00183138 0.0259653 0.197733 0 0 0 0 0 0 0 0 0 0 0 10650
0 0 0.0020999 0.192941 0.40907 0.0928255 0.00466599 0.00183099 0.0256647 0.197903 0 0 0 0 0 0 0 0 0 0 0 10702
0 0 0.00208836 0.192957 0.409287 0.0934951 0.00471459 0.00183081 0.0258262 0.198642 0 0 0 0 0 0 0 0 0 0 0 10754
0 0 0.00207528 0.192965 0.414211 0.0935359 0.00479317 0.00183072 0.0257221 0.198823 0 0 0 0 0 0 0 0 0 0 0 10806
0 0 0.0020691 0.193011 0.412406 0.0936647 0.00482504 0.00183077 0.0257897 0.199473 0 0 0 0 0 0 0 0 0 0 0 10860
0 0 0.00205126 0.193016 0.418001 0.0931095 0.0049667 0.00183079 0.025753 0.200289 0 0 0 0 0 0 0 0 0 0 0 10910
0 0 0.00197107 0.193027 0.429127 0.0930258 0.00491876 0.00183063 0.0264643 0.20093 0 0 0 0 0 0 0 0 0 0 0 10965
0 0 0.0018851 0.192994 0.433273 0.0920354 0.00492143 0.00183039 0.0282035 0.204115 0 0 0 0 0 0 0 0 0 0 0 11014
0 0 0.00184006 0.192913 0.431347 0.0898458 0.00485893 0.00183081 0.0293795 0.206031 0 0 0 0 0 0 0 0 0 0 0 11063
0 0 0.00179904 0.19285 0.429067 0.0885308 0.00485189 0.0018311 0.0308846 0.208927 0 0 0 0 0 0 0 0 0 0 0 11116
0 0 0.00170446 0.192785 0.427166 0.0898542 0.00481084 0.00183275 0.0348867 0.216228 0 0 0 0 0 0 0 0 0 0 0 11166
0 0 0.00163233 0.19277 0.429485 0.0912403 0.00484771 0.00183354 0.0378363 0.22145 0 0 0 0 0 0 0 0 0 0 0 11218
0 0 0.00155165 0.192747 0.429133 0.0933977 0.00490072 0.00183477 0.0421584 0.228796 0 0 0 0 0 0 0 0 0 0 0 11268
0 0 0.00146861 0.192737 0.430073 0.0954257 0.00499093 0.00183669 0.047336 0.237357 0 0 0 0 0 0 0 0 0 0 0 11319
0 0 0.00140386 0.19272 0.42302 0.105064 0.00492784 0.0018348 0.0548653 0.24843 0 0 0 0 0 0 0 0 0 0 0 11372
0 0 0.00138025 0.192711 0.421298 0.112775 0.00480946 0.00183375 0.058432 0.253618 0 0 0 0 0 0 0 0 0 0 0 11422
0 0 0.00130203 0.192706 0.411964 0.126266 0.0047125 0.00183323 0.0708831 0.271247 0 0 0 0 0 0 0 0 0 0 0 11473
0 0 0.00133288 0.192701 0.396114 0.14735 0.00443837 0.00183269 0.0767155 0.280054 0 0 0 0 0 0 0 0 0 0 0 11525
0 0 0.00130679 0.192691 0.39324 0.18053 0.00393607 0.00183264 0.0869256 0.301011 -0.691399 0 0 0 0 0 0 0 0 0 0 11574
0 0 0.00140003 0.192688 0.386533 0.217755 0.00335565 0.00183238 0.0835702 0.308203 -2.4265 0 0 0 0 0 0 0 0 0 0 11625
0 0 0.00143656 0.19269 0.386493 0.265464 0.00290045 0.0018323 0.0847794 0.319602 -4.3543 0 0 0 0 0 0 0 0 0 0 11675
0 0 0.00148899 0.192694 0.383078 0.28569 0.00249224 0.00183258 0.0819324 0.33836 -4.93591 0 0 0 0 0 0 0 0 0 0 11726
0 0 0.0014632 0.192702 0.391672 0.316204 0.00213276 0.00183285 0.0841943 0.362946 -5.81572 0 0 0 0 0 0 0 0 0 0 11777
0 0 0.0014632 0.192702 0.391672 0.316204 0.00213276 0.00183285 0.0841943 0.362946 -5.81572 0 0 0 0 0 0 0 0 0 0 11828
0 0 0.00157851 0.192705 0.404758 0.443345 0.00162262 0.00183221 0.0767045 0.367961 -8.21703 0 0 0 0 0 0 0 0 0 0 11879
0 0 0.00163895 0.192706 0.410096 0.509712 0.00159967 0.00183239 0.0730051 0.347708 -9.16517 0 0 0 0 0 0 0 0 0 0 11929
0 0 0.00163895 0.192706 0.410096 0.509712 0.00159967 0.00183239 0.0730051 0.347708 -9.16517 0 0 0 0 0 0 0 0 0 0 11981
0 0 0.00168524 0.192703 0.414785 0.540749 0.00172104 0.0018332 0.0692885 0.320893 -9.37458 0 0 0 0 0 0 0 0 0 0 12033
0 0 0.00174712 0.1927 0.418996 0.507305 0.00188002 0.00183294 0.0620015 0.294405 -8.10791 0 0 0 0 0 0 0 0 0 0 12087
0 0 0.00182627 0.192694 0.420295 0.373265 0.00224646 0.00183266 0.0507601 0.264093 -4.14733 0 0 0 0 0 0 0 0 0 0 12137
0 0 0.00184686 0.192698 0.422044 0.310028 0.0024808 0.00183185 0.0462689 0.252156 -1.8785 0 0 0 0 0 0 0 0 0 0 12189
0 0 0.00186133 0.192703 0.424205 0.235458 0.00283226 0.00183093 0.0410605 0.239244 0 0 0 0 0 0 0 0 0 0 0 12240
0 0 0.0018772 0.192709 0.425145 0.210342 0.00299692 0.0018308 0.0386872 0.232207 0 0 0 0 0 0 0 0 0 0 0 12290
0 0 0.00191826 0.192728 0.427863 0.155858 0.00341895 0.00182985 0.0332072 0.218389 0 0 0 0 0 0 0 0 0 0 0 12340
0 0 0.00192332 0.192739 0.430254 0.135485 0.00363346 0.00182979 0.0313069 0.213537 0 0 0 0 0 0 0 0 0 0 0 12391
0 0 0.0017212 0.192792 0.431663 0.0947419 0.00491495 0.00183333 0.0346286 0.217378 0 0 0 0 0 0 0 0 0 0 0 13158
0 0 0.00171058 0.192767 0.426153 0.0941181 0.00492089 0.00183271 0.0358293 0.219394 0 0 0 0 0 0 0 0 0 0 0 13208
0 0 0.00165104 0.192742 0.407691 0.0934871 0.00507451 0.00183229 0.0417503 0.229952 0 0 0 0 0 0 0 0 0 0 0 13266
0 0 0.00159431 0.192734 0.3968 0.0928801 0.00522082 0.0018311 0.0469562 0.238306 0 0 0 0 0 0 0 0 0 0 0 13317
0 0 0.00160917 0.192724 0.38392 0.0964888 0.00522302 0.00183068 0.048774 0.240989 0 0 0 0 0 0 0 0 0 0 0 13368
0 0 0.00159551 0.192716 0.370599 0.100994 0.00527898 0.00183055 0.052781 0.24683 0 0 0 0 0 0 0 0 0 0 0 13419
0 0 0.00153892 0.19271 0.353122 0.107452 0.00537536 0.00182986 0.0629583 0.25923 0 0 0 0 0 0 0 0 0 0 0 13470
0 0 0.00144565 0.192712 0.352383 0.109876 0.00545624 0.00182932 0.0730534 0.269372 0 0 0 0 0 0 0 0 0 0 0 13522
0 0 0.00144611 0.192711 0.343246 0.123186 0.00535533 0.00182909 0.0795543 0.274073 0 0 0 0 0 0 0 0 0 0 0 13578
0 0 0.0012966 0.192712 0.338098 0.168423 0.00524576 0.00182878 0.113521 0.29625 -2.79408 0 0 0 0 0 0 0 0 0 0 13629
0 0 0.00129893 0.192724 0.34174 0.20717 0.0049458 0.00182847 0.119376 0.294483 -4.90955 0 0 0 0 0 0 0 0 0 0 13681
0 0 0.00122776 0.192745 0.330181 0.249703 0.00494468 0.00182801 0.152296 0.312375 -8.26494 0 0 0 0 0 0 0 0 0 0 13732
0 0 0.00114945 0.192777 0.328591 0.331651 0.00478237 0.0018272 0.194817 0.327256 -12.2883 0 0 0 0 0 0 0 0 0 0 13782
0 0 0.00115472 0.192797 0.32905 0.45609 0.00441857 0.00182696 0.218193 0.328016 -15.9432 0 0 0 0 0 0 0 0 0 0 13833
0 0 0.00101872 0.192799 0.330329 0.606936 0.00437475 0.00182694 0.30501 0.351935 -20.3069 0 0 0 0 0 0 0 0 0 0 13887
0 0 0.00105838 0.192786 0.32982 0.836392 0.00397317 0.00182742 0.318826 0.345717 -23.6308 0 0 0 0 0 0 0 0 0 0 13938
0 0 0.00105123 0.192789 0.331973 0.984447 0.00380078 0.00182754 0.335293 0.34541 -25.3378 0 0 0 0 0 0 0 0 0 0 13989
0 0 0.00108169 0.192781 0.317907 1.09713 0.00372796 0.00182769 0.353105 0.348628 -27.0068 0 0 0 0 0 0 0 0 0 0 14040
0 0 0.00129703 0.192769 0.290949 1.1106 0.00354609 0.00182849 0.288738 0.33144 -26.9016 0 0 0 0 0 0 0 0 0 0 14091
0 0 0.00135546 0.192759 0.286626 0.846651 0.00375435 0.00182908 0.247453 0.325134 -23.6786 0 0 0 0 0 0 0 0 0 0 14141
0 0 0.00171038 0.192786 0.260576 0.311201 0.00452443 0.00183028 0.12941 0.297402 -11.7232 0 0 0 0 0 0 0 0 0 0 14191
0 0 0.00211233 0.192836 0.242042 0.182203 0.00487012 0.00183164 0.0792791 0.273657 -4.61909 0 0 0 0 0 0 0 0 0 0 14243
0 0 0.00242099 0.192901 0.24111 0.183355 0.00495363 0.00183346 0.0522888 0.252627 -0.365601 0 0 0 0 0 0 0 0 0 0 14294
0 0 0.00296252 0.193017 0.218939 0.570742 0.00500342 0.00183648 0.0246987 0.237199 -6.04823 0 0 0 0 0 0 0 0 0 0 14345
0 0 0.00509213 0.193539 0.148161 40.2189 0.00494581 0.00184514 0.00504786 0.219333 -28.34 0 0 0 0 0 0 0 0 0 0 14398
0 0 0.00509213 0.193539 0.148161 40.2189 0.00494581 0.00184514 0.00504786 0.219333 -28.34 0 0 0 0 0 0 0 0 0 0 14449
0 0 0.00971339 0.194408 0.0852481 46.5716 0.00491765 0.00185661 0.00331284 0.211268 -32.3138 0 0 0 0 0 0 0 0 0 0 14499
0 0 0.0110775 0.195215 0.0775821 46.2745 0.00500178 0.00187363 0.00299667 0.210429 -32.6344 0 0 0 0 0 0 0 0 0 0 14551
0 0 0.0146891 0.196497 0.06067 46.6204 0.00525988 0.00188715 0.0025882 0.208641 -34.18 0 0 0 0 0 0 0 0 0 0 14601
0 0 0.020492 0.201632 0.0450064 47.7182 0.00808099 0.00196555 0.00210936 0.210295 -36.1327 0 0 0 0 0 0 0 0 0 0 14652
0 0 0.0246152 0.207324 0.0373209 48.5087 0.013612 0.00206879 0.0018418 0.210034 -37.0273 0 0 0 0 0 0 0 0 0 0 14703
0 0 0.0303288 0.207541 0.0178326 48.9306 0.0345636 0.00398144 0.00121793 0.204939 -35.6802 0 0 0 0 0 0 0 0 0 0 14754
0 0 0.0303288 0.207541 0.0178326 48.9306 0.0345636 0.00398144 0.00121793 0.204939 -35.6802 0 0 0 0 0 0 0 0 0 0 14805
0 0 0.00886974 0.0918319 0.00399116 48.7054 0.0103495 0.119292 0.000293136 0.203719 -12.9257 0 0 0 0 0 0 0 0 0 0 14856
0 0 0.00193125 0.0241902 0.000995975 48.8302 0.00239684 4.30522 6.78309e-05 0.203535 0 0 0 0 0 0 0 0 0 0 0 14907
0 0 0.00369878 0.19447 0.954218 7.31814 0.00206545 0.00167603 0.127013 0.168211 -40.7626 0 0 0 0 0 0 0 0 0 0 16723
0 0 0.00457397 0.202937 0.866426 28.2558 0.00142593 0.00148716 0.254132 0.158641 -60.946 0 0 0 0 0 0 0 0 0 0 16775
0 0 0.0062126 0.216069 0.702112 50.732 0.00120083 0.001213 0.462175 0.136609 -73.6151 0 0 0 0 0 0 0 0 0 0 16826
0 0 0.0062126 0.216069 0.702112 50.732 0.00120083 0.001213 0.462175 0.136609 -73.6151 0 0 0 0 0 0 0 0 0 0 16879
0 0 0.0121186 0.247795 0.846754 71.9378 0.00127441 0.000757777 0.912175 0.0949246 -83.0066 0 0 0 0 0 0 0 0 0 0 16931
0 0 0.041593 0.320742 0.644651 87.4834 0.00166555 0.000307428 2.62548 0.0473514 -87.5427 0 0 0 0 0 0 0 0 0 0 16982
0 0 3.2864 0.960793 0.467402 99.7871 0.00910459 6.53025e-06 78.136 0.00200656 -99.9989 0 0 0 0 0 0 0 0 0 0 18439
0 0 2.86857 0.929296 0.474241 99.758 0.00888011 7.34485e-06 76.101 0.00220748 -99.9989 0 0 0 0 0 0 0 0 0 0 18491
0 0 2.42801 0.89741 0.473857 99.7233 0.00844623 8.3069e-06 73.3021 0.0024442 -99.9987 0 0 0 0 0 0 0 0 0 0 18543
0 0 1.84115 0.83659 0.45212 99.638 0.00737102 1.06355e-05 66.9126 0.00305326 -99.9986 0 0 0 0 0 0 0 0 0 0 18593
0 0 0.808879 0.707927 0.443297 99.315 0.00546601 1.91365e-05 52.2111 0.00536616 -99.1933 0 0 0 0 0 0 0 0 0 0 18645
0 0 0.56381 0.648108 0.447086 99.0416 0.00454932 2.60974e-05 42.5596 0.00713572 -97.6109 0 0 0 0 0 0 0 0 0 0 18696
0 0 0.442678 0.614813 0.448372 98.8296 0.00416041 3.1406e-05 37.5237 0.00843922 -96.5941 0 0 0 0 0 0 0 0 0 0 18748
0 0 0.442678 0.614813 0.448372 98.8296 0.00416041 3.1406e-05 37.5237 0.00843922 -96.5941 0 0 0 0 0 0 0 0 0 0 18798
0 0 0.251628 0.542024 0.481378 98.117 0.00322251 4.8882e-05 26.2627 0.0127958 -94.4944 0 0 0 0 0 0 0 0 0 0 18849
0 0 0.375158 0.597929 0.497365 98.6996 0.00378185 3.46313e-05 34.96 0.00948875 -96.2885 0 0 0 0 0 0 0 0 0 0 18900
0 0 0.369418 0.596463 0.497693 98.6874 0.00373188 3.49312e-05 35.5329 0.00976774 -96.5648 0 0 0 0 0 0 0 0 0 0 18950
0 0 0.50688 0.634135 0.503734 98.9593 0.00408612 2.81675e-05 40.9841 0.00805485 -98.0619 0 0 0 0 0 0 0 0 0 0 19000
0 0 1.00093 0.745591 0.511884 99.4381 0.00539154 1.59426e-05 57.6069 0.00485798 -99.9985 0 0 0 0 0 0 0 0 0 0 19051
0 0 1.27119 0.784993 0.548103 99.5385 0.00577111 1.33019e-05 61.8409 0.00411708 -99.9986 0 0 0 0 0 0 0 0 0 0 19102
0 0 1.27119 0.784993 0.548103 99.5385 0.00577111 1.33019e-05 61.8409 0.00411708 -99.9986 0 0 0 0 0 0 0 0 0 0 19153
0 0 1.7652 0.848279 0.54236 99.6569 0.00639441 1.01246e-05 69.2169 0.00329812 -99.9988 0 0 0 0 0 0 0 0 0 0 19207
0 0 1.8905 0.863187 0.509192 99.6791 0.0060863 9.52145e-06 70.575 0.00326329 -99.9989 0 0 0 0 0 0 0 0 0 0 19256
0 0 2.51378 0.912954 0.492755 99.7411 0.00658812 7.8153e-06 74.8751 0.00274684 -99.999 0 0 0 0 0 0 0 0 0 0 19306
0 0 2.71452 0.934454 0.515368 99.7632 0.00678945 7.20018e-06 77.7861 0.00264508 -99.999 0 0 0 0 0 0 0 0 0 0 19356
0 0 3.50965 0.97994 0.493878 99.8027 0.00716202 6.09014e-06 80.8181 0.002306 -99.9991 0 0 0 0 0 0 0 0 0 0 19408
0 0 3.93206 0.997479 0.485634 99.8157 0.00693171 5.72123e-06 81.8102 0.00225735 -99.9991 0 0 0 0 0 0 0 0 0 0 19460
0 0 4.35494 1.02105 0.480327 99.8315 0.00715004 5.26872e-06 84.5223 0.00220337 -99.9992 0 0 0 0 0 0 0 0 0 0 19512
0 0 4.711 1.04455 0.464912 99.8456 0.00706233 4.86178e-06 85.5631 0.00210365 -99.9994 0 0 0 0 0 0 0 0 0 0 19564
0 0 6.36707 1.10456 0.472778 99.8755 0.00792801 3.99226e-06 88.9476 0.00180432 -99.9994 0 0 0 0 0 0 0 0 0 0 19615
0 0 6.36707 1.10456 0.472778 99.8755 0.00792801 3.99226e-06 88.9476 0.00180432 -99.9994 0 0 0 0 0 0 0 0 0 0 19666
0 0 6.78114 1.11944 0.498431 99.8817 0.00791127 3.80828e-06 89.6384 0.00176983 -99.9994 0 0 0 0 0 0 0 0 0 0 19717
0 0 6.43659 1.10776 0.529318 99.8769 0.00770305 3.95229e-06 89.4656 0.00185943 -99.9992 0 0 0 0 0 0 0 0 0 0 19768
0 0 5.99963 1.09512 0.530558 99.8713 0.0076205 4.11535e-06 89.6794 0.00197927 -99.9993 0 0 0 0 0 0 0 0 0 0 19819
0 0 5.99963 1.09512 0.530558 99.8713 0.0076205 4.11535e-06 89.6794 0.00197927 -99.9993 0 0 0 0 0 0 0 0 0 0 19869
0 0 6.11855 1.08988 0.470103 99.8689 0.00757953 4.18503e-06 90.2999 0.00208702 -99.9993 0 0 0 0 0 0 0 0 0 0 19920
0 0 5.71374 1.08589 0.444511 99.867 0.00816381 4.23893e-06 90.277 0.00202263 -99.9993 0 0 0 0 0 0 0 0 0 0 19973
0 0 5.60671 1.05474 0.441016 99.8513 0.00758239 4.69775e-06 88.8879 0.00222052 -99.9992 0 0 0 0 0 0 0 0 0 0 20024
0 0 5.60671 1.05474 0.441016 99.8513 0.00758239 4.69775e-06 88.8879 0.00222052 -99.9992 0 0 0 0 0 0 0 0 0 0 20075
0 0 5.03279 1.03287 0.441644 99.8388 0.00757524 5.05791e-06 88.0498 0.00232672 -99.9991 0 0 0 0 0 0 0 0 0 0 20126
0 0 4.34026 1.00466 0.438028 99.8207 0.00775576 5.57631e-06 87.2353 0.00247514 -99.999 0 0 0 0 0 0 0 0 0 0 20176
0 0 2.84292 0.944823 0.440606 99.7731 0.00746061 6.92305e-06 83.929 0.00286283 -99.9988 0 0 0 0 0 0 0 0 0 0 20227
0 0 2.60105 0.926344 0.438619 99.7552 0.00710992 7.42185e-06 82.3137 0.00302593 -99.9988 0 0 0 0 0 0 0 0 0 0 20278
0 0 2.28017 0.905705 0.437113 99.7331 0.00681006 8.03527e-06 80.2982 0.00319835 -99.9989 0 0 0 0 0 0 0 0 0 0 20330
0 0 2.20946 0.909191 0.437081 99.737 0.00686985 7.9273e-06 81.4609 0.00324077 -99.999 0 0 0 0 0 0 0 0 0 0 20381
0 0 1.79316 0.874927 0.439255 99.6953 0.00634132 9.0758e-06 75.7781 0.00339824 -99.9989 0 0 0 0 0 0 0 0 0 0 20432
0 0 1.57155 0.850483 0.443933 99.6604 0.0061413 1.00284e-05 72.7442 0.00360877 -99.9989 0 0 0 0 0 0 0 0 0 0 20482
0 0 1.26934 0.817128 0.442843 99.6042 0.00611569 1.15455e-05 71.5654 0.00412943 -99.9987 0 0 0 0 0 0 0 0 0 0 20533
0 0 1.08638 0.801523 0.44778 99.5739 0.00620056 1.23559e-05 70.2163 0.00429191 -99.9986 0 0 0 0 0 0 0 0 0 0 20582
0 0 0.932986 0.768349 0.448758 99.4992 0.00591782 1.43374e-05 66.6796 0.00484826 -99.9986 0 0 0 0 0 0 0 0 0 0 20634
0 0 0.941645 0.756615 0.454235 99.4688 0.0056798 1.51355e-05 64.189 0.00502684 -99.9986 0 0 0 0 0 0 0 0 0 0 20685
0 0 0.726116 0.713135 0.447433 99.3343 0.00508003 1.86379e-05 57.6612 0.00600493 -99.8609 0 0 0 0 0 0 0 0 0 0 20736
0 0 0.630194 0.671417 0.440944 99.1625 0.00482067 2.3038e-05 51.9626 0.00709416 -99.9989 0 0 0 0 0 0 0 0 0 0 20786
0 0 0.710138 0.703059 0.444149 99.2971 0.00529978 1.95956e-05 57.0834 0.00612841 -99.9989 0 0 0 0 0 0 0 0 0 0 20841
0 0 0.691063 0.700232 0.439031 99.2862 0.00540562 1.98749e-05 58.0259 0.00626147 -99.999 0 0 0 0 0 0 0 0 0 0 20894
0 0 0.798598 0.711442 0.436753 99.3281 0.00580734 1.87959e-05 62.4931 0.00612661 -99.999 0 0 0 0 0 0 0 0 0 0 20946
0 0 0.901239 0.730546 0.439903 99.3927 0.0062177 1.71237e-05 66.5772 0.00573753 -99.999 0 0 0 0 0 0 0 0 0 0 20998
0 0 0.901239 0.730546 0.439903 99.3927 0.0062177 1.71237e-05 66.5772 0.00573753 -99.999 0 0 0 0 0 0 0 0 0 0 21050
0 0 1.22022 0.771574 0.441854 99.507 0.00671559 1.41301e-05 70.0482 0.00474281 -99.9991 0 0 0 0 0 0 0 0 0 0 21100
0 0 1.8075 0.861903 0.445998 99.6772 0.00846623 9.57089e-06 79.9093 0.00337925 -99.9993 0 0 0 0 0 0 0 0 0 0 21152
0 0 1.9374 0.883959 0.451432 99.707 0.00885909 8.75586e-06 81.4924 0.00311394 -99.9993 0 0 0 0 0 0 0 0 0 0 21204
0 0 1.88615 0.881479 0.458308 99.7038 0.0088572 8.84327e-06 80.8325 0.00308906 -99.9993 0 0 0 0 0 0 0 0 0 0 21255
0 0 2.0593 0.904637 0.453537 99.7319 0.00956262 8.07148e-06 83.1477 0.00285687 -99.9993 0 0 0 0 0 0 0 0 0 0 21308
0 0 2.30209 0.942816 0.445933 99.7712 0.0104577 6.9774e-06 85.8614 0.00252272 -99.9994 0 0 0 0 0 0 0 0 0 0 21358
0 0 2.2177 0.929588 0.441343 99.7584 0.0105298 7.33357e-06 85.6815 0.00263979 -99.9993 0 0 0 0 0 0 0 0 0 0 21410
0 0 2.32519 0.950705 0.436781 99.7784 0.0113768 6.77557e-06 88.1776 0.00254559 -99.9994 0 0 0 0 0 0 0 0 0 0 21461
0 0 2.75103 0.996904 0.433693 99.8153 0.0126519 5.73169e-06 90.1732 0.00217159 -99.9995 0 0 0 0 0 0 0 0 0 0 21513
0 0 2.92644 1.0127 0.433819 99.8261 0.0126307 5.42233e-06 89.9002 0.00201413 -99.9995 0 0 0 0 0 0 0 0 0 0 21569
0 0 2.62332 0.995407 0.434511 99.8142 0.012159 5.7617e-06 89.4102 0.00215463 -99.9995 0 0 0 0 0 0 0 0 0 0 21621
0 0 2.73652 0.994768 0.4353 99.8138 0.0119473 5.77457e-06 88.8289 0.00212492 -99.9995 0 0 0 0 0 0 0 0 0 0 21672
0 0 2.99381 1.01599 0.440532 99.8283 0.0123376 5.36028e-06 89.8771 0.00201408 -99.9995 0 0 0 0 0 0 0 0 0 0 21722
0 0 2.65982 1.00711 0.447456 99.8224 0.0126077 5.52839e-06 90.7 0.0021472 -99.9995 0 0 0 0 0 0 0 0 0 0 21775
0 0 2.63668 1.01236 0.450285 99.8259 0.0124775 5.42787e-06 90.246 0.00206664 -99.9995 0 0 0 0 0 0 0 0 0 0 21825
0 0 2.73265 1.02116 0.453642 99.8316 0.0122669 5.26479e-06 90.0853 0.00200169 -99.9995 0 0 0 0 0 0 0 0 0 0 21877
0 0 2.72406 1.03007 0.458085 99.8371 0.0125484 5.10598e-06 90.713 0.00197052 -99.9995 0 0 0 0 0 0 0 0 0 0 21927
0 0 2.64033 1.02228 0.446639 99.8323 0.0121926 5.24443e-06 90.1617 0.00200779 -99.9994 0 0 0 0 0 0 0 0 0 0 21978
0 0 2.84748 1.02954 0.445371 99.8368 0.011916 5.11529e-06 89.7097 0.0019352 -99.9995 0 0 0 0 0 0 0 0 0 0 22030
0 0 2.77157 1.02194 0.440285 99.8321 0.011946 5.25092e-06 89.5252 0.00197266 -99.9995 0 0 0 0 0 0 0 0 0 0 22083
0 0 2.61609 1.0024 0.437946 99.8192 0.0119978 5.62101e-06 89.9531 0.0021694 -99.9995 0 0 0 0 0 0 0 0 0 0 22133
0 0 2.61804 1.01358 0.437223 99.8267 0.0127737 5.4055e-06 91.6672 0.00219373 -99.9995 0 0 0 0 0 0 0 0 0 0 22184
0 0 2.86681 1.01754 0.434887 99.8293 0.0119802 5.33185e-06 91.5209 0.0022257 -99.9995 0 0 0 0 0 0 0 0 0 0 22234
0 0 3.13464 1.02707 0.433401 99.8353 0.0118341 5.15961e-06 92.1677 0.00224661 -99.9996 0 0 0 0 0 0 0 0 0 0 22286
0 0 3.48212 1.01079 0.430146 99.8249 0.0115756 5.45863e-06 92.2581 0.0024393 -99.9996 0 0 0 0 0 0 0 0 0 0 22338
0 0 3.48212 1.01079 0.430146 99.8249 0.0115756 5.45863e-06 92.2581 0.0024393 -99.9996 0 0 0 0 0 0 0 0 0 0 22387
0 0 4.61796 1.05042 0.427932 99.8489 0.0118796 4.76648e-06 93.0694 0.00217526 -99.9996 0 0 0 0 0 0 0 0 0 0 22438
0 0 4.8276 1.04354 0.427798 99.8451 0.0121602 4.8778e-06 93.2512 0.00222983 -99.9996 0 0 0 0 0 0 0 0 0 0 22489
0 0 4.17474 1.00856 0.431748 99.8234 0.0132942 5.50227e-06 92.371 0.00228243 -99.9994 0 0 0 0 0 0 0 0 0 0 22540
0 0 1.49267 0.900243 0.447067 99.7268 0.0165226 8.21894e-06 87.8422 0.00250204 -99.9979 0 0 0 0 0 0 0 0 0 0 22590
0 0 0.766545 0.804724 0.443096 99.5803 0.0145743 1.22008e-05 79.2906 0.00329564 -99.9952 0 0 0 0 0 0 0 0 0 0 22641
0 0 0.379879 0.731337 0.430635 99.3951 0.013792 1.70751e-05 73.9865 0.00469045 -99.989 0 0 0 0 0 0 0 0 0 0 22692
0 0 0.219538 0.651069 0.427174 99.0554 0.0114095 2.56805e-05 39.3916 0.00662464 -99.975 0 0 0 0 0 0 0 0 0 0 22743
0 0 0.0406411 0.455458 0.422956 96.1777 0.0067351 8.93316e-05 10.0238 0.0209116 -99.8639 0 0 0 0 0 0 0 0 0 0 22793
0 0 0.0406411 0.455458 0.422956 96.1777 0.0067351 8.93316e-05 10.0238 0.0209116 -99.8639 0 0 0 0 0 0 0 0 0 0 22848
0 0 0.0065568 0.296145 0.405282 85.7123 0.0063833 0.000382647 1.32995 0.0732026 -99.1967 0 0 0 0 0 0 0 0 0 0 22899
0 0 0.0030034 0.239754 0.381089 77.9997 0.0133835 0.000731055 0.3782 0.119918 -70.5777 0 0 0 0 0 0 0 0 0 0 22948
0 0 0.00217405 0.209311 0.354984 74.1195 0.0212837 0.00105976 0.186376 0.143212 -54.7415 0 0 0 0 0 0 0 0 0 0 22998
0 0 0.000994686 0.13461 0.264345 65.85 0.0351796 0.00321419 0.0591439 0.201166 -33.0993 0 0 0 0 0 0 0 0 0 0 23050
0 0 0.000421002 0.0686988 0.153797 60.5769 0.031228 0.0152222 0.025581 0.247547 -17.4412 0 0 0 0 0 0 0 0 0 0 23100
0 0 0.000117553 0.0203316 0.0549772 56.405 0.0124744 0.235376 0.00725138 0.290926 0 0 0 0 0 0 0 0 0 0 0 23154
0 0 6.38733e-06 0.000906245 0.00372812 96.1364 0.000803293 69.6609 0.000366289 0.330454 28.5668 0 0 0 0 0 0 0 0 0 0 23204
0 0 2.47997e-06 0.000316241 0.00150471 99.4474 0.000308739 95.8644 0.000129378 0.33788 44.2654 0 0 0 0 0 0 0 0 0 0 23253
0 0 1.63192e-06 0.000204886 0.00102531 99.7589 0.000210108 98.3884 9.26568e-05 0.346305 51.7271 0 0 0 0 0 0 0 0 0 0 23308
0 0 2.09597e-06 0.000251376 0.00120407 99.6487 0.000240785 97.5568 0.000121571 0.334778 53.8671 0 0 0 0 0 0 0 0 0 0 23359
0 0 1.44214e-06 0.000149203 0.000781055 99.863 0.000145241 99.1832 0.000207743 0.324083 86.842 0 0 0 0 0 0 0 0 0 0 23412
0 0 1.54739e-06 0.0001375 0.000748197 99.8798 0.000126374 99.3006 0.000168484 0.298074 92.2852 0 0 0 0 0 0 0 0 0 0 23468
0 0 1.55849e-06 0.000128984 0.000743361 99.8917 0.000116016 99.3832 0.000140165 0.288373 92.6964 0 0 0 0 0 0 0 0 0 0 23519
0 0 1.81064e-06 0.000135915 0.000754345 99.8804 0.000115588 99.3098 0.000121158 0.272296 93.6989 0 0 0 0 0 0 0 0 0 0 23571
0 0 2.20882e-06 0.000151663 0.000890449 99.8521 0.000121785 99.1204 0.000112041 0.257819 91.7638 0 0 0 0 0 0 0 0 0 0 23624
0 0 2.89768e-06 0.000189081 0.00107011 99.7742 0.000142691 98.5774 0.000119801 0.24754 88.3165 0 0 0 0 0 0 0 0 0 0 23674
0 0 4.63598e-06 0.000287237 0.00150177 99.4988 0.000195002 96.523 0.000146409 0.23532 82.6259 0 0 0 0 0 0 0 0 0 0 23724
0 0 2.84269e-05 0.00185415 0.00744996 84.9656 0.000787349 32.0448 0.000612968 0.219233 56.2935 0 0 0 0 0 0 0 0 0 0 23775
0 0 0.000167114 0.013255 0.0411685 11.6852 0.00219546 0.635842 0.00340775 0.214317 27.6933 0 0 0 0 0 0 0 0 0 0 23825
0 0 0.000167114 0.013255 0.0411685 11.6852 0.00219546 0.635842 0.00340775 0.214317 27.6933 0 0 0 0 0 0 0 0 0 0 23879
0 0 0.000487898 0.0448302 0.119014 1.27448 0.00279457 0.044487 0.0108098 0.213933 8.35184 0 0 0 0 0 0 0 0 0 0 23928
0 0 0.00134418 0.137753 0.317188 0.380107 0.00284749 0.00380913 0.0409549 0.209312 0 0 0 0 0 0 0 0 0 0 0 23980
0 0 0.00134418 0.137753 0.317188 0.380107 0.00284749 0.00380913 0.0409549 0.209312 0 0 0 0 0 0 0 0 0 0 0 24031
0 0 0.0018602 0.185519 0.410465 4.0837 0.0018491 0.00198981 0.10665 0.202614 -30.8262 0 0 0 0 0 0 0 0 0 0 24081
0 0 0.0018602 0.185519 0.410465 4.0837 0.0018491 0.00198981 0.10665 0.202614 -30.8262 0 0 0 0 0 0 0 0 0 0 24131
0 0 0.00202717 0.19174 0.4187 20.3676 0.00145374 0.00185442 0.0382838 0.198797 -70.5511 0 0 0 0 0 0 0 0 0 0 24181
0 0 0.00206214 0.192434 0.417117 44.854 0.00127465 0.00184026 0.0349178 0.198225 -82.3526 0 0 0 0 0 0 0 0 0 0 24232
0 0 0.00206214 0.192434 0.417117 44.854 0.00127465 0.00184026 0.0349178 0.198225 -82.3526 0 0 0 0 0 0 0 0 0 0 24283
0 0 0.0020092 0.192763 0.425993 17.1061 0.00122853 0.00183488 0.0568605 0.199371 -70.9154 0 0 0 0 0 0 0 0 0 0 24336
0 0 0.00201862 0.192863 0.426686 9.07355 0.00144116 0.00183426 0.110856 0.199319 -43.493 0 0 0 0 0 0 0 0 0 0 24386
0 0 0.00206429 0.193119 0.426043 0.88384 0.00256239 0.00183289 0.0552861 0.195989 -13.2768 0 0 0 0 0 0 0 0 0 0 24436
0 0 0.00215361 0.193337 0.424747 0.209384 0.00363016 0.00183324 0.0322124 0.19475 0 0 0 0 0 0 0 0 0 0 0 24487
0 0 0.00234898 0.19374 0.422096 0.152665 0.00420885 0.00183285 0.0231445 0.194163 0 0 0 0 0 0 0 0 0 0 0 24537
0 0 0.00253649 0.194521 0.411854 0.704807 0.00449123 0.0018323 0.0146699 0.193758 0 0 0 0 0 0 0 0 0 0 0 24588
0 0 0.00295439 0.197557 0.406929 33.6232 0.00472258 0.00183201 0.00520071 0.193476 -20.4986 0 0 0 0 0 0 0 0 0 0 24638
0 0 0.0036395 0.205356 0.38664 46.4339 0.00505997 0.00183406 0.00446284 0.193664 -24.8992 0 0 0 0 0 0 0 0 0 0 24688
0 0 0.00867837 0.211396 0.251483 48.9939 0.00522102 0.00183475 0.00375562 0.193735 -32.8325 0 0 0 0 0 0 0 0 0 0 24739
0 0 0.0662468 0.227895 0.051888 49.2376 0.0061016 0.00183372 0.00219061 0.1935 -48.3066 0 0 0 0 0 0 0 0 0 0 24789
0 0 0.0712061 0.242174 0.0467184 49.4658 0.00672512 0.0018332 0.0021084 0.193427 -48.7174 0 0 0 0 0 0 0 0 0 0 24838
0 0 0.248651 0.357756 0.0103544 48.0748 0.0183862 0.00183229 0.00126656 0.193263 -55.9681 0 0 0 0 0 0 0 0 0 0 24888
0 0 0.211438 0.463404 0.00879276 44.4007 0.0302102 0.00183179 0.00122804 0.193189 -52.8984 0 0 0 0 0 0 0 0 0 0 24939
0 0 0.0343895 0.518199 0.0425268 37.7768 0.0378381 0.00183214 0.00222311 0.193174 -38.2833 0 0 0 0 0 0 0 0 0 0 24989
0 0 0.0343895 0.518199 0.0425268 37.7768 0.0378381 0.00183214 0.00222311 0.193174 -38.2833 0 0 0 0 0 0 0 0 0 0 25039
0 0 0.00236757 0.423582 0.434872 19.4296 0.0421815 0.00183695 0.00606546 0.193823 -14.3995 0 0 0 0 0 0 0 0 0 0 25091
0 0 0.00208638 0.385785 0.467951 23.9631 0.04187 0.0018431 0.00582074 0.194719 -14.6657 0 0 0 0 0 0 0 0 0 0 25142
0 0 0.00202259 0.348556 0.471394 28.5688 0.0408392 0.00184977 0.00550066 0.195718 -15.4864 0 0 0 0 0 0 0 0 0 0 25192
0 0 0.00202259 0.348556 0.471394 28.5688 0.0408392 0.00184977 0.00550066 0.195718 -15.4864 0 0 0 0 0 0 0 0 0 0 25243
0 0 0.00203514 0.309918 0.470197 41.5343 0.0453198 0.00185476 0.00479815 0.196468 -18.1052 0 0 0 0 0 0 0 0 0 0 25293
0 0 0.0020484 0.316478 0.465426 46.313 0.0491259 0.00186067 0.00455727 0.19732 -19.0251 0 0 0 0 0 0 0 0 0 0 25343
0 0 0.00208186 0.314625 0.463424 47.5622 0.051266 0.00187669 0.0044342 0.199628 -19.2603 0 0 0 0 0 0 0 0 0 0 25393
0 0 0.00210375 0.295806 0.460439 48.5315 0.0526214 0.00188691 0.0043509 0.201112 -19.4429 0 0 0 0 0 0 0 0 0 0 25443
0 0 0.00220372 0.286407 0.462987 49.1355 0.0536522 0.0019349 0.00413307 0.208298 -19.5536 0 0 0 0 0 0 0 0 0 0 25494
0 0 0.00216348 0.279488 0.455444 49.4501 0.0539346 0.00191503 0.00420143 0.205478 -19.6116 0 0 0 0 0 0 0 0 0 0 25544
0 0 0.00214242 0.27597 0.451512 49.3919 0.0539653 0.00190456 0.00424671 0.203992 -19.5992 0 0 0 0 0 0 0 0 0 0 25594
0 0 0.00207367 0.268164 0.44251 49.4938 0.0539291 0.0018704 0.00438764 0.199205 -19.6162 0 0 0 0 0 0 0 0 0 0 25646
0 0 0.00202415 0.272331 0.434588 49.87 0.0538335 0.00184822 0.00447543 0.196373 -19.6814 0 0 0 0 0 0 0 0 0 0 25697
0 0 0.00202415 0.272331 0.434588 49.87 0.0538335 0.00184822 0.00447543 0.196373 -19.6814 0 0 0 0 0 0 0 0 0 0 25747
0 0 0.00201483 0.236004 0.431801 49.9376 0.0533103 0.00184399 0.00449119 0.197081 -19.6939 0 0 0 0 0 0 0 0 0 0 25797
