0 0 0.0027621 0.192913 0.471311 0.226631 0.00448981 0.00201048 0.0204451 0.220176 0 0 0 0 0 0 0 0 0 0 0 1275
0 0 0.0027621 0.192913 0.471311 0.226631 0.00448981 0.00201048 0.0204451 0.220176 0 0 0 0 0 0 0 0 0 0 0 1328
0 0 0.00336769 0.192876 0.546933 0.228134 0.00449064 0.00232132 0.0156803 0.267988 0 0 0 0 0 0 0 0 0 0 0 1382
0 0 0.00369288 0.192726 0.59072 0.296492 0.00448739 0.00249656 0.0136842 0.295498 0 0 0 0 0 0 0 0 0 0 0 1434
0 0 0.00491636 0.192642 0.696901 0.526003 0.00448171 0.00295655 0.0101107 0.372662 0 0 0 0 0 0 0 0 0 0 0 1484
0 0 0.0123204 0.19255 1.16502 3.68768 0.00447732 0.00489451 0.00402705 0.7434 0 0 0 0 0 0 0 0 0 0 0 1538
0 0 0.0227899 0.192585 1.62234 12.6872 0.00446469 0.00686487 0.00216752 1.18218 0 0 0 0 0 0 0 0 0 0 0 1589
0 0 0.0318407 0.1928 1.92696 22.9519 0.00446115 0.0082189 0.00155388 1.51906 0 0 0 0 0 0 0 0 0 0 0 1645
0 0 0.027927 0.192984 1.8056 18.3636 0.00444389 0.00762865 0.00177309 1.38057 0 0 0 0 0 0 0 0 0 0 0 1695
0 0 0.0287374 0.193192 1.81399 19.1615 0.00443724 0.00770093 0.0017283 1.40325 0 0 0 0 0 0 0 0 0 0 0 1747
0 0 0.0257634 0.193405 1.69163 15.6712 0.0044388 0.00720195 0.00194664 1.2854 0 0 0 0 0 0 0 0 0 0 0 1801
0 0 0.0169278 0.193402 1.342 6.99584 0.00446629 0.00572437 0.00291785 0.937392 0 0 0 0 0 0 0 0 0 0 0 1851
0 0 0.0169278 0.193402 1.342 6.99584 0.00446629 0.00572437 0.00291785 0.937392 0 0 0 0 0 0 0 0 0 0 0 1906
0 0 0.0143973 0.193726 1.22319 4.99614 0.00450463 0.00518964 0.00344005 0.819402 0 0 0 0 0 0 0 0 0 0 0 1960
0 0 0.00812537 0.193702 0.896246 1.53624 0.00452288 0.00380852 0.00604744 0.535165 0 0 0 0 0 0 0 0 0 0 0 2014
0 0 0.00441048 0.193676 0.620325 0.419874 0.00454187 0.00272294 0.0111445 0.336674 0 0 0 0 0 0 0 0 0 0 0 2069
0 0 0.00386407 0.193445 0.288405 0.24936 0.00454479 0.00216508 0.0142845 0.24485 0 0 0 0 0 0 0 0 0 0 0 2123
0 0 0.0503554 0.19305 0.0225743 6.12762 0.00454174 0.00195079 0.00760379 0.210913 -8.27225 0 0 0 0 0 0 0 0 0 0 2174
0 0 0.21073 0.193066 0.00543318 33.4403 0.00455273 0.00190771 0.00489049 0.204301 -18.2594 0 0 0 0 0 0 0 0 0 0 2224
0 0 0.164843 0.192791 0.00625828 28.1585 0.00453523 0.00187246 0.00532764 0.198642 -16.4848 0 0 0 0 0 0 0 0 0 0 2277
0 0 0.136818 0.193045 0.00729038 24.0198 0.00455179 0.00186684 0.00562787 0.198054 -15.0381 0 0 0 0 0 0 0 0 0 0 2331
0 0 0.0788456 0.193265 0.0123188 12.9507 0.00456486 0.00186375 0.00667907 0.197763 -11.3106 0 0 0 0 0 0 0 0 0 0 2381
0 0 0.0788456 0.193265 0.0123188 12.9507 0.00456486 0.00186375 0.00667907 0.197763 -11.3106 0 0 0 0 0 0 0 0 0 0 2432
0 0 0.0165538 0.193524 0.0569735 1.59479 0.00458153 0.00185357 0.0114992 0.19633 -0.209808 0 0 0 0 0 0 0 0 0 0 2484
0 0 0.0050995 0.193819 0.185213 0.300118 0.00460677 0.00183764 0.0172986 0.194017 0 0 0 0 0 0 0 0 0 0 0 2539
0 0 0.00282025 0.193494 0.352346 0.132862 0.00460637 0.00183731 0.0215159 0.192999 0 0 0 0 0 0 0 0 0 0 0 2588
0 0 0.00423102 0.193062 0.467575 0.0977318 0.00460029 0.00184904 0.0234832 0.193145 0 0 0 0 0 0 0 0 0 0 0 2642
0 0 0.00720397 0.193929 0.478838 0.0995704 0.0046414 0.00183559 0.0239955 0.192297 0 0 0 0 0 0 0 0 0 0 0 2693
0 0 0.0100731 0.193049 0.460653 0.0960443 0.00461119 0.00184631 0.0243427 0.192123 0 0 0 0 0 0 0 0 0 0 0 2746
0 0 0.0152742 0.191966 0.437669 0.0968906 0.00457015 0.00188488 0.0236845 0.195076 0 0 0 0 0 0 0 0 0 0 0 2799
0 0 0.0236535 0.191427 0.437347 0.0968277 0.0045378 0.00189483 0.023609 0.194199 0 0 0 0 0 0 0 0 0 0 0 2852
0 0 0.0355546 0.191342 0.443779 0.0997821 0.00451076 0.00189047 0.0240417 0.192014 0 0 0 0 0 0 0 0 0 0 0 2905
0 0 0.0355546 0.191342 0.443779 0.0997821 0.00451076 0.00189047 0.0240417 0.192014 0 0 0 0 0 0 0 0 0 0 0 2955
0 0 0.0276697 0.190267 0.44232 0.100494 0.00442083 0.00192295 0.0240353 0.193905 0 0 0 0 0 0 0 0 0 0 0 3008
0 0 0.0123513 0.19184 0.445787 0.109276 0.00437688 0.00188506 0.0248175 0.192467 0 0 0 0 0 0 0 0 0 0 0 3064
0 0 0.00556726 0.193479 0.434142 0.134932 0.00419557 0.00184737 0.0268671 0.191313 0 0 0 0 0 0 0 0 0 0 0 3117
0 0 0.00376041 0.194839 0.419206 0.208571 0.00385747 0.0018134 0.0311224 0.188827 0 0 0 0 0 0 0 0 0 0 0 3173
0 0 0.00309843 0.19571 0.429326 0.317248 0.00355915 0.00177999 0.0366001 0.184564 -0.902542 0 0 0 0 0 0 0 0 0 0 3228
0 0 0.00313596 0.198781 0.473472 0.573322 0.00322097 0.00172219 0.0449177 0.181261 -7.86432 0 0 0 0 0 0 0 0 0 0 3280
0 0 0.00296975 0.197292 0.47687 0.518527 0.00326359 0.0017696 0.0426613 0.184487 -6.41233 0 0 0 0 0 0 0 0 0 0 3330
0 0 0.00268709 0.188798 0.469048 0.383861 0.00324578 0.00204748 0.0346991 0.203293 -2.5246 0 0 0 0 0 0 0 0 0 0 3383
0 0 0.00251733 0.179957 0.460808 0.302955 0.00322483 0.00235124 0.0295509 0.216063 0 0 0 0 0 0 0 0 0 0 0 3436
