0 0  -0.194146 5.99227 73.4169 -2.66451 4.71714 61.7917 4.75643 4.20953 0.445056 0.108529 56
0 0  -0.216642 6.00864 73.4519 -2.59116 4.6518 61.7726 4.81279 4.21801 0.440436 0.117253 106
0 0  -0.237896 6.0275 73.4871 -2.5077 4.60229 61.7412 4.82301 4.21915 0.439161 0.118259 158
0 0  -0.266063 6.06215 73.5394 -2.4774 4.56831 61.7371 4.77815 4.19943 0.436422 0.121379 209
0 0  -0.273134 6.08077 73.5583 -2.43389 4.54748 61.7192 4.75764 4.21701 0.433864 0.1267 260
0 0  -0.286462 6.12122 73.5971 -2.40068 4.51481 61.7132 4.74101 4.21845 0.430227 0.131551 312
0 0  -0.279446 6.13163 73.5946 -2.38113 4.48249 61.7157 4.76458 4.2468 0.42891 0.133324 364
0 0  -0.270637 6.16157 73.6013 -2.38999 4.46895 61.7273 4.7999 4.24569 0.429224 0.13842 415
0 0  -0.264113 6.16921 73.5979 -2.39644 4.46293 61.7341 4.80705 4.26104 0.430116 0.140174 465
0 0  -0.246753 6.18533 73.5865 -2.41216 4.44602 61.7516 4.76865 4.23994 0.430226 0.141482 519
0 0  0.791511 7.83496 73.5643 -2.38502 3.19668 62.4133 5.11292 4.16747 0.446329 0.197276 572
0 0  0.889711 7.93125 73.5406 -2.64305 3.11166 62.6466 4.71704 4.09666 0.471997 0.325766 623
0 0  0.787609 7.84018 73.5726 -2.69581 3.19919 62.627 4.6328 4.05117 0.493322 0.35353 674
0 0  0.639202 7.80687 73.7036 -2.16975 3.10187 62.3335 4.54634 3.87166 0.487688 0.333343 725
0 0  -0.438431 8.31812 75.6585 -0.129142 2.18927 61.9089 4.63807 3.76067 0.485689 0.324158 775
0 0  -0.822373 8.37513 76.4596 0.465815 2.03191 61.8097 4.62474 3.85006 0.332378 0.466285 826
0 0  -0.834128 8.39675 76.5164 0.132858 2.11393 61.8644 4.53043 3.80572 0.290095 0.4739 876
0 0  -0.756828 8.43612 76.4119 -0.190221 2.16712 61.9486 4.5326 3.79059 0.287161 0.446966 927
0 0  -0.709987 8.43947 76.3211 -0.461253 2.18908 62.0451 4.56046 3.77531 0.292403 0.444475 978
0 0  -0.624686 8.51352 76.2569 -0.614112 2.19429 62.1087 4.51161 3.77217 0.304322 0.436653 1029
0 0  -0.602733 8.54881 76.2642 -0.713119 2.19079 62.1565 4.44934 3.76652 0.310673 0.438573 1079
0 0  -0.544292 8.59967 76.2231 -0.767359 2.18993 62.1825 4.44801 3.79533 0.3145 0.439962 1129
0 0  -0.522153 8.61991 76.2094 -0.818284 2.1829 62.2118 4.51932 3.81622 0.317653 0.442286 1182
0 0  -0.503148 8.63756 76.1982 -0.864925 2.19511 62.2253 4.57548 3.89592 0.321836 0.444767 1231
0 0  -0.473511 8.6637 76.1791 -0.898403 2.19262 62.2434 4.65377 3.94849 0.323122 0.444686 1282
0 0  -0.489919 8.69626 76.2579 -0.834614 2.16645 62.2317 4.64279 4.00236 0.326238 0.446769 1333
0 0  -0.478472 8.72677 76.2806 -0.85113 2.16666 62.2395 4.77948 4.0515 0.320245 0.448031 1385
0 0  -0.464863 8.73453 76.2656 -0.851641 2.15748 62.2466 4.74736 4.07501 0.322299 0.452983 1433
0 0  -0.444554 8.76833 76.2764 -0.853634 2.13119 62.267 4.92296 4.10103 0.322409 0.454889 1484
0 0  -0.419927 8.80572 76.2846 -0.843263 2.10975 62.2779 4.93179 4.15245 0.324619 0.458283 1534
0 0  -0.434014 8.81617 76.3278 -0.827268 2.0877 62.2867 4.94578 4.17999 0.324589 0.46368 1585
0 0  -0.466594 8.83734 76.4249 -0.815655 2.07876 62.2878 5.06359 4.23058 0.324368 0.465277 1635
0 0  -0.484679 8.86182 76.5 -0.797154 2.05802 62.2945 5.09678 4.27564 0.317866 0.46729 1685
0 0  -0.518095 8.86254 76.5703 -0.760451 2.03664 62.2931 5.12708 4.29407 0.314532 0.469096 1736
0 0  -0.55594 8.86943 76.6616 -0.714336 2.02838 62.2775 5.14387 4.34113 0.309266 0.471035 1789
0 0  -0.588565 8.88157 76.7528 -0.674707 2.02064 62.2648 5.1607 4.34912 0.306992 0.472907 1839
0 0  -0.61927 8.89731 76.8482 -0.612594 2.00355 62.2491 5.16275 4.35487 0.30194 0.472379 1890
0 0  -0.657731 8.87747 76.9014 -0.531537 1.99412 62.2195 5.28102 4.39267 0.293259 0.475329 1940
0 0  -0.641816 8.8395 76.7997 -0.676296 2.07672 62.2235 5.20468 4.43363 0.288522 0.476005 1991
0 0  0.295889 6.27668 73.0326 -3.82298 4.63004 62.7003 5.11232 4.59828 0.283991 0.477901 2042
0 0  0.0957666 6.25387 73.2325 -3.65906 4.82284 62.4724 5.1588 4.61123 0.502434 0.0747663 2093
0 0  0.0182499 6.41093 73.409 -3.40459 4.65063 62.349 5.17676 4.5924 0.491447 0.08898 2143
0 0  -0.0119803 6.51458 73.5062 -3.22622 4.50854 62.28 5.18985 4.60668 0.46919 0.117738 2193
0 0  -0.0269096 6.65186 73.61 -3.06601 4.32192 62.2525 5.20479 4.61198 0.461339 0.132306 2244
0 0  -0.00384037 6.78552 73.6709 -2.97523 4.18586 62.2555 5.16411 4.54678 0.45386 0.160125 2296
0 0  -0.471781 6.47699 74.0437 -2.52342 4.35871 61.8627 5.01949 4.51655 0.45204 0.175578 2345
0 0  -0.458237 6.60523 74.1123 -2.49407 4.23859 61.9016 4.89792 4.44838 0.410146 0.148586 2397
0 0  -0.437762 6.7037 74.1538 -2.47123 4.16327 61.9241 4.81682 4.40554 0.408576 0.161581 2447
0 0  -0.420344 6.78153 74.1863 -2.44111 4.08074 61.9463 4.78668 4.39725 0.408166 0.174612 2497
0 0  -0.395034 6.85754 74.2081 -2.43212 4.02341 61.9699 4.70279 4.3818 0.40686 0.185084 2547
0 0  -0.408806 6.90888 74.2645 -2.40917 3.96514 61.9855 4.69012 4.34261 0.408336 0.193803 2598
0 0  -0.40731 6.95582 74.2978 -2.37986 3.90792 61.9969 4.66907 4.29843 0.406712 0.197826 2648
0 0  -0.402884 7.01108 74.3342 -2.36297 3.87939 62.0013 4.68057 4.28704 0.405103 0.207318 2699
0 0  -0.400906 7.03668 74.3514 -2.33525 3.84815 62.0004 4.65767 4.26264 0.404262 0.210317 2749
0 0  -0.420937 7.05545 74.3933 -2.27381 3.79945 61.9881 4.68877 4.26885 0.402682 0.216033 2801
0 0  -0.428234 7.10283 74.4409 -2.23556 3.76492 61.983 4.70729 4.26395 0.398766 0.223277 2853
0 0  -0.43512 7.17188 74.5063 -2.14235 3.67918 61.9728 4.75113 4.24847 0.397933 0.227841 2904
0 0  -0.432818 7.22378 74.5459 -2.1103 3.63881 61.9757 4.78139 4.25113 0.396029 0.233235 2954
0 0  -0.414999 7.30339 74.5878 -2.05782 3.56239 61.987 4.78816 4.27229 0.392201 0.24438 3005
0 0  -0.423301 7.33995 74.6309 -2.02588 3.51926 61.9923 4.8149 4.31729 0.391681 0.251496 3056
0 0  -0.429494 7.37772 74.6725 -1.98213 3.47605 61.9911 4.8716 4.32033 0.38895 0.261488 3108
0 0  -0.351128 7.70893 74.8624 -1.52645 3.1183 61.9452 4.93609 4.35765 0.387376 0.268037 3160
0 0  -0.229831 8.2416 75.2317 -1.27195 2.61705 62.1328 5.01588 4.40219 0.383669 0.282971 3212
0 0  -0.269697 8.20464 75.252 -1.35936 2.69157 62.1287 5.05018 4.38992 0.371671 0.389252 3261
0 0  -0.303572 8.13274 75.2251 -1.44541 2.73653 62.145 5.08741 4.39081 0.371137 0.382837 3312
0 0  -0.32112 8.11355 75.2313 -1.4725 2.77352 62.1352 5.08705 4.38643 0.370801 0.372676 3363
0 0  -0.371137 8.08632 75.2797 -1.48586 2.78188 62.137 5.00327 4.36511 0.37002 0.368017 3414
0 0  -0.420733 7.44114 74.7159 -2.0243 3.42131 62.048 4.88871 4.31478 0.365642 0.363434 3466
0 0  -0.432671 7.51542 74.8003 -1.97823 3.37648 62.0468 4.78667 4.21103 0.389307 0.290597 3517
0 0  -0.419496 7.57646 74.8374 -1.93004 3.31941 62.052 4.7014 4.16567 0.38315 0.279779 3567
0 0  -0.401177 7.6015 74.8339 -1.98715 3.35533 62.0646 4.64681 4.18076 0.382127 0.288491 3618
0 0  -0.381102 7.42916 74.6487 -2.13002 3.48119 62.0774 4.64594 4.16645 0.384006 0.286766 3668
0 0  -0.384375 7.47491 74.6939 -2.13328 3.45883 62.0924 4.60072 4.15802 0.392478 0.264908 3720
0 0  -0.363 7.49295 74.6796 -2.1035 3.42898 62.0916 4.62505 4.1565 0.390873 0.269925 3772
0 0  0.199711 7.48995 73.9469 -1.69343 3.14781 62.0193 4.32019 4.25084 0.394108 0.275216 3823
0 0  0.55923 8.37222 74.2994 0 0 0 4.64937 0 0.425308 0.296934 3873
0 0  0.157992 8.07221 74.509 0 0 0 4.6621 0 -0.893076 -0.433951 3925
0 0  -0.133899 7.93057 74.7658 -1.53072 2.91388 62.0756 4.75891 4.11232 0.429399 0.329916 3974
0 0  -0.195791 7.89691 74.8204 -1.63748 2.99161 62.0852 4.75124 4.1339 0.400188 0.356925 4026
0 0  -0.273439 7.84877 74.8849 -1.71244 3.05363 62.0885 4.76136 4.18666 0.388893 0.341148 4078
0 0  -0.311855 7.81418 74.907 -1.77002 3.10347 62.0903 4.76347 4.1911 0.385575 0.328981 4129
0 0  -0.327424 7.79219 74.9083 -1.80114 3.1338 62.0894 4.8203 4.24669 0.383798 0.32467 4179
0 0  -0.328947 7.77671 74.8954 -1.80757 3.15332 62.0811 4.81411 4.24129 0.383279 0.318684 4230
0 0  -0.347178 7.69198 74.8404 -1.80822 3.16919 62.0717 4.76074 4.23153 0.382966 0.316962 4281
0 0  -0.342524 7.24247 74.4365 -2.20395 3.65144 62.026 4.78827 4.2518 0.382843 0.316564 4332
0 0  -0.366278 7.27286 74.4942 -2.19673 3.63065 62.0332 4.77717 4.20264 0.401379 0.245394 4383
0 0  -0.392914 7.26743 74.5266 -2.1858 3.63758 62.0225 4.69119 4.17469 0.397552 0.246863 4434
0 0  -0.402276 7.26976 74.5416 -2.182 3.63717 62.0204 4.70515 4.18611 0.394828 0.245556 4485
0 0  -0.407646 7.26674 74.5466 -2.16898 3.63766 62.0121 4.74172 4.1769 0.395685 0.245638 4536
0 0  -0.18617 8.06316 74.9743 -1.59242 2.85613 62.1472 4.72256 4.21646 0.395754 0.24592 4586
0 0  -0.233846 8.1629 75.1511 -1.57336 2.78261 62.185 4.84085 4.20358 0.385145 0.370632 4637
0 0  -0.266476 8.1232 75.1577 -1.62843 2.83577 62.1809 4.84184 4.20251 0.379394 0.373715 4687
0 0  -0.386301 8.0999 75.3187 -1.45553 2.82863 62.0898 4.8512 4.20879 0.37745 0.359297 4738
0 0  -0.564857 8.07308 75.5822 -1.25719 2.79473 62.0071 4.92209 4.24297 0.373571 0.356213 4789
0 0  -0.575798 8.05355 75.5782 -1.29741 2.81825 62.0126 4.97165 4.21134 0.344098 0.361326 4839
0 0  -0.557057 8.05039 75.5428 -1.3394 2.84587 62.0167 4.89218 4.19003 0.343597 0.357175 4890
0 0  -0.669733 7.40416 75.0559 -1.84203 3.41194 61.9463 4.75152 4.29251 0.346966 0.355314 4940
0 0  -0.679579 7.25901 74.9383 -1.89265 3.58213 61.8787 4.71688 4.1326 0.351465 0.328663 4991
0 0  -0.677937 7.28535 74.9594 -1.8687 3.54162 61.8876 4.66034 4.08794 0.364291 0.247598 5041
0 0  -0.65769 7.35198 74.9888 -1.84496 3.52094 61.8857 4.6123 4.03341 0.363796 0.250323 5093
0 0  -0.665245 7.34782 74.9966 -1.83092 3.50706 61.8855 4.60436 3.99934 0.363768 0.256872 5143
0 0  -0.640944 7.30411 74.9196 -1.95401 3.57764 61.9168 4.48036 3.96136 0.368919 0.248218 5195
0 0  -0.623204 7.34834 74.9325 -1.89744 3.51157 61.9212 4.41988 3.88799 0.369282 0.246759 5247
0 0  -0.224327 8.3082 75.2983 -1.56999 2.68609 62.248 4.43141 3.83816 0.368325 0.281367 5299
0 0  -0.257102 8.28712 75.3254 -1.63924 2.75329 62.2419 4.38022 3.77916 0.374038 0.387448 5351
0 0  -0.276611 8.2734 75.3404 -1.65129 2.75556 62.2472 4.33281 3.78259 0.373115 0.380969 5400
0 0  -0.300127 8.2566 75.3584 -1.66295 2.75928 62.2514 4.32859 3.78376 0.371324 0.374749 5451
0 0  -0.302976 8.28789 75.399 -1.66338 2.74501 62.2613 4.29181 3.75309 0.370746 0.372508 5501
0 0  -0.298107 8.31001 75.4169 -1.64799 2.71752 62.271 4.31224 3.73917 0.369043 0.376608 5552
0 0  -0.292307 8.35332 75.4585 -1.63226 2.67087 62.2938 4.31086 3.77515 0.367868 0.379235 5602
0 0  -0.283143 8.3895 75.4868 -1.60051 2.65055 62.2896 4.29911 3.72739 0.367104 0.384621 5653
0 0  -0.299345 8.39162 75.5157 -1.56377 2.63738 62.2778 4.32604 3.75632 0.365511 0.388391 5704
0 0  -0.287192 8.40383 75.5106 -1.5478 2.62307 62.2786 4.34762 3.73647 0.364855 0.390921 5755
0 0  -0.312678 8.39805 75.5453 -1.53333 2.60599 62.2823 4.3114 3.71591 0.364446 0.394256 5806
0 0  -0.41698 8.40519 75.7297 -1.36289 2.56998 62.2134 4.33858 3.7392 0.36466 0.395261 5857
0 0  -0.427495 8.40372 75.7461 -1.38163 2.56502 62.2269 4.37949 3.70503 0.348494 0.397454 5909
0 0  -0.42795 8.41506 75.7612 -1.39211 2.56269 62.2342 4.36905 3.71571 0.348966 0.397058 5961
0 0  -0.427621 8.41828 75.7647 -1.39129 2.56319 62.2334 4.35729 3.72469 0.347498 0.396971 6013
0 0  -0.441059 8.40482 75.771 -1.38611 2.56854 62.2269 4.31695 3.73153 0.347128 0.397638 6064
0 0  -0.439921 8.40624 75.7708 -1.38081 2.56652 62.2254 4.32223 3.71391 0.346887 0.396774 6115
0 0  -0.425336 8.4047 75.7436 -1.3992 2.57481 62.2297 4.35815 3.73117 0.347182 0.395893 6167
0 0  0.669708 9.04565 74.8872 -2.04047 2.20004 62.8922 4.90111 3.68222 0.347943 0.396355 6217
0 0  0.730718 9.19247 74.9853 -2.09447 2.18868 62.9374 4.27053 3.76414 0.442732 0.486203 6269
0 0  0.650339 9.17143 75.0656 -2.07615 2.22255 62.8982 4.36161 3.79355 0.441751 0.488839 6320
0 0  0.657032 9.09706 74.9654 -2.19341 2.28961 62.9249 4.40784 3.88165 0.430984 0.480729 6371
0 0  0.750449 9.02356 74.7582 -2.39927 2.42073 62.9669 4.45652 3.85842 0.438662 0.471777 6424
0 0  0.665378 8.99419 74.8322 -2.31855 2.40753 62.92 4.45544 3.86673 0.44924 0.456196 6472
0 0  0.60175 8.98421 74.9031 -2.27853 2.40579 62.8935 4.44084 3.82397 0.444882 0.454963 6523
0 0  0.857834 9.01543 74.6166 -2.51733 2.45356 63.0268 4.40119 3.83148 0.440775 0.453315 6574
0 0  0.782541 8.99261 74.6827 -2.45565 2.43381 62.9972 4.39641 3.80403 0.464165 0.456188 6625
0 0  0.718069 8.99298 74.7636 -2.40212 2.43549 62.9575 4.33492 3.81447 0.453891 0.454856 6676
0 0  0.655075 8.96316 74.8093 -2.36368 2.43234 62.9327 4.37006 3.83095 0.45038 0.452617 6727
0 0  0.633983 8.95872 74.8313 -2.33068 2.42626 62.9141 4.38884 3.83749 0.445382 0.451674 6779
0 0  0.584863 8.96913 74.9075 -2.3093 2.41123 62.9107 4.42451 3.84781 0.443217 0.450752 6830
0 0  0.574535 9.00056 74.9584 -2.28345 2.38838 62.9103 4.38856 3.83443 0.438721 0.452259 6881
0 0  0.560374 9.05036 75.0374 -2.26641 2.35323 62.9256 4.37414 3.77924 0.436186 0.453186 6932
0 0  0.554531 9.08638 75.0895 -2.24044 2.3202 62.9333 4.36705 3.8157 0.432633 0.46092 6983
0 0  0.558482 9.12825 75.1363 -2.23062 2.29778 62.9441 4.33724 3.75932 0.432623 0.46531 7033
0 0  0.543845 9.11095 75.1347 -2.16295 2.29333 62.9012 4.28862 3.70134 0.429722 0.470002 7084
0 0  -0.284737 9.07681 76.4423 -0.78043 1.9628 62.359 4.43142 3.75544 0.429815 0.470227 7134
0 0  -0.292921 9.02877 76.3815 -1.0146 2.05676 62.4032 4.48261 3.74412 0.324592 0.493928 7185
