0 0 0.00197214 0.192337 0.425356 0.0797614 0.0045499 0.00183854 0.0239442 0.192928 0 0 0 0 0 0 0 0 0 0 0 4800
0 0 0.00197378 0.192434 0.425605 0.0794636 0.00454671 0.00183658 0.0239529 0.192977 0 0 0 0 0 0 0 0 0 0 0 4853
0 0 0.00197524 0.192508 0.425861 0.0793485 0.00454467 0.00183527 0.0239587 0.193049 0 0 0 0 0 0 0 0 0 0 0 4903
0 0 0.00197686 0.192612 0.426181 0.0794381 0.00454304 0.00183337 0.0239718 0.193141 0 0 0 0 0 0 0 0 0 0 0 4953
0 0 0.00197744 0.192615 0.426278 0.0794995 0.00454272 0.00183361 0.0239668 0.193197 0 0 0 0 0 0 0 0 0 0 0 5005
0 0 0.00198066 0.19261 0.426794 0.07986 0.00454261 0.00183575 0.0239149 0.193518 0 0 0 0 0 0 0 0 0 0 0 5055
0 0 0.00198468 0.192589 0.427513 0.0803056 0.00454277 0.00183857 0.0238161 0.193876 0 0 0 0 0 0 0 0 0 0 0 5106
0 0 0.00198712 0.192564 0.427927 0.0836655 0.00454483 0.0018412 0.0235437 0.194228 0 0 0 0 0 0 0 0 0 0 0 5157
0 0 0.00198793 0.1925 0.428085 0.167605 0.00454722 0.00184379 0.0199991 0.194406 0 0 0 0 0 0 0 0 0 0 0 5209
0 0 0.00198315 0.1923 0.426851 1.66783 0.00455165 0.00184711 0.0116648 0.194293 -0.111382 0 0 0 0 0 0 0 0 0 0 5262
0 0 0.00197431 0.191886 0.42519 20.3864 0.00455578 0.00185364 0.00620048 0.194037 -13.1929 0 0 0 0 0 0 0 0 0 0 5314
0 0 0.00196921 0.190986 0.423275 36.1544 0.00455857 0.00187177 0.0051437 0.193959 -16.9739 0 0 0 0 0 0 0 0 0 0 5363
0 0 0.00196782 0.189444 0.420242 42.4451 0.00455563 0.00190439 0.00480523 0.193819 -18.1872 0 0 0 0 0 0 0 0 0 0 5414
0 0 0.00197511 0.186452 0.414775 39.9351 0.00454533 0.00197304 0.00485612 0.194039 -17.6426 0 0 0 0 0 0 0 0 0 0 5466
0 0 0.00196367 0.180602 0.403358 37.4447 0.00452365 0.00211503 0.00484941 0.194091 -16.9002 0 0 0 0 0 0 0 0 0 0 5519
0 0 0.00182797 0.155458 0.353653 19.5051 0.00428695 0.00293247 0.00526009 0.193981 -10.8972 0 0 0 0 0 0 0 0 0 0 5571
0 0 0.00182179 0.146455 0.335669 8.00953 0.00418724 0.00334029 0.00634705 0.193841 -5.5564 0 0 0 0 0 0 0 0 0 0 5621
0 0 0.00182179 0.146455 0.335669 8.00953 0.00418724 0.00334029 0.00634705 0.193841 -5.5564 0 0 0 0 0 0 0 0 0 0 5673
0 0 0.00166313 0.140495 0.323025 0.14492 0.00392226 0.00364742 0.0165045 0.192601 0 0 0 0 0 0 0 0 0 0 0 5725
0 0 0.00170439 0.151066 0.344115 0.12616 0.00405059 0.00311267 0.0192967 0.192696 0 0 0 0 0 0 0 0 0 0 0 5775
0 0 0.00172878 0.158969 0.359783 0.11434 0.00417267 0.00278573 0.0204524 0.193087 0 0 0 0 0 0 0 0 0 0 0 5827
0 0 0.0017335 0.16308 0.367867 0.108848 0.00419415 0.00263578 0.0210064 0.193387 0 0 0 0 0 0 0 0 0 0 0 5879
0 0 0.00175265 0.166219 0.374091 0.104958 0.00422183 0.00252872 0.0213606 0.193448 0 0 0 0 0 0 0 0 0 0 0 5930
0 0 0.0017117 0.163829 0.369026 0.108004 0.00417314 0.0026109 0.0212109 0.193763 0 0 0 0 0 0 0 0 0 0 0 5980
0 0 0.0016192 0.154145 0.350206 0.121318 0.00401103 0.00298573 0.0199921 0.194054 0 0 0 0 0 0 0 0 0 0 0 6031
0 0 0.00119949 0.110616 0.262333 0.228188 0.00323099 0.00616948 0.0133503 0.194453 0 0 0 0 0 0 0 0 0 0 0 6081
0 0 0.000915824 0.0819115 0.201947 0.52585 0.0026854 0.0118979 0.0074114 0.194648 0 0 0 0 0 0 0 0 0 0 0 6137
0 0 0.000698929 0.0605834 0.155181 4.3391 0.00216293 0.0230051 0.00344057 0.194662 0 0 0 0 0 0 0 0 0 0 0 6187
0 0 0.000509603 0.0424977 0.113824 16.6089 0.00164469 0.0499557 0.0017799 0.194774 0 0 0 0 0 0 0 0 0 0 0 6241
0 0 0.00050958 0.0424523 0.113603 16.4327 0.001603 0.0501607 0.0017898 0.194857 0 0 0 0 0 0 0 0 0 0 0 6292
0 0 0.000439268 0.035467 0.0969206 9.87876 0.00137688 0.0744895 0.00176249 0.195093 0 0 0 0 0 0 0 0 0 0 0 6343
0 0 0.000571266 0.0473263 0.124556 5.12982 0.00162394 0.0398271 0.00269565 0.195408 0 0 0 0 0 0 0 0 0 0 0 6396
0 0 0.00137541 0.122668 0.286401 0.18855 0.00322199 0.00494078 0.0158052 0.195178 0 0 0 0 0 0 0 0 0 0 0 6448
0 0 0.0015011 0.133279 0.307648 0.160886 0.00341761 0.00411141 0.017949 0.1944 0 0 0 0 0 0 0 0 0 0 0 6499
0 0 0.00183907 0.163832 0.368136 0.120884 0.0040279 0.00260746 0.0218499 0.193774 0 0 0 0 0 0 0 0 0 0 0 6549
0 0 0.00183907 0.163832 0.368136 0.120884 0.0040279 0.00260746 0.0218499 0.193774 0 0 0 0 0 0 0 0 0 0 0 6601
0 0 0.00185431 0.17163 0.384015 0.12155 0.00416735 0.00235534 0.022622 0.193707 0 0 0 0 0 0 0 0 0 0 0 6650
0 0 0.00187607 0.179228 0.402141 0.1011 0.00429027 0.0021539 0.0227981 0.194683 0 0 0 0 0 0 0 0 0 0 0 6702
0 0 0.00191958 0.180169 0.407052 0.0961432 0.0042895 0.00214627 0.0223521 0.196481 0 0 0 0 0 0 0 0 0 0 0 6753
0 0 0.00191958 0.180169 0.407052 0.0961432 0.0042895 0.00214627 0.0223521 0.196481 0 0 0 0 0 0 0 0 0 0 0 6809
0 0 0.00191958 0.180169 0.407052 0.0961432 0.0042895 0.00214627 0.0223521 0.196481 0 0 0 0 0 0 0 0 0 0 0 6860
0 0 0.00191958 0.180169 0.407052 0.0961432 0.0042895 0.00214627 0.0223521 0.196481 0 0 0 0 0 0 0 0 0 0 0 6916
0 0 0.00191958 0.180169 0.407052 0.0961432 0.0042895 0.00214627 0.0223521 0.196481 0 0 0 0 0 0 0 0 0 0 0 6968
0 0 0.00191958 0.180169 0.407052 0.0961432 0.0042895 0.00214627 0.0223521 0.196481 0 0 0 0 0 0 0 0 0 0 0 7018
0 0 0.00191958 0.180169 0.407052 0.0961432 0.0042895 0.00214627 0.0223521 0.196481 0 0 0 0 0 0 0 0 0 0 0 7075
0 0 0.00191958 0.180169 0.407052 0.0961432 0.0042895 0.00214627 0.0223521 0.196481 0 0 0 0 0 0 0 0 0 0 0 7127
0 0 0.00191958 0.180169 0.407052 0.0961432 0.0042895 0.00214627 0.0223521 0.196481 0 0 0 0 0 0 0 0 0 0 0 7179
0 0 0.00191958 0.180169 0.407052 0.0961432 0.0042895 0.00214627 0.0223521 0.196481 0 0 0 0 0 0 0 0 0 0 0 7231
0 0 0.00191958 0.180169 0.407052 0.0961432 0.0042895 0.00214627 0.0223521 0.196481 0 0 0 0 0 0 0 0 0 0 0 7285
0 0 0.00191958 0.180169 0.407052 0.0961432 0.0042895 0.00214627 0.0223521 0.196481 0 0 0 0 0 0 0 0 0 0 0 7339
0 0 0.00191958 0.180169 0.407052 0.0961432 0.0042895 0.00214627 0.0223521 0.196481 0 0 0 0 0 0 0 0 0 0 0 7392
0 0 0.00191958 0.180169 0.407052 0.0961432 0.0042895 0.00214627 0.0223521 0.196481 0 0 0 0 0 0 0 0 0 0 0 7445
0 0 0.00191958 0.180169 0.407052 0.0961432 0.0042895 0.00214627 0.0223521 0.196481 0 0 0 0 0 0 0 0 0 0 0 7499
0 0 0.00191958 0.180169 0.407052 0.0961432 0.0042895 0.00214627 0.0223521 0.196481 0 0 0 0 0 0 0 0 0 0 0 7551
0 0 0.00191958 0.180169 0.407052 0.0961432 0.0042895 0.00214627 0.0223521 0.196481 0 0 0 0 0 0 0 0 0 0 0 7609
0 0 0.00191958 0.180169 0.407052 0.0961432 0.0042895 0.00214627 0.0223521 0.196481 0 0 0 0 0 0 0 0 0 0 0 7660
0 0 0.00191958 0.180169 0.407052 0.0961432 0.0042895 0.00214627 0.0223521 0.196481 0 0 0 0 0 0 0 0 0 0 0 7713
0 0 0.00191958 0.180169 0.407052 0.0961432 0.0042895 0.00214627 0.0223521 0.196481 0 0 0 0 0 0 0 0 0 0 0 7765
0 0 0.00191958 0.180169 0.407052 0.0961432 0.0042895 0.00214627 0.0223521 0.196481 0 0 0 0 0 0 0 0 0 0 0 7816
0 0 0.00191958 0.180169 0.407052 0.0961432 0.0042895 0.00214627 0.0223521 0.196481 0 0 0 0 0 0 0 0 0 0 0 7870
0 0 0.00547481 0.195613 0.219097 4.50212 0.00405271 0.00173286 0.0138629 0.25377 -18.2781 0 0 0 0 0 0 0 0 0 0 7925
0 0 0.0239506 0.193948 0.053761 22.2436 0.00319485 0.00178799 0.00393027 0.258789 -34.4622 0 0 0 0 0 0 0 0 0 0 7979
0 0 0.0239506 0.193948 0.053761 22.2436 0.00319485 0.00178799 0.00393027 0.258789 -34.4622 0 0 0 0 0 0 0 0 0 0 8033
0 0 0.0239506 0.193948 0.053761 22.2436 0.00319485 0.00178799 0.00393027 0.258789 -34.4622 0 0 0 0 0 0 0 0 0 0 8092
0 0 0.00654392 0.193023 0.170034 14.8365 0.0021893 0.00181999 0.00589754 0.316676 -22.2057 0 0 0 0 0 0 0 0 0 0 8145
0 0 0.00654392 0.193023 0.170034 14.8365 0.0021893 0.00181999 0.00589754 0.316676 -22.2057 0 0 0 0 0 0 0 0 0 0 8196
0 0 0.00580332 0.193153 0.19227 28.6259 0.00251745 0.00182894 0.00470665 0.284269 -24.7881 0 0 0 0 0 0 0 0 0 0 8249
0 0 0.00580332 0.193153 0.19227 28.6259 0.00251745 0.00182894 0.00470665 0.284269 -24.7881 0 0 0 0 0 0 0 0 0 0 8302
0 0 0.00748614 0.193133 0.16224 40.3877 0.00448399 0.00183001 0.00376814 0.201057 -28.7719 0 0 0 0 0 0 0 0 0 0 8352
0 0 0.0109578 0.192926 0.127497 46.5957 0.0049542 0.00183039 0.00324837 0.195729 -32.9824 0 0 0 0 0 0 0 0 0 0 8403
0 0 0.0172877 0.197732 0.0995141 49.0824 0.00627069 0.0018308 0.00290503 0.195056 -37.2564 0 0 0 0 0 0 0 0 0 0 8455
0 0 0.0172877 0.197732 0.0995141 49.0824 0.00627069 0.0018308 0.00290503 0.195056 -37.2564 0 0 0 0 0 0 0 0 0 0 8505
0 0 0.0172877 0.197732 0.0995141 49.0824 0.00627069 0.0018308 0.00290503 0.195056 -37.2564 0 0 0 0 0 0 0 0 0 0 8556
0 0 0.0172877 0.197732 0.0995141 49.0824 0.00627069 0.0018308 0.00290503 0.195056 -37.2564 0 0 0 0 0 0 0 0 0 0 8607
0 0 0.0020673 0.192819 0.402867 0.0857822 0.00457216 0.001831 0.0241178 0.194356 0 0 0 0 0 0 0 0 0 0 0 8658
0 0 0.0020673 0.192819 0.402867 0.0857822 0.00457216 0.001831 0.0241178 0.194356 0 0 0 0 0 0 0 0 0 0 0 8708
0 0 0.00226364 0.192983 0.369335 0.0974306 0.00456403 0.00183028 0.023329 0.194088 0 0 0 0 0 0 0 0 0 0 0 8759
0 0 0.00221113 0.193273 0.407869 0.0905104 0.00454607 0.00181243 0.0240518 0.19213 0 0 0 0 0 0 0 0 0 0 0 8811
0 0 0.00219126 0.192924 0.407106 0.0890792 0.00454071 0.00183351 0.0237257 0.194532 0 0 0 0 0 0 0 0 0 0 0 8862
0 0 0.00229557 0.192722 0.393368 0.0914615 0.00454316 0.00186685 0.0227154 0.19862 0 0 0 0 0 0 0 0 0 0 0 8915
0 0 0.00251083 0.192868 0.423169 0.118273 0.00454974 0.00193515 0.0215401 0.207665 0 0 0 0 0 0 0 0 0 0 0 8964
0 0 0.00238369 0.193156 0.427475 0.111117 0.00455945 0.00191092 0.0221886 0.204581 0 0 0 0 0 0 0 0 0 0 0 9015
0 0 0.00222972 0.193308 0.447114 0.104802 0.00455777 0.00197318 0.0211093 0.213603 0 0 0 0 0 0 0 0 0 0 0 9067
0 0 0.00248447 0.192767 0.482274 0.137898 0.00452468 0.00218576 0.0186843 0.235864 0 0 0 0 0 0 0 0 0 0 0 9117
0 0 0.00251679 0.189218 0.480976 0.145886 0.0044383 0.00232014 0.0177308 0.239957 0 0 0 0 0 0 0 0 0 0 0 9169
0 0 0.00207178 0.188784 0.432252 0.0961052 0.00441805 0.00209139 0.0214741 0.20723 0 0 0 0 0 0 0 0 0 0 0 9220
0 0 0.00193341 0.189715 0.416779 0.0848426 0.00440961 0.00200793 0.0230459 0.196465 0 0 0 0 0 0 0 0 0 0 0 9271
0 0 0.00192338 0.188093 0.413357 0.0867188 0.00436214 0.00206421 0.0226881 0.197142 0 0 0 0 0 0 0 0 0 0 0 9324
0 0 0.0019447 0.189665 0.417328 0.0855179 0.00439044 0.00203799 0.0227549 0.198155 0 0 0 0 0 0 0 0 0 0 0 9374
0 0 0.00194223 0.190461 0.414658 0.0875491 0.00433993 0.00210328 0.0222722 0.199303 0 0 0 0 0 0 0 0 0 0 0 9426
0 0 0.00195905 0.190586 0.414684 0.0883459 0.00431733 0.00213837 0.0218676 0.200887 0 0 0 0 0 0 0 0 0 0 0 9478
0 0 0.00195905 0.190586 0.414684 0.0883459 0.00431733 0.00213837 0.0218676 0.200887 0 0 0 0 0 0 0 0 0 0 0 9530
0 0 0.00211453 0.194425 0.437709 0.102436 0.00436246 0.00216319 0.0206915 0.21134 0 0 0 0 0 0 0 0 0 0 0 9580
0 0 0.00227107 0.19646 0.46783 0.120738 0.00437944 0.00222475 0.019465 0.222787 0 0 0 0 0 0 0 0 0 0 0 9633
0 0 0.00296712 0.196504 0.580033 0.221481 0.00439175 0.00254188 0.0150307 0.271246 0 0 0 0 0 0 0 0 0 0 0 9683
0 0 0.0095653 0.199194 1.71703 3.45778 0.004424 0.00462123 0.00479579 0.644162 0 0 0 0 0 0 0 0 0 0 0 9734
0 0 0.0157406 0.198726 2.33669 9.6217 0.00439355 0.00601835 0.00293872 0.934922 0 0 0 0 0 0 0 0 0 0 0 9785
0 0 0.0288392 0.197996 2.80716 26.028 0.00428444 0.00835203 0.00161707 1.47904 0 0 0 0 0 0 0 0 0 0 0 9837
0 0 0.0495635 0.196989 2.68703 46.8001 0.00374832 0.0111425 0.000967239 2.34013 0 0 0 0 0 0 0 0 0 0 0 9887
0 0 0.0495635 0.196989 2.68703 46.8001 0.00374832 0.0111425 0.000967239 2.34013 0 0 0 0 0 0 0 0 0 0 0 9940
0 0 0.0495635 0.196989 2.68703 46.8001 0.00374832 0.0111425 0.000967239 2.34013 0 0 0 0 0 0 0 0 0 0 0 9997
0 0 0.0527396 0.196793 2.64461 49.1226 0.00347423 0.011434 0.00091695 2.5513 0 0 0 0 0 0 0 0 0 0 0 10050
0 0 0.0540857 0.197067 2.5606 49.1542 0.00258026 0.0113069 0.000940291 3.04024 0 0 0 0 0 0 0 0 0 0 0 10108
0 0 0.0547462 0.197175 2.5422 49.3068 0.00169853 0.0111346 0.00100312 3.79371 0 0 0 0 0 0 0 0 0 0 0 10161
0 0 0.0547462 0.197175 2.5422 49.3068 0.00169853 0.0111346 0.00100312 3.79371 0 0 0 0 0 0 0 0 0 0 0 10215
0 0 0.0550611 0.196796 2.54313 49.6494 0.00142315 0.0111868 0.000994437 4.22586 0 0 0 0 0 0 0 0 0 0 0 10269
0 0 0.0550611 0.196796 2.54313 49.6494 0.00142315 0.0111868 0.000994437 4.22586 0 0 0 0 0 0 0 0 0 0 0 10322
0 0 0.0553649 0.198082 2.54829 49.7519 0.000602459 0.011117 0.00107198 6.7034 0 0 0 0 0 0 0 0 0 0 0 10375
0 0 0.0553649 0.198082 2.54829 49.7519 0.000602459 0.011117 0.00107198 6.7034 0 0 0 0 0 0 0 0 0 0 0 10426
0 0 0.0556286 0.197372 2.55309 49.9478 0.000451771 0.0111208 0.00108359 7.84102 0 0 0 0 0 0 0 0 0 0 0 10478
0 0 0.0558948 0.198839 2.5511 49.998 0.000277424 0.0110528 0.00111264 10.1258 0 0 0 0 0 0 0 0 0 0 0 10528
0 0 0.0558948 0.198839 2.5511 49.998 0.000277424 0.0110528 0.00111264 10.1258 0 0 0 0 0 0 0 0 0 0 0 10587
0 0 0.0567299 0.200239 2.55589 50.4183 0.000198612 0.0109662 0.00110532 12.1269 0 0 0 0 0 0 0 0 0 0 0 10641
0 0 0.0567299 0.200239 2.55589 50.4183 0.000198612 0.0109662 0.00110532 12.1269 0 0 0 0 0 0 0 0 0 0 0 10695
0 0 0.0566953 0.197719 2.55827 50.3756 0.000169663 0.0109539 0.00107638 13.2902 0 0 0 0 0 0 0 0 0 0 0 10751
0 0 0.0566953 0.197719 2.55827 50.3756 0.000169663 0.0109539 0.00107638 13.2902 0 0 0 0 0 0 0 0 0 0 0 10811
0 0 0.0566387 0.196633 2.55574 50.2907 0.000154833 0.0109259 0.00107306 13.9455 0 0 0 0 0 0 0 0 0 0 0 10863
0 0 0.0560139 0.195372 2.54432 49.7311 0.000150213 0.010858 0.00106993 14.1449 0 0 0 0 0 0 0 0 0 0 0 10914
0 0 0.0560139 0.195372 2.54432 49.7311 0.000150213 0.010858 0.00106993 14.1449 0 0 0 0 0 0 0 0 0 0 0 10966
0 0 0.0531624 0.194835 2.47457 46.9511 0.000148111 0.0105291 0.00112248 13.8174 0 0 0 0 0 0 0 0 0 0 0 11015
0 0 0.0522603 0.194544 2.45052 46.1286 0.000146183 0.0104426 0.00116476 13.7072 0 0 0 0 0 0 0 0 0 0 0 11072
0 0 0.0522603 0.194544 2.45052 46.1286 0.000146183 0.0104426 0.00116476 13.7072 0 0 0 0 0 0 0 0 0 0 0 11122
0 0 0.051798 0.194323 2.44826 45.9892 0.000143379 0.0104358 0.00121608 13.7359 0 0 0 0 0 0 0 0 0 0 0 11173
0 0 0.051798 0.194323 2.44826 45.9892 0.000143379 0.0104358 0.00121608 13.7359 0 0 0 0 0 0 0 0 0 0 0 11227
0 0 0.0477488 0.193844 2.39598 43.6262 0.000146195 0.0102791 0.00130044 13.6335 0 0 0 0 0 0 0 0 0 0 0 11283
0 0 0.0389994 0.193177 2.50788 47.8314 0.000159807 0.0108911 0.00187105 16.2465 0 0 0 0 0 0 0 0 0 0 0 11334
0 0 0.0389994 0.193177 2.50788 47.8314 0.000159807 0.0108911 0.00187105 16.2465 0 0 0 0 0 0 0 0 0 0 0 11384
0 0 0.0367518 0.193069 2.49485 47.2772 0.000162528 0.010857 0.00204215 16.4931 0 0 0 0 0 0 0 0 0 0 0 11439
0 0 0.0367518 0.193069 2.49485 47.2772 0.000162528 0.010857 0.00204215 16.4931 0 0 0 0 0 0 0 0 0 0 0 11489
0 0 0.027183 0.193722 1.87526 37.7792 0.000166486 0.00801672 0.00215319 10.5628 0 0 0 0 0 0 0 0 0 0 0 11541
0 0 0.00638585 0.194769 0.804824 48.8767 0.000165729 0.00334029 0.00863258 3.29615 0 0 0 0 0 0 0 0 0 0 0 11593
0 0 0.00319409 0.195141 0.427669 50.7994 0.000168693 0.0017688 0.0154164 1.37006 -0.192734 0 0 0 0 0 0 0 0 0 0 11645
0 0 0.090528 0.193051 0.253859 50.0069 0.000175382 0.00181752 0.0180453 1.3447 -25.3467 0 0 0 0 0 0 0 0 0 0 11695
0 0 0.0756317 0.192946 0.287794 49.8938 0.000181395 0.00182168 0.0204157 1.31935 -22.2157 0 0 0 0 0 0 0 0 0 0 11746
0 0 0.0680216 0.193022 0.256575 49.5955 0.000223238 0.00182354 0.0200438 1.1641 -20.2984 0 0 0 0 0 0 0 0 0 0 11798
0 0 0.0452186 0.192965 0.245329 49.4125 0.000261702 0.00182498 0.0197883 1.05986 -15.8541 0 0 0 0 0 0 0 0 0 0 11848
0 0 0.0197107 0.192943 0.209359 48.83 0.000461805 0.0018277 0.0187491 0.75758 -6.69052 0 0 0 0 0 0 0 0 0 0 11899
0 0 0.0126147 0.192979 0.185822 47.4043 0.000887031 0.00182935 0.0180215 0.514972 -1.6241 0 0 0 0 0 0 0 0 0 0 11949
0 0 0.0125514 0.192924 0.171515 46.5344 0.00103619 0.00182943 0.0175528 0.470155 -1.26949 0 0 0 0 0 0 0 0 0 0 12000
0 0 0.0146772 0.192862 0.101042 43.8017 0.00159603 0.00182951 0.0146644 0.365941 -1.02059 0 0 0 0 0 0 0 0 0 0 12050
0 0 0.00984827 0.192811 0.124772 42.7735 0.00210813 0.00183019 0.0157655 0.312499 0 0 0 0 0 0 0 0 0 0 0 12101
0 0 0.00685121 0.192801 0.171252 44.5406 0.00219708 0.00183038 0.0175565 0.304966 0 0 0 0 0 0 0 0 0 0 0 12153
0 0 0.00250825 0.192767 0.374241 47.3467 0.00250141 0.00183128 0.022901 0.283611 0 0 0 0 0 0 0 0 0 0 0 12205
0 0 0.00224608 0.192751 0.3955 48.2021 0.00285922 0.00183163 0.0233271 0.261978 0 0 0 0 0 0 0 0 0 0 0 12256
0 0 0.00221144 0.192805 0.399406 47.439 0.00321434 0.00183218 0.0233497 0.247202 0 0 0 0 0 0 0 0 0 0 0 12309
0 0 0.0021529 0.19286 0.408501 46.4784 0.00339132 0.0018341 0.0233873 0.241079 0 0 0 0 0 0 0 0 0 0 0 12359
0 0 0.00208288 0.192939 0.414858 43.5972 0.00376002 0.00183513 0.0231592 0.228078 0 0 0 0 0 0 0 0 0 0 0 12412
0 0 0.00204996 0.19301 0.419038 40.3211 0.00376927 0.0018337 0.0213281 0.228397 0 0 0 0 0 0 0 0 0 0 0 12461
0 0 0.00200912 0.193297 0.423721 33.6821 0.00358668 0.00183343 0.0199116 0.230489 0 0 0 0 0 0 0 0 0 0 0 12512
0 0 0.00199355 0.193549 0.426783 34.0726 0.00336687 0.00183481 0.0230024 0.237772 0 0 0 0 0 0 0 0 0 0 0 12565
0 0 0.00200874 0.19447 0.429562 41.9027 0.00240944 0.00184201 0.0234296 0.289247 0 0 0 0 0 0 0 0 0 0 0 12615
0 0 0.00200521 0.195976 0.430923 44.3495 0.00208195 0.00184619 0.0235215 0.315717 0 0 0 0 0 0 0 0 0 0 0 12666
0 0 0.00201952 0.199162 0.433043 45.7854 0.00199789 0.00185314 0.0233651 0.32396 0 0 0 0 0 0 0 0 0 0 0 12718
0 0 0.00207354 0.204586 0.437129 46.9644 0.00178214 0.00186594 0.0228823 0.349483 0 0 0 0 0 0 0 0 0 0 0 12772
0 0 0.00233627 0.239892 0.463987 48.955 0.00111511 0.00191917 0.0201425 0.478983 0 0 0 0 0 0 0 0 0 0 0 12823
0 0 0.00277551 0.279274 0.510536 50.6191 0.00099987 0.00191923 0.0185309 0.510873 0 0 0 0 0 0 0 0 0 0 0 12875
0 0 0.0081534 0.46742 0.61863 53.4733 0.000829467 0.00200147 0.0127177 0.604623 -11.6812 0 0 0 0 0 0 0 0 0 0 12926
0 0 0.0166718 0.477389 0.511347 49.827 0.000764336 0.00208815 0.0170175 0.671302 -9.608 0 0 0 0 0 0 0 0 0 0 12979
0 0 0.0141431 0.363059 0.495066 49.7461 0.000621882 0.00205149 0.0175616 0.740107 -7.80479 0 0 0 0 0 0 0 0 0 0 13029
0 0 0.00980046 0.330151 0.488291 49.7002 0.000559752 0.00201716 0.0193068 0.770521 -2.70361 0 0 0 0 0 0 0 0 0 0 13086
0 0 0.00980046 0.330151 0.488291 49.7002 0.000559752 0.00201716 0.0193068 0.770521 -2.70361 0 0 0 0 0 0 0 0 0 0 13137
0 0 0.00364999 0.2774 0.472968 49.1411 0.000680062 0.00194198 0.0214403 0.65227 0 0 0 0 0 0 0 0 0 0 0 13192
0 0 0.00283941 0.250244 0.484273 47.6253 0.000632454 0.00193802 0.0216063 0.682072 0 0 0 0 0 0 0 0 0 0 0 13243
0 0 0.00228115 0.228088 0.483009 42.6146 0.000659649 0.00189337 0.0221406 0.651204 0 0 0 0 0 0 0 0 0 0 0 13297
0 0 0.00228115 0.228088 0.483009 42.6146 0.000659649 0.00189337 0.0221406 0.651204 0 0 0 0 0 0 0 0 0 0 0 13348
0 0 0.00191897 0.217874 0.495083 34.0839 0.000701799 0.00185211 0.025752 0.638205 0 0 0 0 0 0 0 0 0 0 0 13400
0 0 0.00145662 0.203681 0.583696 32.5961 0.000590376 0.00183285 0.0351692 0.865442 0 0 0 0 0 0 0 0 0 0 0 13451
0 0 0.00145662 0.203681 0.583696 32.5961 0.000590376 0.00183285 0.0351692 0.865442 0 0 0 0 0 0 0 0 0 0 0 13506
0 0 0.0010365 0.197258 0.587861 32.6867 0.000852831 0.0018245 0.0818574 0.936672 0 0 0 0 0 0 0 0 0 0 0 13557
0 0 0.000278856 0.194672 0.582788 29.0798 0.00188114 0.00181661 1.18869 1.87979 -6.31665 0 0 0 0 0 0 0 0 0 0 13613
0 0 0.000278856 0.194672 0.582788 29.0798 0.00188114 0.00181661 1.18869 1.87979 -6.31665 0 0 0 0 0 0 0 0 0 0 13662
0 0 0.000278856 0.194672 0.582788 29.0798 0.00188114 0.00181661 1.18869 1.87979 -6.31665 0 0 0 0 0 0 0 0 0 0 13716
0 0 0.000278856 0.194672 0.582788 29.0798 0.00188114 0.00181661 1.18869 1.87979 -6.31665 0 0 0 0 0 0 0 0 0 0 13769
0 0 0.000203112 0.193834 0.532613 13.0346 0.00448146 0.00180978 2.24027 1.49227 -9.77087 0 0 0 0 0 0 0 0 0 0 13825
0 0 0.000203112 0.193834 0.532613 13.0346 0.00448146 0.00180978 2.24027 1.49227 -9.77087 0 0 0 0 0 0 0 0 0 0 13879
0 0 0.000203112 0.193834 0.532613 13.0346 0.00448146 0.00180978 2.24027 1.49227 -9.77087 0 0 0 0 0 0 0 0 0 0 13933
0 0 0.000195378 0.19379 0.48152 1.09229 0.00795874 0.00179658 2.42325 1.10389 -10.9175 0 0 0 0 0 0 0 0 0 0 13988
0 0 0.000198054 0.193442 0.440354 0.276786 0.0103386 0.00180245 1.88327 0.928584 -15.6717 0 0 0 0 0 0 0 0 0 0 14039
0 0 0.000198054 0.193442 0.440354 0.276786 0.0103386 0.00180245 1.88327 0.928584 -15.6717 0 0 0 0 0 0 0 0 0 0 14091
0 0 0.000123425 0.19386 0.435569 0.377981 0.0159188 0.00178925 4.60095 1.09014 -22.8797 0 0 0 0 0 0 0 0 0 0 14145
0 0 0.000123425 0.19386 0.435569 0.377981 0.0159188 0.00178925 4.60095 1.09014 -22.8797 0 0 0 0 0 0 0 0 0 0 14196
0 0 9.68512e-05 0.195656 0.439868 1.09796 0.0192695 0.00173337 6.442 1.23358 -31.0756 0 0 0 0 0 0 0 0 0 0 14249
0 0 9.68512e-05 0.195656 0.439868 1.09796 0.0192695 0.00173337 6.442 1.23358 -31.0756 0 0 0 0 0 0 0 0 0 0 14304
0 0 0.000129658 0.205209 0.42764 1.83089 0.0218523 0.00146533 6.85202 0.98174 -36.2056 0 0 0 0 0 0 0 0 0 0 14356
0 0 0.00014434 0.211364 0.428169 31.5877 0.026512 0.0013142 3.5338 0.919594 -48.2957 0 0 0 0 0 0 0 0 0 0 14411
0 0 0.00014434 0.211364 0.428169 31.5877 0.026512 0.0013142 3.5338 0.919594 -48.2957 0 0 0 0 0 0 0 0 0 0 14468
0 0 0.00014434 0.211364 0.428169 31.5877 0.026512 0.0013142 3.5338 0.919594 -48.2957 0 0 0 0 0 0 0 0 0 0 14523
0 0 0.000413839 0.203391 0.428393 43.7045 0.01278 0.00150453 0.225392 0.492988 -37.574 0 0 0 0 0 0 0 0 0 0 14574
0 0 0.000413839 0.203391 0.428393 43.7045 0.01278 0.00150453 0.225392 0.492988 -37.574 0 0 0 0 0 0 0 0 0 0 14629
0 0 0.00180508 0.202349 0.48009 52.1307 0.00672029 0.00159305 0.0112367 0.228379 -24.9425 0 0 0 0 0 0 0 0 0 0 14678
0 0 0.00662435 0.196778 0.748451 2.96209 0.00507735 0.0029928 0.00419158 0.416473 -3.2743 0 0 0 0 0 0 0 0 0 0 14730
0 0 0.0189657 0.222326 0.988747 4.04294 0.00654225 0.00266917 0.00772912 0.424987 0 0 0 0 0 0 0 0 0 0 0 14779
0 0 0.557936 0.220428 0.00530769 60.5457 0.00631445 0.00150291 0.00146725 0.21228 -62.4865 0 0 0 0 0 0 0 0 0 0 14831
0 0 0.421215 0.213689 0.00583959 57.8923 0.00513057 0.00158243 0.00155012 0.223459 -62.1149 0 0 0 0 0 0 0 0 0 0 14882
0 0 0.493274 0.21548 0.00530446 54.7395 0.0049168 0.00136759 0.00217735 0.195966 -63.1758 0 0 0 0 0 0 0 0 0 0 14931
0 0 0.503019 0.211757 0.0069418 37.1884 0.00410914 0.0015738 0.00190239 0.240374 -58.5691 0 0 0 0 0 0 0 0 0 0 14985
0 0 0.337107 0.208714 0.00798263 32.0537 0.00376411 0.0017108 0.00297682 0.262054 -44.1762 0 0 0 0 0 0 0 0 0 0 15036
0 0 0.136808 0.205323 0.0168927 15.3245 0.00402872 0.00207141 0.00529731 0.303724 -20.2781 0 0 0 0 0 0 0 0 0 0 15087
0 0 0.194046 0.205598 0.0133743 21.3233 0.00408256 0.00214938 0.00471897 0.315149 -20.8607 0 0 0 0 0 0 0 0 0 0 15137
0 0 0.263435 0.211465 0.0118795 26.3032 0.00447907 0.00194395 0.00504927 0.279248 -22.8664 0 0 0 0 0 0 0 0 0 0 15190
0 0 0.185491 0.21034 0.0171609 18.8218 0.00449557 0.00215535 0.00462982 0.312173 -19.3824 0 0 0 0 0 0 0 0 0 0 15240
0 0 0.397162 0.213697 0.00863384 37.3827 0.00479849 0.00185132 0.00461985 0.249581 -25.0048 0 0 0 0 0 0 0 0 0 0 15291
0 0 0.397162 0.213697 0.00863384 37.3827 0.00479849 0.00185132 0.00461985 0.249581 -25.0048 0 0 0 0 0 0 0 0 0 0 15342
0 0 0.439427 0.217357 0.00919392 38.9003 0.00496994 0.00167814 0.0051779 0.222985 -27.3617 0 0 0 0 0 0 0 0 0 0 15394
0 0 0.416433 0.220975 0.00934143 38.3842 0.00525258 0.00161545 0.00507807 0.213782 -27.9061 0 0 0 0 0 0 0 0 0 0 15445
0 0 0.406701 0.210743 0.0059793 43.2193 0.00491324 0.00165567 0.00379374 0.20306 -33.9141 0 0 0 0 0 0 0 0 0 0 15496
0 0 0.242924 0.205914 0.00696336 32.8508 0.00474848 0.00166186 0.00358025 0.195796 -34.8118 0 0 0 0 0 0 0 0 0 0 15552
0 0 0.193368 0.204817 0.00757603 28.4917 0.00477532 0.00164057 0.00461779 0.189995 -29.4417 0 0 0 0 0 0 0 0 0 0 15602
0 0 0.146794 0.205497 0.00905204 22.1797 0.00493511 0.00155907 0.0069279 0.176477 -22.0166 0 0 0 0 0 0 0 0 0 0 15653
0 0 0.0606088 0.20408 0.0180253 8.90596 0.00494677 0.00156889 0.0105053 0.178709 -14.3216 0 0 0 0 0 0 0 0 0 0 15706
0 0 0.00789093 0.204263 0.120181 0.609801 0.00512311 0.00157986 0.025016 0.185844 0 0 0 0 0 0 0 0 0 0 0 15756
0 0 0.00283933 0.203424 0.3059 0.155445 0.00522983 0.00162412 0.0360774 0.196328 0 0 0 0 0 0 0 0 0 0 0 15808
0 0 0.00235624 0.20167 0.354527 0.121174 0.00511951 0.00171335 0.0342883 0.20546 0 0 0 0 0 0 0 0 0 0 0 15858
0 0 0.00201536 0.201312 0.404116 0.10357 0.00515405 0.00174265 0.0362222 0.211943 0 0 0 0 0 0 0 0 0 0 0 15910
0 0 0.00197376 0.202557 0.443598 0.109097 0.0050608 0.00180961 0.0328743 0.217052 0 0 0 0 0 0 0 0 0 0 0 15960
0 0 0.00196625 0.202712 0.450301 0.11389 0.00507189 0.00185225 0.0325888 0.224807 0 0 0 0 0 0 0 0 0 0 0 16012
0 0 0.0021068 0.204063 0.465701 0.125857 0.00499895 0.00192162 0.0292573 0.232159 0 0 0 0 0 0 0 0 0 0 0 16061
0 0 0.00229589 0.205768 0.489491 0.146995 0.00493651 0.00202329 0.0259579 0.245591 0 0 0 0 0 0 0 0 0 0 0 16112
0 0 0.00221156 0.206422 0.485915 0.13949 0.00490259 0.0020376 0.0257779 0.246224 0 0 0 0 0 0 0 0 0 0 0 16162
0 0 0.00265193 0.206616 0.516099 0.176142 0.00469153 0.00221702 0.0193233 0.262777 0 0 0 0 0 0 0 0 0 0 0 16212
0 0 0.0023699 0.2082 0.473812 0.131011 0.00463469 0.00206417 0.0209198 0.23467 0 0 0 0 0 0 0 0 0 0 0 16264
0 0 0.00204734 0.20784 0.414138 0.0931562 0.00461338 0.00190052 0.0234256 0.208082 0 0 0 0 0 0 0 0 0 0 0 16316
0 0 0.00225112 0.207644 0.370481 0.0998097 0.00460532 0.00186285 0.0232826 0.201784 0 0 0 0 0 0 0 0 0 0 0 16367
0 0 0.00316995 0.207984 0.265343 0.160145 0.00458668 0.00184768 0.0205874 0.198218 0 0 0 0 0 0 0 0 0 0 0 16418
0 0 0.00547601 0.204749 0.15625 0.341954 0.0045611 0.00183461 0.0163831 0.194707 0 0 0 0 0 0 0 0 0 0 0 16473
0 0 0.00547601 0.204749 0.15625 0.341954 0.0045611 0.00183461 0.0163831 0.194707 0 0 0 0 0 0 0 0 0 0 0 16523
0 0 0.00621176 0.199397 0.139731 0.403092 0.0045479 0.00183792 0.0137066 0.194292 0 0 0 0 0 0 0 0 0 0 0 16575
0 0 0.00621176 0.199397 0.139731 0.403092 0.0045479 0.00183792 0.0137066 0.194292 0 0 0 0 0 0 0 0 0 0 0 16625
0 0 0.00433611 0.197698 0.199346 0.257048 0.00454764 0.00183734 0.0140028 0.194076 0 0 0 0 0 0 0 0 0 0 0 16675
0 0 0.00314156 0.195308 0.282218 1.80002 0.00455426 0.00183313 0.00998406 0.193333 -3.81233 0 0 0 0 0 0 0 0 0 0 16727
0 0 0.00249272 0.194823 0.356387 1.15124 0.00457211 0.00183478 0.0119736 0.193622 -0.0375214 0 0 0 0 0 0 0 0 0 0 16777
0 0 0.00230079 0.194246 0.39192 1.17713 0.00458214 0.00184211 0.0121866 0.194701 0 0 0 0 0 0 0 0 0 0 0 16833
0 0 0.00216352 0.19381 0.427132 0.993996 0.00463674 0.00186581 0.0126524 0.198365 0 0 0 0 0 0 0 0 0 0 0 16884
0 0 0.00214993 0.193369 0.440698 0.448554 0.00476096 0.001909 0.014545 0.205205 0 0 0 0 0 0 0 0 0 0 0 16934
0 0 0.00219713 0.193185 0.446811 0.310755 0.0047553 0.00193966 0.0153887 0.209718 0 0 0 0 0 0 0 0 0 0 0 16986
0 0 0.00232368 0.192975 0.450358 0.431297 0.00488416 0.00195472 0.0139284 0.212521 0 0 0 0 0 0 0 0 0 0 0 17036
0 0 0.00232368 0.192975 0.450358 0.431297 0.00488416 0.00195472 0.0139284 0.212521 0 0 0 0 0 0 0 0 0 0 0 17088
0 0 0.00236402 0.192914 0.450134 0.331909 0.00502729 0.00196591 0.0144863 0.2148 0 0 0 0 0 0 0 0 0 0 0 17138
0 0 0.00238508 0.192864 0.455702 0.486056 0.00507855 0.00199724 0.012813 0.219721 0 0 0 0 0 0 0 0 0 0 0 17189
0 0 0.00290113 0.192797 0.507463 1.68935 0.00510432 0.00225677 0.00759158 0.259895 -1.81517 0 0 0 0 0 0 0 0 0 0 17239
0 0 0.00250128 0.192765 0.462276 1.31729 0.00512586 0.00207806 0.00931937 0.232172 -0.825127 0 0 0 0 0 0 0 0 0 0 17289
0 0 0.0024391 0.192759 0.438288 1.25174 0.00509228 0.00195503 0.0106001 0.213379 -0.366264 0 0 0 0 0 0 0 0 0 0 17341
0 0 0.00233479 0.192748 0.431157 0.80809 0.00492139 0.00190836 0.012454 0.205734 0 0 0 0 0 0 0 0 0 0 0 17390
0 0 0.00227117 0.192754 0.430529 0.401076 0.00481272 0.00189762 0.0149641 0.203693 0 0 0 0 0 0 0 0 0 0 0 17440
0 0 0.00213694 0.192764 0.426111 0.183171 0.00466413 0.00186063 0.0188939 0.197631 0 0 0 0 0 0 0 0 0 0 0 17491
0 0 0.00213694 0.192764 0.426111 0.183171 0.00466413 0.00186063 0.0188939 0.197631 0 0 0 0 0 0 0 0 0 0 0 17541
0 0 0.00211009 0.192748 0.427143 0.145556 0.00461039 0.00186434 0.0199569 0.197914 0 0 0 0 0 0 0 0 0 0 0 17591
0 0 0.00205946 0.192748 0.428516 0.155133 0.0046 0.00185725 0.019866 0.196845 0 0 0 0 0 0 0 0 0 0 0 17642
0 0 0.00203461 0.192761 0.428829 0.224942 0.00459214 0.00185438 0.0182936 0.196403 0 0 0 0 0 0 0 0 0 0 0 17692
0 0 0.00201791 0.192758 0.427753 0.276053 0.00459266 0.00184683 0.0175861 0.19531 0 0 0 0 0 0 0 0 0 0 0 17742
0 0 0.00200694 0.192754 0.427956 0.342598 0.00459554 0.00184489 0.0167674 0.195039 0 0 0 0 0 0 0 0 0 0 0 17792
0 0 0.00200924 0.192755 0.427123 0.535554 0.00460517 0.00184452 0.0151082 0.195008 0 0 0 0 0 0 0 0 0 0 0 17843
0 0 0.00202715 0.192755 0.425526 0.854011 0.00462471 0.00185285 0.0134021 0.196261 0 0 0 0 0 0 0 0 0 0 0 17893
0 0 0.00209616 0.192772 0.415285 3.34103 0.00466487 0.00185544 0.00958465 0.196644 -4.02065 0 0 0 0 0 0 0 0 0 0 17944
0 0 0.002221 0.192794 0.397428 8.74305 0.00470135 0.00185548 0.00744582 0.19667 -9.3773 0 0 0 0 0 0 0 0 0 0 17994
0 0 0.00237198 0.19282 0.377971 21.8848 0.00474249 0.00185374 0.00570705 0.196388 -15.0456 0 0 0 0 0 0 0 0 0 0 18044
0 0 0.00280676 0.19286 0.33195 34.0751 0.004845 0.0018474 0.00476601 0.195431 -19.2823 0 0 0 0 0 0 0 0 0 0 18095
0 0 0.00337426 0.192864 0.286525 43.0067 0.00493938 0.00184102 0.00417882 0.19448 -22.494 0 0 0 0 0 0 0 0 0 0 18145
0 0 0.0260889 0.192917 0.0659556 45.4953 0.0053411 0.00183496 0.00249185 0.193563 -38.9364 0 0 0 0 0 0 0 0 0 0 18195
0 0 0.0260889 0.192917 0.0659556 45.4953 0.0053411 0.00183496 0.00249185 0.193563 -38.9364 0 0 0 0 0 0 0 0 0 0 18245
0 0 0.434207 0.192914 0.010851 44.1832 0.00596834 0.00183263 0.00136975 0.193228 -61.4172 0 0 0 0 0 0 0 0 0 0 18295
0 0 0.434207 0.192914 0.010851 44.1832 0.00596834 0.00183263 0.00136975 0.193228 -61.4172 0 0 0 0 0 0 0 0 0 0 18346
0 0 1.25048 0.192905 0.00637198 46.9134 0.00648457 0.00183247 0.00111387 0.193217 -71.0777 0 0 0 0 0 0 0 0 0 0 18397
0 0 3.28393 0.192823 0.004158 47.8881 0.0079606 0.00183336 0.000951283 0.193465 -79.9179 0 0 0 0 0 0 0 0 0 0 18447
0 0 3.23183 0.192813 0.00384594 48.3786 0.00865084 0.00183504 0.000919366 0.193757 -79.5538 0 0 0 0 0 0 0 0 0 0 18497
0 0 3.12678 0.192801 0.00384812 47.7334 0.00933877 0.00183782 0.000920127 0.194246 -79.0526 0 0 0 0 0 0 0 0 0 0 18547
0 0 2.98346 0.192808 0.00387526 47.1945 0.00917471 0.00184209 0.000921379 0.194891 -78.4524 0 0 0 0 0 0 0 0 0 0 18597
0 0 1.89665 0.192915 0.00437847 44.5408 0.0102685 0.00186839 0.000943568 0.199305 -73.408 0 0 0 0 0 0 0 0 0 0 18648
