0 0 0.00257295 0.192752 0.37874 0.139306 0.00452006 0.00209935 0.0168469 0.235711 0 8.45222 5.05068 31.4613 5.03858 -7.24414 29.4184 3.00071 2.94567 0.640198 0.54466 1640
0 0 0.00257295 0.192752 0.37874 0.139306 0.00452006 0.00209935 0.0168469 0.235711 0 8.45299 5.0266 31.4502 5.00777 -7.24202 29.4455 2.99998 2.95878 0.639302 0.545647 1693
0 0 0.00239181 0.192798 0.40109 0.121184 0.00450107 0.00201127 0.0186453 0.22512 0 8.44511 4.95814 31.4363 4.95519 -7.17956 29.4734 3.01744 2.953 0.636265 0.55377 1745
0 0 0.00235484 0.192845 0.404848 0.11531 0.0045134 0.00199265 0.0192076 0.22073 0 8.43225 4.94393 31.4525 4.95226 -7.12734 29.4598 3.0172 2.93807 0.636436 0.554036 1797
0 0 0.00231475 0.192925 0.432242 0.111227 0.0045216 0.00197554 0.0200715 0.217553 0 8.41953 4.92396 31.4664 4.96986 -7.12366 29.4427 3.02588 2.96029 0.63763 0.55682 1848
0 0 0.00241631 0.192949 0.45802 0.121815 0.004527 0.00202581 0.0194535 0.224411 0 9.41068 4.58668 29.9331 4.95469 -7.11565 29.4541 2.96701 2.97891 0.640131 0.55791 1901
0 0 0.00241455 0.192983 0.449187 0.123364 0.00451715 0.00202686 0.0191947 0.22583 0 9.56552 4.40511 29.7029 3.41112 -6.74858 31.0359 2.9326 3.04976 0.641306 0.557197 1952
0 0 0.00238889 0.193061 0.437161 0.117977 0.00452148 0.00200667 0.0194767 0.222162 0 9.5543 4.44107 29.7245 3.40439 -6.77405 31.0531 2.93671 3.06009 0.641984 0.557413 2003
0 0 0.0024006 0.193119 0.423529 0.117064 0.00452739 0.00200455 0.0193622 0.221266 0 9.54579 4.44629 29.7357 3.41158 -6.79657 31.0509 2.94814 3.06106 0.641852 0.557531 2054
0 0 0.0025836 0.193113 0.391239 0.140129 0.00452644 0.00209799 0.017039 0.23568 0 9.55132 4.44622 29.7292 3.39875 -6.80368 31.0704 2.94854 3.0634 0.624016 0.615022 2111
0 0 0.00250314 0.193145 0.405578 0.129739 0.00453183 0.00206003 0.0179898 0.229181 0 9.72168 4.43874 30.1183 3.38971 -6.79708 31.0803 2.97798 3.07834 0.62585 0.631279 2164
0 0 0.00249267 0.193154 0.405057 0.128542 0.00453266 0.00205756 0.0180631 0.228474 0 9.82987 4.23115 29.9509 3.25803 -6.68686 31.2242 2.97722 3.16042 0.625782 0.630844 2218
0 0 0.00248146 0.19314 0.380746 0.12266 0.00453741 0.00203267 0.0181703 0.224452 0 9.82566 4.22485 29.9543 3.1397 -6.56036 31.3513 2.96798 3.05676 0.626207 0.631724 2269
0 0 0.00298387 0.193128 0.320447 0.142745 0.00453919 0.00204601 0.0169018 0.226448 0 9.81739 4.22531 29.9637 3.15442 -6.54002 31.324 2.95912 3.04853 0.624179 0.630965 2320
0 0 0.00360482 0.193099 0.261928 0.186844 0.00453995 0.00201163 0.0163941 0.221167 0 9.68599 4.12151 30.0927 3.15225 -6.53953 31.3269 2.89963 3.05182 0.628527 0.634474 2371
0 0 0.00304475 0.1932 0.305488 0.14626 0.00454946 0.00197813 0.0179377 0.215611 0 9.44218 4.00775 30.3617 3.42428 -6.2863 30.8861 2.97878 3.0128 0.631171 0.645578 2425
0 0 0.00259247 0.193266 0.362971 0.1175 0.00455128 0.00200456 0.0184642 0.219675 0 9.43886 4.00877 30.366 3.44052 -6.27771 30.8629 2.9763 3.02215 0.631922 0.643701 2476
0 0 0.0028761 0.193302 0.41594 0.174758 0.00454863 0.00222035 0.0155009 0.252743 0 9.43303 4.01842 30.3749 3.44718 -6.29592 30.8589 2.97056 3.02866 0.632292 0.643893 2527
0 0 0.00278304 0.193435 0.430358 0.162875 0.00455147 0.00218131 0.0163184 0.246363 0 9.42362 4.01248 30.3854 3.43974 -6.28858 30.8666 2.971 3.02717 0.650014 0.626407 2579
0 0 0.00285425 0.193672 0.49603 0.171304 0.0045587 0.00219453 0.016757 0.249515 0 9.4198 4.02614 30.3926 3.44538 -6.29121 30.86 2.95978 3.00116 0.649868 0.625696 2631
0 0 0.00299804 0.193619 0.50034 0.190614 0.00455665 0.00225397 0.0158605 0.25916 0 9.42838 4.03676 30.384 3.39597 -6.3144 30.9303 2.95216 3.03749 0.649587 0.625349 2683
0 0 0.00338511 0.193503 0.53453 0.247043 0.00455672 0.00241011 0.0140494 0.283786 0 9.66963 4.08309 30.1044 3.25489 -6.36562 31.1332 2.90755 3.06015 0.650112 0.625137 2733
0 0 0.00346538 0.193618 0.540123 0.258264 0.00456397 0.00243184 0.0138161 0.287188 0 9.66258 4.08678 30.1133 3.26179 -6.39344 31.1314 2.90101 2.99659 0.650234 0.624626 2786
0 0 0.00366468 0.193323 0.568458 0.294009 0.00454916 0.00252633 0.0129741 0.30265 0 9.66461 4.08904 30.1114 3.26036 -6.39873 31.1348 2.88664 3.00786 0.637642 0.628016 2837
0 0 0.00424078 0.193145 0.605332 0.40301 0.00454332 0.00274953 0.0110731 0.339189 0 9.66695 4.0936 30.1095 3.25668 -6.39466 31.1387 2.88324 2.99664 0.641076 0.636024 2889
0 0 0.00424084 0.193099 0.559467 0.404335 0.00453923 0.00275123 0.0107499 0.340059 0 9.65925 4.15742 30.1306 3.25289 -6.39598 31.1443 2.93115 2.99409 0.640785 0.636109 2939
0 0 0.00416605 0.193045 0.486435 0.388096 0.00453638 0.00272272 0.010479 0.335514 0 9.66413 4.69218 30.2486 3.51063 -6.96707 30.9781 2.85369 2.96856 0.640562 0.63683 2992
0 0 0.00364839 0.193052 0.410632 0.287449 0.00453412 0.00251895 0.0116881 0.302105 0 9.67179 4.69872 30.2414 3.50506 -6.97636 30.9886 2.84327 2.93173 0.640582 0.636851 3045
0 0 0.00389377 0.192972 0.411388 0.332195 0.00452334 0.00260984 0.0107902 0.318503 0 9.6769 4.69775 30.2351 3.49185 -6.98765 31.0099 2.8473 2.9119 0.633034 0.638917 3096
0 0 0.00662413 0.193056 0.178576 0.444818 0.00453208 0.00248267 0.00908058 0.296376 0 9.68839 4.71871 30.2272 3.48636 -6.98296 31.0155 2.86128 2.92467 0.617367 0.625146 3152
0 0 0.00833215 0.193184 0.136604 0.615529 0.00453503 0.00236444 0.0091837 0.277855 0 9.68705 4.78906 30.2482 3.52569 -7.08609 31.0011 2.83298 2.90728 0.617374 0.625019 3205
0 0 0.0137424 0.193165 0.0838448 1.24927 0.00453616 0.00237195 0.00773768 0.278706 0 9.68194 4.79898 30.257 3.51438 -7.09298 31.0185 2.84212 2.90585 0.616883 0.626377 3257
0 0 0.0098626 0.193257 0.133518 0.780708 0.00453726 0.00271721 0.00672895 0.336372 0 9.68169 4.82324 30.2642 3.51865 -7.11464 31.0209 2.82602 2.90625 0.614532 0.62755 3316
0 0 0.012343 0.193294 0.101653 1.07123 0.00453825 0.0025734 0.00690523 0.312081 0 9.66593 4.85533 30.2921 3.53787 -7.13604 31.0037 2.83691 2.91537 0.612903 0.625461 3368
0 0 0.00423312 0.193292 0.285968 0.304264 0.00453069 0.00253686 0.0101052 0.306821 0 9.65928 4.84369 30.2966 3.55759 -7.12933 30.9755 2.84044 2.91595 0.613199 0.625686 3421
0 0 0.00402524 0.193154 0.299227 0.305178 0.00452283 0.00254256 0.0101956 0.308498 0 9.6536 4.82447 30.2978 3.55671 -7.1217 30.9738 2.85586 2.9122 0.612558 0.625996 3476
0 0 0.00402524 0.193154 0.299227 0.305178 0.00452283 0.00254256 0.0101956 0.308498 0 9.6536 4.82447 30.2978 3.55671 -7.1217 30.9738 2.85586 2.9122 0.612558 0.625996 3528
0 0 0.00357762 0.192968 0.292707 0.187401 0.00450807 0.00223191 0.0134354 0.258451 0 9.66486 4.81148 30.2808 3.53407 -7.09987 30.9952 2.83841 2.89489 0.612173 0.623213 3580
0 0 0.00458808 0.192878 0.218236 0.272055 0.00448884 0.00213392 0.0132824 0.245338 0 9.66527 4.81138 30.2803 3.54027 -7.11549 30.9929 2.84582 2.9218 0.612604 0.622978 3631
0 0 0.00377296 0.192838 0.278117 0.207489 0.00448357 0.00225073 0.0127902 0.264901 0 9.69682 4.83225 30.249 3.52817 -7.11574 31.0088 2.83863 2.90972 0.613129 0.624999 3683
0 0 0.00280654 0.192826 0.346975 0.140132 0.00451375 0.00209659 0.0163562 0.236073 0 9.70432 4.80835 30.2334 3.51164 -7.11927 31.0319 2.84708 2.90429 0.613437 0.624854 3735
0 0 0.00256058 0.192788 0.367732 0.133298 0.00447241 0.00204337 0.0172199 0.233679 0 9.70641 4.80966 30.2313 3.50379 -7.10265 31.036 2.84924 2.91839 0.612938 0.624959 3799
0 0 0.00247129 0.192855 0.424172 0.125717 0.00450993 0.00203276 0.0186406 0.227415 0 9.71815 4.80259 30.2156 3.48867 -7.03785 31.0321 2.8606 2.99204 0.611658 0.624988 3852
0 0 0.00247129 0.192855 0.424172 0.125717 0.00450993 0.00203276 0.0186406 0.227415 0 9.58166 4.26477 30.2437 3.36796 -6.54483 31.0308 2.89432 2.94664 0.611728 0.626215 3902
0 0 0.00246295 0.192955 0.426324 0.120088 0.00453696 0.00202067 0.0191794 0.222525 0 9.58964 4.27291 30.236 3.36581 -6.55285 31.036 2.90729 2.96227 0.611937 0.626363 3955
0 0 0.00248288 0.192977 0.457426 0.120457 0.0045416 0.00202332 0.0196143 0.222434 0 9.60203 4.29884 30.2268 3.37466 -6.58601 31.034 2.92263 2.97362 0.611804 0.62673 4007
0 0 0.00248288 0.192977 0.457426 0.120457 0.0045416 0.00202332 0.0196143 0.222434 0 9.59664 4.30084 30.2337 3.373 -6.58518 31.036 2.94193 2.9908 0.637266 0.628346 4058
0 0 0.00241513 0.192932 0.457985 0.113414 0.00454088 0.00199525 0.0202587 0.218049 0 9.58948 4.29594 30.2411 3.3858 -6.5955 31.022 2.96219 3.02551 0.636245 0.630544 4109
0 0 0.00241513 0.192932 0.457985 0.113414 0.00454088 0.00199525 0.0202587 0.218049 0 9.5265 4.16952 30.2901 3.4072 -6.46619 30.9562 2.98432 3.03695 0.635193 0.630822 4161
0 0 0.00228903 0.192857 0.446246 0.102318 0.00453513 0.00194545 0.0211912 0.210875 0 9.52642 4.16985 30.2903 3.40924 -6.45918 30.9516 2.99118 3.03825 0.634761 0.629972 4215
0 0 0.00240175 0.192832 0.45542 0.115765 0.0045321 0.00200723 0.0198819 0.220342 0 9.5225 4.16939 30.2949 3.41338 -6.465 30.9478 3.0006 3.04635 0.635083 0.630241 4267
0 0 0.00219216 0.192816 0.437195 0.0927327 0.00453465 0.00190031 0.0221616 0.203875 0 9.51909 4.16952 30.2991 3.42177 -6.45127 30.9329 2.99021 3.04242 0.635003 0.629492 4319
0 0 0.00210314 0.192847 0.428009 0.0871448 0.00453621 0.00187117 0.0227881 0.199447 0 9.51902 4.16918 30.2991 3.42111 -6.45008 30.9335 2.98602 3.04557 0.641429 0.628318 4370
0 0 0.0020663 0.192822 0.423739 0.0838061 0.00453507 0.00185237 0.0231827 0.196803 0 9.51132 4.18011 30.3106 3.43066 -6.45468 30.9222 2.99 3.03727 0.641441 0.628408 4423
0 0 0.00204321 0.192842 0.420162 0.0829285 0.00453575 0.00184798 0.0233011 0.196082 0 9.51143 4.18477 30.3114 3.43756 -6.45735 30.914 2.98803 3.02713 0.641473 0.627722 4476
0 0 0.00205683 0.19282 0.413052 0.084117 0.00453467 0.00184481 0.0232484 0.195697 0 9.50734 4.207 30.3209 3.44965 -6.4756 30.9033 2.98848 3.03975 0.641479 0.627158 4532
0 0 0.00214332 0.192824 0.395903 0.0892701 0.00453374 0.00184085 0.0230086 0.195218 0 10.0588 4.69767 29.8073 3.38017 -6.64412 31.0443 3.02106 3.00816 0.641327 0.626387 4583
0 0 0.00217071 0.192836 0.390598 0.090848 0.00453441 0.0018377 0.0229879 0.194783 0 10.1099 4.86727 29.7979 3.2495 -7.14201 31.3998 2.93213 3.00522 0.641252 0.626147 4634
0 0 0.00227318 0.192828 0.37301 0.0971301 0.00453281 0.00183632 0.0226504 0.194693 0 10.0981 4.87473 29.8124 3.23545 -7.18238 31.4362 2.92284 3.05687 0.640561 0.62609 4685
0 0 0.00218428 0.19283 0.386279 0.0923219 0.0045259 0.00183061 0.0229919 0.19464 0 10.086 4.85599 29.8201 3.23906 -7.18619 31.4326 2.92751 3.07108 0.640091 0.636235 4736
0 0 0.0021454 0.192819 0.393176 0.0893963 0.00453272 0.00182984 0.0232617 0.193651 0 10.0443 4.84217 29.861 3.24965 -7.16099 31.4072 2.92367 3.05907 0.596528 0.643542 4786
0 0 0.00225226 0.1928 0.374796 0.0959835 0.00453022 0.00183034 0.0228527 0.193917 0 9.76014 4.82363 30.1727 3.27395 -7.12828 31.3597 2.93697 3.04726 0.596637 0.643928 4837
0 0 0.00227201 0.192816 0.371444 0.0972288 0.00452959 0.00183032 0.0227855 0.193914 0 9.70612 4.83171 30.2379 3.5584 -7.09406 30.9614 2.94857 3.03086 0.597503 0.643834 4888
0 0 0.00227201 0.192816 0.371444 0.0972288 0.00452959 0.00183032 0.0227855 0.193914 0 9.69263 4.8384 30.2557 3.56506 -7.1055 30.957 2.95763 3.00411 0.597503 0.643834 4939
0 0 0.0021982 0.192833 0.383349 0.093316 0.00452389 0.00183033 0.0229393 0.194667 0 9.70648 4.86003 30.2456 3.5716 -7.12924 30.9573 2.96048 3.01975 0.607658 0.622995 4992
0 0 0.00215487 0.192827 0.390375 0.090608 0.00452532 0.00182794 0.0231636 0.194165 0 9.8081 4.90123 30.1398 3.50446 -7.18188 31.0651 2.9228 3.03701 0.610057 0.623299 5044
0 0 0.00215487 0.192827 0.390375 0.090608 0.00452532 0.00182794 0.0231636 0.194165 0 9.80036 4.89516 30.1469 3.50529 -7.18543 31.0654 2.92941 3.04019 0.610344 0.622401 5094
0 0 0.00215448 0.192822 0.389614 0.0910693 0.00451963 0.00182523 0.0231396 0.194459 0 9.79506 4.89041 30.1516 3.51178 -7.17827 31.054 2.93926 3.05183 0.610104 0.622603 5148
0 0 0.00218706 0.192841 0.384686 0.0925148 0.00452576 0.00182775 0.0230556 0.194081 0 9.79932 4.89337 30.1476 3.50758 -7.17618 31.0588 2.93724 3.0336 0.603979 0.626624 5201
0 0 0.00214146 0.192871 0.39339 0.0893169 0.00453065 0.00182978 0.0232518 0.193726 0 9.80127 4.8928 30.1452 3.50081 -7.17953 31.069 2.94284 3.04422 0.604656 0.627297 5284
0 0 0.00211555 0.192866 0.397927 0.0900055 0.00452785 0.00182807 0.0233396 0.193939 0 9.6726 4.37531 30.1607 3.34568 -6.71483 31.1129 2.95556 3.14664 0.604829 0.626767 5344
0 0 0.00207478 0.192832 0.404619 0.0861335 0.00452146 0.00182563 0.0234552 0.194298 0 9.70194 4.37835 30.1274 3.3405 -6.64082 31.0966 2.94945 3.09053 0.604839 0.627205 5396
0 0 0.00208287 0.192849 0.403905 0.0860754 0.00452733 0.00182712 0.02348 0.193852 0 9.72429 4.39818 30.106 3.32607 -6.66176 31.1227 2.95494 3.0879 0.604896 0.627435 5448
0 0 0.00209854 0.192819 0.400973 0.0868164 0.00452994 0.00182689 0.0234617 0.19352 0 9.78288 4.48127 30.0581 3.31425 -6.73087 31.1609 2.94273 3.06366 0.619659 0.65357 5499
0 0 0.00210283 0.192853 0.400666 0.0868089 0.00453335 0.00182648 0.023483 0.193255 0 9.81221 4.51161 30.0321 3.30964 -6.76231 31.1775 2.94865 3.07838 0.628335 0.635547 5551
0 0 0.00209616 0.192854 0.40203 0.0862863 0.00453445 0.00182646 0.0235306 0.193093 0 9.8344 4.52945 30.0114 3.30034 -6.79216 31.2003 2.95803 3.05981 0.627665 0.631194 5602
0 0 0.00210033 0.192838 0.401227 0.0864909 0.00453474 0.00182645 0.0235244 0.193018 0 9.84586 4.51989 29.9962 3.29778 -6.79566 31.205 2.95917 3.06021 0.623336 0.63077 5653
0 0 0.00208141 0.192847 0.404787 0.0853542 0.00453544 0.00182668 0.0235998 0.192973 0 9.6145 4.45515 30.2475 3.29658 -6.79923 31.2078 2.97659 3.10667 0.620884 0.631795 5703
0 0 0.00214305 0.192837 0.393442 0.089028 0.00453536 0.00182715 0.0233549 0.19307 0 9.62148 4.43624 30.2348 3.40837 -6.55693 30.3232 2.96962 3.00786 0.618744 0.635411 5754
0 0 0.00226534 0.192851 0.372754 0.0964045 0.00453498 0.00182605 0.02293 0.193105 0 9.62152 4.43286 30.2339 3.40633 -6.53858 30.3202 2.95858 3.01016 0.618418 0.635771 5805
0 0 0.00219782 0.192861 0.384093 0.0922408 0.00453623 0.00182648 0.0231684 0.193035 0 9.62316 4.42532 30.2302 3.40212 -6.54475 30.3276 2.95922 3.01813 0.631056 0.636461 5857
0 0 0.00211502 0.192839 0.399159 0.0873853 0.00453481 0.00182768 0.0234226 0.193379 0 9.61662 4.42232 30.2373 3.39633 -6.5387 30.3333 2.94296 2.98835 0.628295 0.625843 5910
0 0 0.00204253 0.192911 0.413621 0.0829493 0.00453786 0.00182739 0.023732 0.193109 0 9.60536 4.40929 30.2476 3.40135 -6.5367 30.3261 2.94701 2.99495 0.628002 0.622598 5962
0 0 0.00202019 0.192973 0.417769 0.0816752 0.00453596 0.00182857 0.0238143 0.1932 0 9.60619 4.41665 30.2483 3.39568 -6.53767 30.3338 2.92702 2.99411 0.6279 0.623554 6014
0 0 0.00202019 0.192973 0.417769 0.0816752 0.00453596 0.00182857 0.0238143 0.1932 0 9.6128 4.41183 30.2394 3.39026 -6.53716 30.3407 2.91729 2.96343 0.628647 0.623486 6067
0 0 0.00203017 0.193419 0.417597 0.0820453 0.00453677 0.00183144 0.0237271 0.193662 0 9.61229 4.41588 30.2409 3.38021 -6.53209 30.3523 2.90962 2.96418 0.629303 0.623735 6121
0 0 0.00200869 0.193748 0.424646 0.0810163 0.00453853 0.00183201 0.0238141 0.193831 0 9.63674 4.43418 30.2163 3.36189 -6.56098 30.3853 2.92295 2.95116 0.629279 0.623629 6174
0 0 0.00202223 0.193887 0.426638 0.0821514 0.00453819 0.00183074 0.0238746 0.193726 0 9.02373 3.90738 30.8878 3.59602 -6.35954 30.0296 2.7942 2.9202 0.629129 0.623928 6226
0 0 0.00204068 0.194435 0.427986 0.0844242 0.00453249 0.00183106 0.02389 0.193845 0 7.99768 2.70957 32.4351 4.89469 -5.16901 28.4858 2.82273 3.032 0.628993 0.623918 6278
0 0 0.00203487 0.194242 0.427246 0.0840915 0.00452971 0.00182855 0.0239837 0.19342 0 7.36261 1.12336 34.2179 6.27783 -3.27576 27.47 3.07499 2.86256 0.628021 0.625597 6330
0 0 0.00205146 0.194623 0.427768 0.0855262 0.00452978 0.00183118 0.0239137 0.193681 0 7.44692 1.16263 33.9526 6.0602 -3.3785 27.6033 3.0765 2.87575 0.666542 0.646142 6382
0 0 0.00204541 0.19497 0.426919 0.0850461 0.00452998 0.00182895 0.0239961 0.193222 0 7.55282 1.32432 33.6095 5.71741 -3.5397 27.829 3.08425 2.90204 0.726007 0.511949 6432
0 0 0.00199707 0.194574 0.427088 0.0808694 0.00452399 0.00182954 0.0240143 0.193497 0 7.42997 1.26852 33.9627 6.08262 -3.49095 27.5778 3.07919 2.88501 0.797248 0.590958 6484
0 0 0.00199707 0.194574 0.427088 0.0808694 0.00452399 0.00182954 0.0240143 0.193497 0 7.4395 1.3025 33.9239 5.98581 -3.5176 27.6413 3.11197 2.88319 0.786021 0.552401 6537
0 0 0.00200151 0.194721 0.426922 0.080529 0.00451936 0.00182915 0.0240211 0.193377 0 7.47642 1.3458 33.8068 5.87067 -3.58405 27.7159 3.1038 2.88739 0.783629 0.562875 6589
0 0 0.00200151 0.194721 0.426922 0.080529 0.00451936 0.00182915 0.0240211 0.193377 0 7.47633 1.36268 33.8017 5.82806 -3.60845 27.7441 3.07265 2.87989 0.794534 0.569807 6640
0 0 0.00209893 0.195017 0.427588 0.0801614 0.00451908 0.00183069 0.0239921 0.193567 0 7.48189 1.3933 33.7771 5.80281 -3.62188 27.7611 3.10586 2.88014 0.788039 0.554935 6692
0 0 0.0021484 0.194628 0.427795 0.0806632 0.00451141 0.0018316 0.0239724 0.193908 0 7.47679 1.40865 33.7863 5.82158 -3.63637 27.7466 3.10767 2.8842 0.786026 0.559032 6746
0 0 0.00251687 0.193975 0.427891 0.081514 0.00449294 0.0018313 0.0239731 0.194415 0 7.44189 1.43842 33.8739 5.89792 -3.65466 27.6915 3.09014 2.9038 0.785851 0.56171 6800
0 0 0.0023389 0.194302 0.429483 0.081067 0.00446289 0.00183611 0.0238467 0.195941 0 7.87429 2.16707 32.7051 5.39946 -4.20131 28.0351 3.40955 2.84239 0.785674 0.561562 6853
0 0 0.0023389 0.194302 0.429483 0.081067 0.00446289 0.00183611 0.0238467 0.195941 0 9.23961 3.95396 30.6075 4.2594 -5.73649 29.156 3.22418 2.91234 0.786902 0.560779 6906
0 0 0.0023389 0.194302 0.429483 0.081067 0.00446289 0.00183611 0.0238467 0.195941 0 10.6807 4.95482 29.256 2.98641 -7.11128 31.1204 2.89187 3.02566 0.786423 0.559664 6956
0 0 0.0023389 0.194302 0.429483 0.081067 0.00446289 0.00183611 0.0238467 0.195941 0 10.5823 4.92153 29.3393 2.97598 -7.14509 31.1511 2.91309 3.07734 0.743028 0.520863 7008
0 0 0.0023389 0.194302 0.429483 0.081067 0.00446289 0.00183611 0.0238467 0.195941 0 10.5404 4.92298 29.3796 2.96224 -7.12029 31.1614 2.92102 3.08458 0.646582 0.4714 7059
0 0 0.0023389 0.194302 0.429483 0.081067 0.00446289 0.00183611 0.0238467 0.195941 0 10.4877 4.91276 29.4275 2.98826 -7.11823 31.1206 2.94162 3.0925 0.56585 0.621767 7111
0 0 0.0023389 0.194302 0.429483 0.081067 0.00446289 0.00183611 0.0238467 0.195941 0 10.6983 4.77105 29.1927 2.75971 -6.99681 31.43 2.92846 3.09116 0.573446 0.658229 7162
0 0 0.0023389 0.194302 0.429483 0.081067 0.00446289 0.00183611 0.0238467 0.195941 0 10.6424 4.77319 29.2449 2.80567 -6.9901 31.3522 2.91534 3.08136 0.577809 0.660002 7214
0 0 0.0023389 0.194302 0.429483 0.081067 0.00446289 0.00183611 0.0238467 0.195941 0 10.5921 4.7885 29.2957 2.81399 -6.98102 31.3349 2.92206 3.04962 0.580604 0.65867 7266
0 0 0.0023389 0.194302 0.429483 0.081067 0.00446289 0.00183611 0.0238467 0.195941 0 10.5641 4.76508 29.3163 2.8322 -6.98754 31.3084 2.90953 3.07537 0.572331 0.668589 7318
0 0 0.0023389 0.194302 0.429483 0.081067 0.00446289 0.00183611 0.0238467 0.195941 0 10.5515 4.09317 29.1892 2.57632 -6.29551 31.4692 2.94005 3.09084 0.582158 0.671257 7370
0 0 0.00206961 0.192721 0.429563 0.0945838 0.00437089 0.00184043 0.0237092 0.198849 0 10.5277 4.10023 29.2126 2.58275 -6.33233 31.4704 2.94216 3.07802 0.582827 0.668302 7425
0 0 0.00206961 0.192721 0.429563 0.0945838 0.00437089 0.00184043 0.0237092 0.198849 0 10.5078 4.08889 29.2295 2.58809 -6.32591 31.4593 2.92634 3.05419 0.585144 0.667651 7478
0 0 0.00246015 0.192796 0.433935 0.125877 0.00428118 0.00186385 0.0230963 0.204817 0 9.96417 4.06584 29.7729 3.05542 -6.22021 30.7054 2.98251 3.05156 0.610132 0.68283 7529
0 0 0.00246015 0.192796 0.433935 0.125877 0.00428118 0.00186385 0.0230963 0.204817 0 9.94611 4.05615 29.7907 3.04789 -6.21022 30.7134 2.9879 3.02283 0.615265 0.678672 7581
0 0 0.00246015 0.192796 0.433935 0.125877 0.00428118 0.00186385 0.0230963 0.204817 0 9.93104 4.06594 29.8087 3.05972 -6.21896 30.6989 2.99511 3.05041 0.615618 0.677942 7634
0 0 0.00246015 0.192796 0.433935 0.125877 0.00428118 0.00186385 0.0230963 0.204817 0 9.89822 4.06547 29.8443 3.07219 -6.21266 30.6795 2.99925 3.03663 0.630229 0.643902 7685
0 0 0.00246015 0.192796 0.433935 0.125877 0.00428118 0.00186385 0.0230963 0.204817 0 9.87655 4.06363 29.8677 3.07766 -6.21645 30.6728 2.99267 3.02788 0.631986 0.644225 7735
0 0 0.00246015 0.192796 0.433935 0.125877 0.00428118 0.00186385 0.0230963 0.204817 0 10.6875 3.90962 29.0359 3.0954 -6.21381 30.647 2.94868 3.03604 0.632099 0.643457 7786
0 0 0.00246015 0.192796 0.433935 0.125877 0.00428118 0.00186385 0.0230963 0.204817 0 10.7257 3.87184 28.9962 2.4736 -6.08309 31.5794 2.91024 3.03501 0.633432 0.642182 7838
0 0 0.00246015 0.192796 0.433935 0.125877 0.00428118 0.00186385 0.0230963 0.204817 0 10.687 3.89803 29.0347 2.47485 -6.09627 31.5811 2.89895 3.0025 0.634296 0.641952 7889
0 0 0.00233699 0.192459 0.432994 0.111214 0.00409992 0.00189017 0.0225096 0.213616 0 10.6764 3.9027 29.0449 2.48339 -6.10651 31.5693 2.88958 3.01825 0.634251 0.641755 7943
0 0 0.00278247 0.192 0.490364 0.149171 0.00421882 0.00217841 0.0176036 0.251854 0 10.6546 3.90624 29.0652 2.48998 -6.11624 31.5608 2.88595 3.00922 0.615064 0.680868 7994
0 0 0.00278247 0.192 0.490364 0.149171 0.00421882 0.00217841 0.0176036 0.251854 0 10.6434 3.90174 29.0747 2.48931 -6.11879 31.5627 2.88943 3.01282 0.618508 0.684867 8044
0 0 0.00278247 0.192 0.490364 0.149171 0.00421882 0.00217841 0.0176036 0.251854 0 10.6258 3.92341 29.0939 2.4977 -6.12159 31.5491 2.87625 3.0353 0.618223 0.684505 8098
0 0 0.00278247 0.192 0.490364 0.149171 0.00421882 0.00217841 0.0176036 0.251854 0 10.5541 3.92834 29.1608 2.50376 -6.13847 31.5437 2.85501 2.98278 0.61906 0.684178 8149
0 0 0.00278247 0.192 0.490364 0.149171 0.00421882 0.00217841 0.0176036 0.251854 0 10.4301 3.9205 29.2769 2.61941 -6.11084 31.3414 2.87599 3.00137 0.619721 0.684072 8201
0 0 0.00278247 0.192 0.490364 0.149171 0.00421882 0.00217841 0.0176036 0.251854 0 10.4164 3.92631 29.2909 2.62275 -6.09851 31.3324 2.87528 2.98666 0.61977 0.682643 8253
0 0 0.00278247 0.192 0.490364 0.149171 0.00421882 0.00217841 0.0176036 0.251854 0 10.415 3.92578 29.2921 2.62766 -6.11552 31.3292 2.87825 2.98705 0.622587 0.681769 8304
0 0 0.00278247 0.192 0.490364 0.149171 0.00421882 0.00217841 0.0176036 0.251854 0 10.411 3.92491 29.2959 2.62626 -6.1132 31.3308 2.88826 2.99051 0.627741 0.678145 8357
0 0 0.00207248 0.193216 0.428816 0.0818247 0.00443641 0.00185214 0.0236379 0.197237 0 10.4195 3.93668 29.2895 2.63046 -6.11936 31.3257 2.88245 2.98535 0.625951 0.671473 8411
0 0 0.00222478 0.192824 0.427645 0.127105 0.00441206 0.00183742 0.0238711 0.196846 0 10.4198 3.93458 29.2889 2.63642 -6.12376 31.3172 2.88658 3.01685 0.625976 0.671759 8461
0 0 0.00222478 0.192824 0.427645 0.127105 0.00441206 0.00183742 0.0238711 0.196846 0 10.4229 3.93174 29.2855 2.63142 -6.12756 31.3265 2.88821 3.01561 0.625888 0.672087 8512
0 0 0.00232058 0.192597 0.427694 0.133699 0.00422557 0.00183662 0.0239016 0.20192 0 10.4216 3.92631 29.2858 2.63495 -6.11851 31.3181 2.88819 3.01187 0.625458 0.672088 8564
0 0 0.00245775 0.192602 0.428066 0.184329 0.00409418 0.00183821 0.0238567 0.20608 0 10.4197 3.92143 29.287 2.62363 -6.121 31.3373 2.88249 3.02197 0.624806 0.671732 8616
0 0 0.00277775 0.19262 0.428447 0.553191 0.00347885 0.00183962 0.0238168 0.227506 0 10.4226 3.92282 29.2844 2.62982 -6.11973 31.3268 2.89372 3.01955 0.625003 0.672393 8668
0 0 0.00277775 0.19262 0.428447 0.553191 0.00347885 0.00183962 0.0238168 0.227506 0 10.2676 4.86074 29.6322 3.15658 -6.965 30.8085 2.89432 2.92439 0.625009 0.672051 8719
0 0 0.00292668 0.192575 0.428438 0.799437 0.00312124 0.00184045 0.0238157 0.242739 0 10.2645 4.88264 29.6413 3.11955 -7.0225 30.8848 2.88709 3.01524 0.625188 0.672439 8774
0 0 0.00291482 0.192596 0.428196 0.869851 0.00268488 0.001839 0.0238462 0.26549 0 10.2853 4.89556 29.6236 3.10279 -7.0452 30.9185 2.87867 2.98372 0.624994 0.672528 8825
0 0 0.00291482 0.192596 0.428196 0.869851 0.00268488 0.001839 0.0238462 0.26549 0 10.2884 4.88629 29.618 3.07797 -7.03675 30.9515 2.87494 3.00026 0.623768 0.671443 8876
0 0 0.00371912 0.192591 0.42775 9.50544 0.00152741 0.0018374 0.0238905 0.371709 0 10.2683 4.85859 29.6309 3.08383 -7.01949 30.9358 2.88402 3.02508 0.589725 0.644636 8928
0 0 0.00342808 0.192628 0.427822 14.601 0.00145938 0.00183633 0.0239031 0.38188 0 10.2459 4.82325 29.6444 3.07764 -6.99577 30.9353 2.87209 2.99468 0.588597 0.646229 8982
0 0 0.00364519 0.192604 0.428119 14.8453 0.00138324 0.00183808 0.0238692 0.394609 0 10.2342 4.81196 29.6534 3.07339 -6.96158 30.9279 2.86587 2.99107 0.589348 0.647433 9034
0 0 0.00357631 0.192596 0.428393 12.3203 0.00143066 0.00183884 0.0238539 0.386948 0 10.198 4.7637 29.6781 3.07538 -6.9114 30.9053 2.85128 3.04954 0.590882 0.647434 9085
0 0 0.00359508 0.192567 0.428046 17.0882 0.0015057 0.00183881 0.0238698 0.375134 0 10.2482 4.05702 29.4767 2.7453 -6.28864 31.191 2.89349 3.04829 0.593339 0.647708 9138
0 0 0.00318074 0.192558 0.428665 15.3177 0.00129151 0.00184167 0.0238107 0.412022 0 10.2326 4.05524 29.4921 2.78718 -6.2706 31.1197 2.89011 3.03466 0.594404 0.646766 9189
0 0 0.00324516 0.192523 0.428191 14.6193 0.00130026 0.0018408 0.0238452 0.40983 0 10.2213 4.03163 29.4996 2.79409 -6.26066 31.106 2.91395 3.06366 0.597622 0.64603 9239
0 0 0.00328076 0.192604 0.428256 14.8171 0.00133013 0.00183893 0.0238574 0.404258 0 10.2178 4.02543 29.502 2.79634 -6.22961 31.0933 2.92536 3.04634 0.622452 0.664968 9292
0 0 0.00319131 0.192604 0.428239 12.5798 0.00166733 0.00183916 0.0238478 0.353116 0 10.2187 4.0236 29.5008 2.79467 -6.2313 31.0964 2.93757 3.06721 0.624349 0.663712 9343
0 0 0.00235109 0.192574 0.426992 3.19036 0.00156197 0.00183484 0.0239665 0.365819 0 10.2201 4.02634 29.4999 2.81271 -6.23478 31.0695 2.96565 3.06635 0.625279 0.66295 9393
0 0 0.00235109 0.192574 0.426992 3.19036 0.00156197 0.00183484 0.0239665 0.365819 0 10.2204 4.03967 29.5018 2.82193 -6.23786 31.0562 2.96916 3.08636 0.626115 0.662815 9446
0 0 0.00213048 0.192561 0.426986 2.10003 0.00138662 0.00183522 0.0239599 0.392756 0 10.2222 4.0434 29.5006 2.81361 -6.24559 31.0713 2.98198 3.10384 0.626467 0.662168 9496
0 0 0.00200707 0.192562 0.426685 1.06281 0.00166919 0.00183436 0.0240122 0.351391 0 10.2226 4.07492 29.5054 2.82404 -6.26437 31.0607 3.00088 3.11132 0.626417 0.661874 9548
0 0 0.00198766 0.19272 0.426556 0.53098 0.00201563 0.00182953 0.0241719 0.314009 0 10.2172 4.08812 29.5133 2.83082 -6.27836 31.0545 2.99655 3.09971 0.625201 0.660871 9598
0 0 0.00198766 0.19272 0.426556 0.53098 0.00201563 0.00182953 0.0241719 0.314009 0 10.2212 4.09283 29.51 2.84141 -6.29011 31.0417 3.00793 3.12981 0.625118 0.661052 9651
0 0 0.00198244 0.192719 0.426066 0.330364 0.00243682 0.00182907 0.0241319 0.28001 0 10.2058 4.09233 29.5254 2.85203 -6.28846 31.025 2.99971 3.12736 0.624028 0.660694 9701
0 0 0.00198827 0.192737 0.425714 0.139524 0.00311758 0.00182914 0.0241204 0.241422 0 10.1964 4.09233 29.5351 2.85586 -6.27355 31.0147 3.01464 3.09997 0.62362 0.659546 9753
0 0 0.00198793 0.192664 0.424286 0.112148 0.00322378 0.00183224 0.024038 0.236882 0 10.1924 4.1034 29.5411 2.86488 -6.28483 31.0043 2.99207 3.10166 0.622956 0.659218 9803
0 0 0.00200159 0.192587 0.420934 0.0958457 0.00357633 0.00183552 0.0239501 0.22267 0 10.204 4.094 29.5276 2.86028 -6.2857 31.0116 2.99641 3.10529 0.622946 0.658791 9856
0 0 0.00200692 0.192669 0.419622 0.0930801 0.00380934 0.00183588 0.0239257 0.214826 0 10.2068 4.08727 29.5236 2.85232 -6.27487 31.0205 2.99343 3.11085 0.624062 0.657561 9908
0 0 0.00200084 0.192845 0.42574 0.094205 0.00383759 0.00183695 0.0238903 0.214486 0 9.68716 3.89348 30.0516 2.85146 -6.24963 31.0144 2.96748 3.12659 0.623569 0.656866 9960
0 0 0.00199819 0.192768 0.427669 0.0909425 0.00376132 0.00183738 0.0239494 0.217014 0 9.59069 3.85224 30.1571 3.35033 -5.97741 30.2445 3.02108 3.04434 0.62308 0.65735 10011
0 0 0.00203946 0.192815 0.429054 0.091412 0.00376608 0.00184034 0.0238082 0.217439 0 9.57297 3.83576 30.1754 3.34102 -5.98078 30.2573 3.03776 3.07263 0.623314 0.657471 10062
0 0 0.00220577 0.192744 0.427953 0.0929334 0.00368468 0.00183776 0.0238649 0.219558 0 9.56466 3.84388 30.1865 3.33692 -5.98804 30.2643 3.04145 3.08135 0.651995 0.659649 10115
0 0 0.00236419 0.192862 0.427318 0.0888358 0.00384946 0.00183353 0.0239636 0.213429 0 9.54751 3.83216 30.205 3.3206 -5.96842 30.2811 3.05358 3.08392 0.647089 0.625299 10169
0 0 0.00236419 0.192862 0.427318 0.0888358 0.00384946 0.00183353 0.0239636 0.213429 0 9.54596 3.83047 30.2066 3.32637 -5.97807 30.2758 3.06096 3.10416 0.648937 0.627528 10229
0 0 0.00220915 0.192915 0.426901 0.0891106 0.00378299 0.00182915 0.0240476 0.215234 0 9.54365 3.83139 30.2095 3.32308 -5.98143 30.2808 3.06778 3.07202 0.649209 0.627522 10279
0 0 0.00231711 0.192792 0.426549 0.0895956 0.00365666 0.00183128 0.0240385 0.219614 0 9.54736 3.83208 30.2052 3.32121 -5.97306 30.2814 3.05755 3.08852 0.650916 0.627564 10329
0 0 0.00239803 0.19283 0.426388 0.0863587 0.00368914 0.00183019 0.0240588 0.218334 0 9.55244 3.73013 30.1841 3.32221 -5.98627 30.2831 3.03715 3.05833 0.650716 0.627694 10384
0 0 0.00202624 0.19297 0.426043 0.0863481 0.00365958 0.00182795 0.0240861 0.219073 0 9.53324 3.64672 30.1955 3.27436 -5.80344 30.3066 3.03868 3.04188 0.65086 0.628111 10436
0 0 0.00202624 0.19297 0.426043 0.0863481 0.00365958 0.00182795 0.0240861 0.219073 0 9.52989 3.65507 30.2006 3.27721 -5.80684 30.3035 3.02775 3.03574 0.651047 0.627668 10486
0 0 0.00198985 0.192892 0.426071 0.0829853 0.00375668 0.00182709 0.0241234 0.21575 0 9.52992 3.66004 30.2013 3.28424 -5.81555 30.296 3.02061 3.02046 0.650377 0.628082 10537
0 0 0.00198985 0.192892 0.426071 0.0829853 0.00375668 0.00182709 0.0241234 0.21575 0 9.53809 3.65223 30.1905 3.28179 -5.81587 30.2993 2.99955 3.02457 0.658072 0.630555 10590
0 0 0.00198985 0.192892 0.426071 0.0829853 0.00375668 0.00182709 0.0241234 0.21575 0 9.53887 3.6575 30.1903 3.27858 -5.81515 30.3034 2.98474 3.00856 0.657745 0.630468 10643
0 0 0.00198129 0.192746 0.426192 0.0860964 0.00375303 0.00182943 0.0240546 0.216041 0 9.54245 3.65499 30.1857 3.27886 -5.82057 30.3041 2.97634 2.98577 0.657588 0.63005 10696
0 0 0.00198285 0.19275 0.426105 0.084372 0.00380375 0.00183076 0.0240509 0.21437 0 9.54202 3.67354 30.1887 3.28606 -5.82809 30.2962 2.96647 3.00021 0.657438 0.63049 10746
0 0 0.00198614 0.192717 0.426418 0.086259 0.00368848 0.00183136 0.024037 0.218401 0 9.53542 3.67178 30.1963 3.28772 -5.84195 30.2969 2.95979 2.98375 0.657395 0.630598 10797
0 0 0.0019871 0.192711 0.426546 0.119822 0.00324996 0.00183076 0.0240379 0.23577 0 9.53229 3.67363 30.2002 3.29017 -5.84636 30.2946 2.94383 2.94793 0.65691 0.63107 10850
0 0 0.0019871 0.192711 0.426546 0.119822 0.00324996 0.00183076 0.0240379 0.23577 0 9.52531 3.67228 30.2084 3.27958 -5.84322 30.3079 2.95866 2.95695 0.65657 0.630398 10903
0 0 0.00198975 0.192749 0.426884 0.12918 0.00329031 0.00183076 0.0240243 0.234131 0 9.53523 3.69108 30.1991 3.2732 -5.85485 30.3187 2.94313 2.94671 0.656754 0.630843 10955
0 0 0.00199475 0.192749 0.426827 0.123758 0.00343522 0.00183078 0.024013 0.228135 0 9.53674 3.69407 30.1977 3.28074 -5.87319 30.3126 2.93113 2.94905 0.656439 0.630457 11006
0 0 0.00203147 0.19271 0.427525 0.122597 0.00343943 0.00183418 0.0239628 0.2285 0 9.53589 3.69101 30.1983 3.26868 -5.86466 30.3267 2.93232 2.92648 0.65721 0.630833 11059
0 0 0.00223044 0.1927 0.427672 0.139841 0.00353413 0.00183511 0.0239236 0.224805 0 9.54027 3.69553 30.1937 3.27208 -5.86879 30.3231 2.92125 2.93046 0.656587 0.631496 11109
0 0 0.00226185 0.192697 0.427551 0.136801 0.00347962 0.0018349 0.0239268 0.226832 0 9.5245 3.69041 30.1203 3.2709 -5.87399 30.3258 2.90651 2.90807 0.656145 0.631313 11162
0 0 0.00257653 0.192729 0.42721 0.148726 0.00344921 0.00183233 0.0239873 0.227696 0 9.52608 3.68504 30.1177 3.26969 -5.86992 30.3265 2.91063 2.92525 0.656166 0.631528 11216
0 0 0.00244767 0.192706 0.427205 0.136424 0.00335868 0.00183211 0.0239972 0.231298 0 9.5158 3.68211 30.1295 3.27663 -5.87296 30.318 2.92328 2.93706 0.656104 0.631433 11269
0 0 0.00240484 0.192667 0.427198 0.165062 0.00323725 0.00183308 0.023984 0.236509 0 9.51902 3.68162 30.1256 3.27284 -5.87334 30.3231 2.91005 2.93529 0.655909 0.63268 11320
0 0 0.00240989 0.192662 0.42744 0.168034 0.00326221 0.00183396 0.0239577 0.23554 0 9.52723 3.67314 30.1148 3.27773 -5.8659 30.315 2.91381 2.93122 0.65576 0.632406 11371
0 0 0.00240989 0.192662 0.42744 0.168034 0.00326221 0.00183396 0.0239577 0.23554 0 9.53437 3.68363 30.1077 3.27495 -5.8681 30.3192 2.92073 2.9446 0.655839 0.632579 11424
0 0 0.00222822 0.192668 0.428323 0.223041 0.00343646 0.00183732 0.0238568 0.22902 0 8.99734 3.60654 30.7797 3.4076 -5.79058 30.132 2.92099 2.90595 0.656172 0.632776 11475
0 0 0.00222822 0.192668 0.428323 0.223041 0.00343646 0.00183732 0.0238568 0.22902 0 8.92506 3.62211 30.8819 3.9687 -5.76028 29.4665 2.95437 2.91804 0.656053 0.632541 11528
0 0 0.00222822 0.192668 0.428323 0.223041 0.00343646 0.00183732 0.0238568 0.22902 0 8.91276 3.62744 30.8999 3.94903 -5.76238 29.4884 2.96938 2.9149 0.65555 0.632853 11581
0 0 0.00222822 0.192668 0.428323 0.223041 0.00343646 0.00183732 0.0238568 0.22902 0 8.90592 3.62725 30.9095 3.93992 -5.76377 29.4987 2.96192 2.90083 0.653051 0.623762 11631
0 0 0.00222822 0.192668 0.428323 0.223041 0.00343646 0.00183732 0.0238568 0.22902 0 8.89439 3.62092 30.9249 3.93865 -5.7667 29.5006 2.95153 2.91907 0.670863 0.599527 11686
0 0 0.00222822 0.192668 0.428323 0.223041 0.00343646 0.00183732 0.0238568 0.22902 0 8.8894 3.61911 30.9317 3.93916 -5.77689 29.5019 2.95329 2.92112 0.671555 0.599197 11737
0 0 0.00222822 0.192668 0.428323 0.223041 0.00343646 0.00183732 0.0238568 0.22902 0 8.88403 3.61722 30.939 3.9433 -5.76755 29.4956 2.97305 2.92497 0.672408 0.600216 11787
0 0 0.00222822 0.192668 0.428323 0.223041 0.00343646 0.00183732 0.0238568 0.22902 0 8.88242 3.60725 30.9399 3.94542 -5.75265 29.4907 2.94599 2.90944 0.672545 0.600365 11838
0 0 0.00222822 0.192668 0.428323 0.223041 0.00343646 0.00183732 0.0238568 0.22902 0 8.87975 3.59875 30.9425 3.94021 -5.74786 29.4956 2.94303 2.92896 0.673221 0.600339 11888
0 0 0.0046874 0.192607 0.510438 27.4777 0.0394397 0.00216795 0.00710671 0.431682 0 8.87674 3.60096 30.9471 3.94301 -5.75009 29.4929 2.94679 2.92044 0.673466 0.600571 11940
0 0 0.0046874 0.192607 0.510438 27.4777 0.0394397 0.00216795 0.00710671 0.431682 0 8.87692 3.5936 30.9458 3.94555 -5.74542 29.4893 2.96115 2.93594 0.673882 0.600523 11991
0 0 0.0046874 0.192607 0.510438 27.4777 0.0394397 0.00216795 0.00710671 0.431682 0 8.87394 3.58886 30.9494 3.94556 -5.74253 29.4888 2.93881 2.90914 0.674261 0.600721 12041
0 0 0.0046874 0.192607 0.510438 27.4777 0.0394397 0.00216795 0.00710671 0.431682 0 8.87702 3.58268 30.9442 3.94211 -5.73054 29.4905 2.95826 2.94023 0.674341 0.600439 12094
0 0 0.0046874 0.192607 0.510438 27.4777 0.0394397 0.00216795 0.00710671 0.431682 0 8.86152 3.57906 30.9658 3.95152 -5.72764 29.4797 2.96837 2.90107 0.674424 0.600548 12145
0 0 0.0046874 0.192607 0.510438 27.4777 0.0394397 0.00216795 0.00710671 0.431682 0 8.85451 3.58253 30.9762 3.9622 -5.73084 29.4685 2.96274 2.89876 0.674729 0.600476 12197
0 0 0.0046874 0.192607 0.510438 27.4777 0.0394397 0.00216795 0.00710671 0.431682 0 10.0278 4.30154 29.6612 3.47814 -6.25604 30.1487 2.88335 2.88741 0.674906 0.600556 12249
0 0 0.0046874 0.192607 0.510438 27.4777 0.0394397 0.00216795 0.00710671 0.431682 0 9.9986 4.29076 29.69 3.19374 -6.50569 30.5951 2.86985 2.95436 0.675171 0.600271 12301
0 0 0.0046874 0.192607 0.510438 27.4777 0.0394397 0.00216795 0.00710671 0.431682 0 9.92314 4.27733 29.7683 3.16524 -6.48963 30.6297 2.87097 2.94743 0.675245 0.599954 12351
0 0 0.0046874 0.192607 0.510438 27.4777 0.0394397 0.00216795 0.00710671 0.431682 0 9.89455 4.27212 29.7983 3.17665 -6.48597 30.6126 2.87597 2.92879 0.66597 0.637438 12409
0 0 0.000233669 0.192724 0.786393 50.1719 0.00130096 0.000485485 0.00138899 8.56614 0 9.86463 4.26594 29.8298 3.18412 -6.47814 30.5999 2.86778 2.93707 0.617215 0.64326 12463
0 0 0.00265424 0.192779 0.474895 0.296712 0.00453292 0.00203593 0.0197319 0.223446 0 9.6835 3.95006 29.9745 3.23383 -6.15982 30.4422 2.89324 2.93052 0.619299 0.643211 12521
0 0 0.00223543 0.192827 0.434556 2.14817 0.00452564 0.0018615 0.0232699 0.197762 0 9.69518 3.95003 29.9612 3.21552 -6.17007 30.4696 2.90074 2.95696 0.622702 0.641539 12573
0 0 0.00241977 0.192721 0.439958 3.07644 0.00447741 0.0018827 0.0227953 0.202182 0 9.7109 3.97212 29.947 3.20441 -6.17837 30.4868 2.88763 2.94756 0.623106 0.641298 12624
0 0 0.00250713 0.192672 0.433091 4.20237 0.00437792 0.00185256 0.0234853 0.200462 0 9.74627 3.99876 29.9116 3.19264 -6.21698 30.513 2.8865 2.93207 0.63812 0.63452 12684
0 0 0.00248679 0.192677 0.434587 7.36337 0.00433795 0.00185956 0.0233181 0.202711 0 9.75328 4.014 29.9063 3.19863 -6.24392 30.5121 2.88862 2.9449 0.640974 0.638116 12734
0 0 0.00267171 0.192685 0.43095 7.28929 0.00431269 0.00184483 0.0236882 0.201039 0 9.7465 4.00286 29.912 3.19687 -6.23935 30.5133 2.90506 2.95568 0.640762 0.63914 12787
0 0 0.00250559 0.192675 0.429523 10.2373 0.00415608 0.00184064 0.0237807 0.204953 0 9.73905 3.99751 29.9195 3.21009 -6.21812 30.4895 2.90345 2.95301 0.638444 0.640287 12840
0 0 0.00248021 0.192731 0.42855 0.702046 0.00419326 0.00183553 0.0238917 0.203133 0 9.72028 3.98558 29.9386 3.2098 -6.2048 30.4864 2.91125 2.96523 0.637073 0.640108 12891
0 0 0.00214024 0.192774 0.428227 0.183575 0.00423009 0.00183562 0.0238856 0.202102 0 9.7086 3.98579 29.9519 3.22507 -6.22081 30.4699 2.91024 2.97593 0.63668 0.640625 12943
0 0 0.00207627 0.193248 0.427149 0.134413 0.00404739 0.00183081 0.0239937 0.206872 0 9.70245 4.40132 30.0408 3.53868 -6.87229 30.2591 2.98261 2.92478 0.63788 0.639575 12996
0 0 0.00199505 0.193529 0.426888 0.116006 0.004067 0.00182797 0.024075 0.20611 0 9.70978 4.69306 30.1037 3.51361 -6.89176 30.2979 2.89255 2.9442 0.638387 0.639957 13047
0 0 0.00199505 0.193529 0.426888 0.116006 0.004067 0.00182797 0.024075 0.20611 0 9.71714 4.69577 30.0959 3.50082 -6.87946 30.31 2.89984 2.94953 0.638832 0.639099 13100
0 0 0.00199505 0.193529 0.426888 0.116006 0.004067 0.00182797 0.024075 0.20611 0 9.71659 4.69346 30.0959 3.49089 -6.89101 30.3268 2.90294 2.93568 0.632345 0.616733 13150
0 0 0.00198773 0.193327 0.42682 0.117908 0.00422264 0.00182742 0.0240608 0.201446 0 9.71871 4.69909 30.095 3.48895 -6.88695 30.3279 2.89733 2.95996 0.611115 0.624739 13203
0 0 0.00199374 0.19327 0.427127 0.139471 0.00429623 0.0018284 0.0240266 0.199587 0 10.3045 4.75082 29.479 3.14906 -6.93034 30.8058 2.83114 2.993 0.610756 0.624698 13254
0 0 0.00199374 0.19327 0.427127 0.139471 0.00429623 0.0018284 0.0240266 0.199587 0 10.2633 4.74529 29.519 3.06857 -6.96599 30.9367 2.82512 2.97209 0.611126 0.625386 13304
0 0 0.00199374 0.19327 0.427127 0.139471 0.00429623 0.0018284 0.0240266 0.199587 0 10.2442 4.75133 29.5399 3.08262 -6.98548 30.9239 2.83341 2.98651 0.608934 0.626814 13358
0 0 0.00199374 0.19327 0.427127 0.139471 0.00429623 0.0018284 0.0240266 0.199587 0 10.2273 4.76003 29.5593 3.08712 -6.98324 30.9164 2.83868 2.99164 0.590615 0.647163 13411
0 0 0.00199374 0.19327 0.427127 0.139471 0.00429623 0.0018284 0.0240266 0.199587 0 10.221 4.75945 29.5655 3.09426 -6.98528 30.9067 2.83927 2.97042 0.593738 0.651464 13464
0 0 0.00199374 0.19327 0.427127 0.139471 0.00429623 0.0018284 0.0240266 0.199587 0 10.2157 4.75504 29.5698 3.0976 -6.97822 30.899 2.83951 2.97477 0.593836 0.651436 13516
0 0 0.00199374 0.19327 0.427127 0.139471 0.00429623 0.0018284 0.0240266 0.199587 0 10.1644 3.81723 29.4377 2.78912 -6.22352 31.1027 2.7905 3.10503 0.593857 0.650875 13568
0 0 0.00199374 0.19327 0.427127 0.139471 0.00429623 0.0018284 0.0240266 0.199587 0 10.1031 3.65142 29.4785 2.76647 -5.87602 31.0459 2.8911 3.00254 0.594057 0.650574 13620
0 0 0.00199374 0.19327 0.427127 0.139471 0.00429623 0.0018284 0.0240266 0.199587 0 10.0811 3.65901 29.502 2.78905 -5.88007 31.0121 2.89278 3.01234 0.597112 0.656256 13671
0 0 0.00551483 0.195271 0.726216 0.648297 0.0045483 0.00304057 0.00929329 0.395374 0 10.0767 3.66498 29.5073 2.79017 -5.89501 31.0139 2.8963 3.01909 0.612439 0.698571 13721
0 0 0.00551483 0.195271 0.726216 0.648297 0.0045483 0.00304057 0.00929329 0.395374 0 10.069 3.66743 29.5155 2.78481 -5.88536 31.0199 2.90494 3.02341 0.643788 0.663016 13773
0 0 0.00242168 0.196081 0.444488 0.0970269 0.00455474 0.00184457 0.023138 0.19958 0 9.73073 3.62761 29.8746 2.99949 -5.80587 30.684 2.94753 3.00531 0.643625 0.663074 13825
0 0 0.00242168 0.196081 0.444488 0.0970269 0.00455474 0.00184457 0.023138 0.19958 0 9.56745 3.70163 30.0712 3.28859 -5.88891 30.3056 2.9385 2.98417 0.643381 0.662188 13876
0 0 0.002465 0.195987 0.434918 0.0919275 0.00453049 0.0018218 0.0238237 0.19545 0 9.55108 3.69929 30.0901 3.2752 -5.8978 30.3252 2.9389 3.01046 0.643788 0.66183 13929
0 0 0.00213696 0.194375 0.430545 0.118988 0.00448708 0.00182354 0.0239536 0.195188 0 9.54121 3.69121 30.1007 3.27438 -5.89019 30.3246 2.93496 2.99082 0.659983 0.659403 13985
0 0 0.00209724 0.194171 0.43017 0.103092 0.00449486 0.00182926 0.0238873 0.195192 0 9.537 3.69289 30.1059 3.28092 -5.88504 30.3149 2.93746 2.98853 0.661845 0.639783 14035
0 0 0.00205777 0.19282 0.428146 0.24066 0.00450768 0.00183673 0.0238695 0.194549 0 9.52756 3.71 30.1193 3.29632 -5.89748 30.2973 2.94573 3.00102 0.653627 0.632703 14089
0 0 0.00205777 0.19282 0.428146 0.24066 0.00450768 0.00183673 0.0238695 0.194549 0 9.52092 3.71968 30.1285 3.29904 -5.90775 30.296 2.94311 3.0019 0.65453 0.633397 14140
0 0 0.00207741 0.192752 0.428102 0.386971 0.00445475 0.00183748 0.023872 0.195913 0 9.52223 3.72456 30.1277 3.30157 -5.90932 30.293 2.93934 2.97765 0.654787 0.633022 14192
0 0 0.00220079 0.192745 0.427033 0.518051 0.00435648 0.00183269 0.0239786 0.197988 0 9.52458 3.72138 30.1244 3.29453 -5.90978 30.3023 2.93485 2.97413 0.654882 0.632111 14243
0 0 0.00216612 0.192738 0.42652 0.815617 0.00430069 0.00182961 0.0240381 0.19913 0 9.5134 3.71024 30.1362 3.30149 -5.89876 30.2908 2.92214 2.98198 0.654436 0.631319 14295
0 0 0.00229295 0.192701 0.42638 1.09741 0.00420647 0.00182974 0.0240383 0.201727 0 9.51053 3.71995 30.1409 3.30845 -5.90428 30.2829 2.92471 2.99529 0.654163 0.631605 14345
0 0 0.00227855 0.192679 0.426322 2.21634 0.00401029 0.00182966 0.0240496 0.207563 0 8.99969 4.1505 30.8719 3.54333 -5.97723 30.0013 2.93082 2.89849 0.654196 0.631774 14404
0 0 0.00227855 0.192679 0.426322 2.21634 0.00401029 0.00182966 0.0240496 0.207563 0 8.98623 4.1378 30.8879 4.06864 -6.2503 29.459 2.94033 2.92182 0.654645 0.631438 14455
0 0 0.00281962 0.192686 0.42637 4.54233 0.00382567 0.00182945 0.0240596 0.213553 0 8.98549 4.13315 30.8879 4.04852 -6.24513 29.4795 2.9309 2.91052 0.654514 0.630566 14505
0 0 0.00378569 0.192669 0.426295 6.75927 0.00367594 0.00182955 0.0240673 0.218709 0 8.98341 4.14552 30.8935 4.02775 -6.26491 29.5068 2.93496 2.90915 0.659241 0.612602 14557
0 0 0.00457989 0.192664 0.426301 7.85534 0.00358275 0.00182963 0.0240638 0.222073 0 8.95361 4.05634 30.9164 4.02137 -6.22314 29.5039 2.90848 2.91289 0.651564 0.593871 14608
0 0 0.0073169 0.192656 0.426275 9.41803 0.00342506 0.00182969 0.0240636 0.228121 0 8.94548 4.01544 30.9196 4.01706 -6.15254 29.4924 2.9119 2.884 0.652276 0.594533 14666
0 0 0.00780702 0.192656 0.426322 8.26949 0.00292003 0.00182953 0.0240611 0.250929 0 8.94837 3.99577 30.9117 4.00192 -6.14336 29.5068 2.90502 2.88452 0.652294 0.595502 14719
0 0 0.00305301 0.192722 0.426244 1.9848 0.00300031 0.00182778 0.0240764 0.246812 0 8.95181 3.98626 30.9051 3.98426 -6.13823 29.525 2.89617 2.85988 0.655766 0.597962 14777
0 0 0.00305301 0.192722 0.426244 1.9848 0.00300031 0.00182778 0.0240764 0.246812 0 8.95846 3.97864 30.8943 3.99007 -6.13013 29.5168 2.89582 2.84669 0.657793 0.59675 14829
0 0 0.00216731 0.192759 0.426278 0.615155 0.00332729 0.00182692 0.0240817 0.231924 0 8.96977 3.96785 30.8765 3.97544 -6.12082 29.5309 2.88987 2.84036 0.658376 0.597836 14884
0 0 0.00200396 0.192754 0.426195 0.620924 0.00317743 0.00182717 0.0240687 0.238392 0 8.96925 3.95842 30.8754 3.96486 -6.11849 29.542 2.89813 2.84513 0.658563 0.597872 14938
0 0 0.00198659 0.192846 0.426232 0.666379 0.00339218 0.00182418 0.0241151 0.229036 0 9.45573 4.05504 30.2611 3.51918 -6.25464 30.0969 2.84924 2.86514 0.65854 0.598562 14993
0 0 0.00199872 0.193187 0.426205 0.158872 0.00319688 0.00181296 0.0242909 0.236551 0 9.443 4.04902 30.2755 3.51641 -6.24996 30.0992 2.84763 2.86686 0.658723 0.59973 15045
0 0 0.00199872 0.193187 0.426205 0.158872 0.00319688 0.00181296 0.0242909 0.236551 0 9.43605 4.0385 30.2821 3.52409 -6.25691 30.0914 2.86631 2.87805 0.645243 0.601695 15096
0 0 0.00199946 0.193163 0.42606 0.103014 0.00322939 0.00181382 0.0242616 0.235134 0 9.38199 4.03257 30.3474 3.54929 -6.23008 30.0533 2.85444 2.8643 0.64209 0.622913 15152
0 0 0.00201391 0.193431 0.425407 0.0905793 0.00352022 0.00180489 0.0243962 0.222655 0 9.32034 4.01561 30.4213 3.60191 -6.21029 29.9839 2.87245 2.86673 0.642412 0.62258 15205
0 0 0.00204275 0.19349 0.420319 0.0846595 0.00387329 0.001804 0.0242932 0.210275 0 9.32387 4.03584 30.4206 3.60575 -6.22573 29.983 2.8808 2.88072 0.642825 0.622991 15257
0 0 0.00204275 0.19349 0.420319 0.0846595 0.00387329 0.001804 0.0242932 0.210275 0 9.32702 4.04734 30.4188 3.60495 -6.24656 29.9892 2.89324 2.88831 0.645689 0.62235 15307
0 0 0.00202485 0.193369 0.423414 0.0836031 0.00388388 0.00181035 0.0242212 0.210577 0 9.33141 4.05095 30.414 3.59874 -6.25735 29.9995 2.88619 2.88495 0.647635 0.6177 15358
0 0 0.00201533 0.193418 0.427009 0.083004 0.00397507 0.0018083 0.0243686 0.207641 0 9.33472 4.05783 30.4111 3.5923 -6.26864 30.0103 2.88626 2.90231 0.646857 0.61732 15411
0 0 0.00201533 0.193418 0.427009 0.083004 0.00397507 0.0018083 0.0243686 0.207641 0 9.33946 4.0682 30.4072 3.59464 -6.27833 30.0099 2.88961 2.89959 0.646555 0.617305 15463
0 0 0.00201533 0.193418 0.427009 0.083004 0.00397507 0.0018083 0.0243686 0.207641 0 9.34271 4.07631 30.4046 3.59657 -6.28562 30.0094 2.90486 2.91705 0.645864 0.618315 15515
0 0 0.00201533 0.193418 0.427009 0.083004 0.00397507 0.0018083 0.0243686 0.207641 0 7.83954 2.50812 32.6423 5.35618 -4.589 28.0709 2.87222 2.84091 0.645571 0.618322 15566
0 0 0.00201533 0.193418 0.427009 0.083004 0.00397507 0.0018083 0.0243686 0.207641 0 7.41897 1.64898 33.7476 6.38273 -3.76209 27.3633 2.90413 2.88293 0.645103 0.618584 15618
0 0 0.00201533 0.193418 0.427009 0.083004 0.00397507 0.0018083 0.0243686 0.207641 0 7.39128 1.21339 33.9591 6.13151 -3.49527 27.5448 2.99031 2.84023 0.684239 0.6419 15672
0 0 0.00201533 0.193418 0.427009 0.083004 0.00397507 0.0018083 0.0243686 0.207641 0 7.5153 1.32452 33.5795 5.7743 -3.64421 27.7798 3.05377 2.866 0.671723 0.51204 15726
0 0 0.00201533 0.193418 0.427009 0.083004 0.00397507 0.0018083 0.0243686 0.207641 0 7.58674 1.41671 33.3705 5.67389 -3.69824 27.8489 3.06054 2.89716 0.788416 0.564199 15779
0 0 0.00236577 0.194012 0.431192 0.0850363 0.00442471 0.00180547 0.0242194 0.195799 0 7.6081 1.43684 33.3125 5.53036 -3.75512 27.9521 3.08566 2.90239 0.788867 0.549095 15831
0 0 0.00235289 0.193868 0.432859 0.0851523 0.00441104 0.00181106 0.0241532 0.1966 0 7.63438 1.41394 33.2549 5.44287 -3.74872 28.0193 3.10518 2.91371 0.781462 0.56066 15891
0 0 0.00235541 0.193448 0.430821 0.0832018 0.00442686 0.00181874 0.0240843 0.196195 0 7.64029 1.41373 33.2408 5.41278 -3.74235 28.0429 3.10334 2.94016 0.778162 0.564025 15942
0 0 0.00239173 0.192978 0.432836 0.0850295 0.00429541 0.00184186 0.0236605 0.201876 0 7.66049 1.38658 33.1999 5.37012 -3.72489 28.0773 3.1254 2.95522 0.775784 0.568902 15993
0 0 0.00239173 0.192978 0.432836 0.0850295 0.00429541 0.00184186 0.0236605 0.201876 0 7.67689 1.37227 33.1651 5.33831 -3.71664 28.1029 3.13244 2.97569 0.776163 0.572965 16045
0 0 0.00239173 0.192978 0.432836 0.0850295 0.00429541 0.00184186 0.0236605 0.201876 0 7.69983 1.35858 33.1152 5.3034 -3.72059 28.1302 3.16937 3.01428 0.777155 0.574466 16097
0 0 0.00239173 0.192978 0.432836 0.0850295 0.00429541 0.00184186 0.0236605 0.201876 0 7.72911 1.3708 33.0445 5.29173 -3.73336 28.1387 3.20357 3.04404 0.777303 0.57608 16150
0 0 0.00239173 0.192978 0.432836 0.0850295 0.00429541 0.00184186 0.0236605 0.201876 0 7.74024 1.35348 33.0239 5.24648 -3.73754 28.1746 3.23605 3.10414 0.77716 0.577185 16200
0 0 0.00239173 0.192978 0.432836 0.0850295 0.00429541 0.00184186 0.0236605 0.201876 0 7.73772 1.35138 33.0301 5.22911 -3.72096 28.1897 3.25819 3.1418 0.776485 0.5788 16254
0 0 0.00239173 0.192978 0.432836 0.0850295 0.00429541 0.00184186 0.0236605 0.201876 0 7.77811 1.27868 32.9592 5.20375 -3.72847 28.2098 3.30453 3.175 0.775575 0.579205 16307
0 0 0.00239173 0.192978 0.432836 0.0850295 0.00429541 0.00184186 0.0236605 0.201876 0 7.80433 1.24476 32.9107 5.09974 -3.70659 28.2967 3.31511 3.21582 0.774758 0.581037 16358
0 0 0.00239173 0.192978 0.432836 0.0850295 0.00429541 0.00184186 0.0236605 0.201876 0 7.87615 1.22319 32.7614 5.04794 -3.68527 28.3415 3.36394 3.23174 0.775154 0.581598 16409
0 0 0.00239173 0.192978 0.432836 0.0850295 0.00429541 0.00184186 0.0236605 0.201876 0 7.91893 1.20454 32.6766 4.89624 -3.67902 28.4717 3.38217 3.30154 0.775358 0.583542 16461
0 0 0.00239173 0.192978 0.432836 0.0850295 0.00429541 0.00184186 0.0236605 0.201876 0 8.04545 1.16982 32.4305 4.77543 -3.67259 28.5787 3.44 3.33197 0.775755 0.586012 16511
0 0 0.00239173 0.192978 0.432836 0.0850295 0.00429541 0.00184186 0.0236605 0.201876 0 8.40325 1.75086 31.666 4.60658 -3.67255 28.7325 3.58894 3.34673 0.775357 0.589869 16563
0 0 0.00239173 0.192978 0.432836 0.0850295 0.00429541 0.00184186 0.0236605 0.201876 0 8.52833 2.01956 31.4306 4.06084 -4.39082 29.2453 3.47742 3.50746 0.773783 0.594684 16615
0 0 0.00239173 0.192978 0.432836 0.0850295 0.00429541 0.00184186 0.0236605 0.201876 0 8.56019 2.01786 31.3806 4.05425 -4.37813 29.2522 3.50898 3.48468 0.773926 0.598349 16668
0 0 0.00239173 0.192978 0.432836 0.0850295 0.00429541 0.00184186 0.0236605 0.201876 0 8.56829 2.01082 31.3687 4.05374 -4.36288 29.2527 3.53297 3.52537 0.770388 0.604563 16719
0 0 0.00239173 0.192978 0.432836 0.0850295 0.00429541 0.00184186 0.0236605 0.201876 0 8.55633 1.97081 31.3915 4.05413 -4.34873 29.2523 3.57055 3.54618 0.742826 0.615431 16773
0 0 0.00239173 0.192978 0.432836 0.0850295 0.00429541 0.00184186 0.0236605 0.201876 0 8.53807 1.97324 31.4199 4.09498 -4.32974 29.2095 3.57823 3.60064 0.732427 0.610016 16823
0 0 0.00239173 0.192978 0.432836 0.0850295 0.00429541 0.00184186 0.0236605 0.201876 0 8.34288 2.52922 31.7026 4.58339 -4.92564 28.7473 3.74538 3.52337 0.73194 0.61059 16875
0 0 0.00239173 0.192978 0.432836 0.0850295 0.00429541 0.00184186 0.0236605 0.201876 0 8.37335 2.72643 31.6509 4.58142 -4.9848 28.7532 3.61371 3.59131 0.7334 0.611822 16926
0 0 0.00239173 0.192978 0.432836 0.0850295 0.00429541 0.00184186 0.0236605 0.201876 0 8.37566 2.72414 31.6471 4.5737 -4.983 28.7603 3.60124 3.58417 0.733341 0.611348 16977
0 0 0.00239173 0.192978 0.432836 0.0850295 0.00429541 0.00184186 0.0236605 0.201876 0 8.38439 2.72367 31.6326 4.58576 -4.99779 28.7501 3.60295 3.58073 0.734092 0.579742 17030
0 0 0.00239173 0.192978 0.432836 0.0850295 0.00429541 0.00184186 0.0236605 0.201876 0 8.40833 2.74196 31.5933 4.5063 -5.00332 28.8253 3.58818 3.60226 0.711252 0.583396 17083
0 0 0.00239173 0.192978 0.432836 0.0850295 0.00429541 0.00184186 0.0236605 0.201876 0 8.51614 2.6913 31.4191 4.40561 -4.97971 28.9203 3.56025 3.57813 0.710565 0.586269 17135
0 0 0.00239173 0.192978 0.432836 0.0850295 0.00429541 0.00184186 0.0236605 0.201876 0 8.51302 2.65462 31.4239 4.38641 -4.94353 28.9364 3.54032 3.56888 0.709116 0.586091 17195
0 0 0.00239173 0.192978 0.432836 0.0850295 0.00429541 0.00184186 0.0236605 0.201876 0 8.50965 2.65369 31.4292 4.38042 -4.92186 28.9408 3.53778 3.54342 0.7046 0.590423 17248
0 0 0.00239173 0.192978 0.432836 0.0850295 0.00429541 0.00184186 0.0236605 0.201876 0 8.52035 2.62879 31.4123 4.37145 -4.91451 28.9491 3.51083 3.54952 0.707178 0.593479 17299
0 0 0.00239173 0.192978 0.432836 0.0850295 0.00429541 0.00184186 0.0236605 0.201876 0 8.54293 2.62037 31.3769 4.31992 -4.92302 29.0004 3.513 3.53259 0.708282 0.593962 17349
0 0 0.00239173 0.192978 0.432836 0.0850295 0.00429541 0.00184186 0.0236605 0.201876 0 8.2099 1.88779 31.98 4.29115 -4.9126 29.0284 3.3901 3.54159 0.709264 0.593499 17399
0 0 1.99094e-05 0.200048 0.42768 35.4105 2.61051e-05 9.15917e-05 0.0025539 40.8829 0 8.08964 1.21855 32.3317 4.56157 -3.54007 28.7857 3.49005 3.29977 0.709436 0.594166 17449
0 0 0.0019363 0.19273 0.426289 0.0845811 0.0013419 0.00181629 0.0240835 0.405633 0 8.11794 1.0827 32.3144 4.64069 -3.37865 28.7283 3.51205 3.49585 0.709481 0.597177 17507
0 0 0.00209217 0.192601 0.442171 0.0938169 0.00198078 0.00188729 0.0222738 0.336747 0 8.14728 1.08393 32.2584 4.58 -3.3596 28.7869 3.5356 3.47628 0.739655 0.630332 17560
0 0 0.00268804 0.19082 0.500614 0.154908 0.00299686 0.00221594 0.0174185 0.31113 0 7.99821 1.12634 32.5366 4.55096 -3.45812 28.8036 3.545 3.48556 0.491558 0.832937 17613
0 0 0.00236275 0.192162 0.466918 0.115334 0.0032563 0.0020225 0.0201681 0.267396 0 8.01284 1.27533 32.4669 4.79817 -3.55656 28.5679 3.52905 3.44612 0.77537 0.595235 17663
0 0 0.00227823 0.192657 0.457253 0.105895 0.00320698 0.00196401 0.0211295 0.261385 0 8.0615 1.38081 32.346 4.74778 -3.70705 28.6009 3.52572 3.47564 0.774919 0.597276 17718
0 0 0.00223466 0.193441 0.448673 0.0994006 0.00371721 0.00190044 0.0222194 0.23123 0 8.20845 1.67107 32.0149 4.54438 -3.89059 28.7765 3.50908 3.45783 0.771517 0.598607 17776
0 0 0.00212147 0.193088 0.437983 0.0899632 0.00384443 0.00186822 0.0230194 0.220324 0 8.25307 1.74797 31.9233 4.49119 -3.94018 28.8244 3.52094 3.51234 0.770667 0.589032 17834
0 0 0.00211159 0.193504 0.435048 0.090202 0.004156 0.00184201 0.0234926 0.207476 0 8.33642 1.84393 31.7043 4.34913 -4.10603 28.9555 3.50709 3.47262 0.764762 0.591458 17887
0 0 0.00216642 0.193437 0.439916 0.0922831 0.004229 0.00186669 0.0229362 0.208834 0 8.37141 1.89382 31.6395 4.2951 -4.15484 29.0077 3.49333 3.45295 0.757584 0.59557 17938
0 0 0.00230113 0.193181 0.455573 0.105344 0.00424525 0.00194054 0.0214416 0.218895 0 8.41751 1.91284 31.5613 4.18887 -4.23781 29.1133 3.49614 3.4732 0.74969 0.59878 17990
0 0 0 0 0 0 0 0 0 0 0 8.45755 1.95365 31.4918 4.28074 -4.42333 30.3211 3.49943 3.61827 0.745773 0.599394 18042
0 0 0 0 0 0 0 0 0 0 0 8.46816 1.96489 31.4735 4.25823 -4.44093 30.344 3.49808 3.62834 0.740959 0.603237 18095
0 0 0.00215437 0.192305 0.442418 0.0936227 0.00419513 0.00191076 0.0223548 0.212754 0 8.59306 2.10453 31.2646 4.16307 -4.4589 30.4432 3.48643 3.61643 0.74023 0.601891 18153
0 0 0.00215437 0.192305 0.442418 0.0936227 0.00419513 0.00191076 0.0223548 0.212754 0 8.59774 2.0642 31.2609 4.0729 -4.49722 30.5391 3.50869 3.66665 0.739181 0.603033 18203
0 0 0.00215437 0.192305 0.442418 0.0936227 0.00419513 0.00191076 0.0223548 0.212754 0 8.61898 2.04647 31.2301 4.03806 -4.47331 30.5773 3.50419 3.66333 0.737882 0.603711 18256
0 0 0.00215437 0.192305 0.442418 0.0936227 0.00419513 0.00191076 0.0223548 0.212754 0 8.6599 2.02588 31.1702 4.0139 -4.46343 30.6039 3.50241 3.66406 0.738761 0.607747 18310
0 0 0.00215437 0.192305 0.442418 0.0936227 0.00419513 0.00191076 0.0223548 0.212754 0 8.68894 2.00726 31.1286 3.94777 -4.45003 30.6773 3.50181 3.66816 0.732572 0.606937 18362
0 0 0.00215437 0.192305 0.442418 0.0936227 0.00419513 0.00191076 0.0223548 0.212754 0 8.73976 1.9716 31.0572 3.92814 -4.45221 30.6992 3.49709 3.6727 0.733026 0.607173 18412
0 0 0.00215437 0.192305 0.442418 0.0936227 0.00419513 0.00191076 0.0223548 0.212754 0 8.77038 1.95376 31.0144 3.87105 -4.44909 30.7638 3.49516 3.68615 0.733162 0.608675 18465
0 0 0.00215437 0.192305 0.442418 0.0936227 0.00419513 0.00191076 0.0223548 0.212754 0 8.80597 1.91272 30.9674 3.8487 -4.42519 30.7898 3.49545 3.67085 0.733029 0.610541 18517
0 0 0.00215437 0.192305 0.442418 0.0936227 0.00419513 0.00191076 0.0223548 0.212754 0 8.81735 1.90728 30.9517 3.83746 -4.43055 30.8025 3.5061 3.6896 0.731363 0.615105 18567
0 0 0.00215437 0.192305 0.442418 0.0936227 0.00419513 0.00191076 0.0223548 0.212754 0 8.79272 1.89093 30.9888 3.84849 -4.39809 30.7907 3.51857 3.69541 0.731623 0.617911 18627
0 0 0.00215437 0.192305 0.442418 0.0936227 0.00419513 0.00191076 0.0223548 0.212754 0 8.79589 1.89299 30.984 3.84851 -4.39375 30.7908 3.51843 3.69395 0.731562 0.619882 18678
0 0 0.00215437 0.192305 0.442418 0.0936227 0.00419513 0.00191076 0.0223548 0.212754 0 8.79444 1.89746 30.9856 3.85068 -4.38102 30.7886 3.53527 3.71774 0.731307 0.620844 18729
0 0 0.00215437 0.192305 0.442418 0.0936227 0.00419513 0.00191076 0.0223548 0.212754 0 8.76456 1.88779 31.0299 3.8623 -4.3649 30.7758 3.52406 3.73486 0.732169 0.619567 18780
0 0 0.00215437 0.192305 0.442418 0.0936227 0.00419513 0.00191076 0.0223548 0.212754 0 8.75155 1.86047 31.052 3.87352 -4.35316 30.7634 3.52567 3.74353 0.732871 0.61938 18834
0 0 0.00215437 0.192305 0.442418 0.0936227 0.00419513 0.00191076 0.0223548 0.212754 0 8.73739 1.86878 31.0718 3.88867 -4.33503 30.7468 3.54487 3.7353 0.733164 0.61899 18885
0 0 0.00215437 0.192305 0.442418 0.0936227 0.00419513 0.00191076 0.0223548 0.212754 0 8.71404 1.87905 31.105 3.92971 -4.33312 30.7006 3.55307 3.73948 0.734703 0.617082 18938
0 0 0.00215437 0.192305 0.442418 0.0936227 0.00419513 0.00191076 0.0223548 0.212754 0 8.70367 1.8807 31.1201 3.94532 -4.32387 30.6835 3.57447 3.75088 0.735533 0.618009 18991
0 0 0.00215437 0.192305 0.442418 0.0936227 0.00419513 0.00191076 0.0223548 0.212754 0 8.69845 1.87805 31.1282 3.96316 -4.32216 30.6636 3.557 3.75945 0.735478 0.615229 19042
0 0 0.00215437 0.192305 0.442418 0.0936227 0.00419513 0.00191076 0.0223548 0.212754 0 8.69682 1.86638 31.1319 3.97685 -4.31126 30.6488 3.57461 3.78007 0.735778 0.613494 19096
0 0 0.00215437 0.192305 0.442418 0.0936227 0.00419513 0.00191076 0.0223548 0.212754 0 8.69434 1.85728 31.1367 3.98532 -4.29432 30.6401 3.57392 3.78051 0.73606 0.613297 19147
0 0 0.00215437 0.192305 0.442418 0.0936227 0.00419513 0.00191076 0.0223548 0.212754 0 8.68558 1.8059 31.156 3.99891 -4.27503 30.6258 3.58486 3.79022 0.73596 0.61225 19205
0 0 0.00215437 0.192305 0.442418 0.0936227 0.00419513 0.00191076 0.0223548 0.212754 0 8.66487 1.6863 31.2034 4.03033 -4.21841 30.5938 3.58035 3.78859 0.736042 0.611841 19258
0 0 0.00215437 0.192305 0.442418 0.0936227 0.00419513 0.00191076 0.0223548 0.212754 0 8.97599 1.09801 30.8624 3.78483 -3.91953 30.8914 3.55539 3.82695 0.736494 0.611085 19317
0 0 0.00215437 0.192305 0.442418 0.0936227 0.00419513 0.00191076 0.0223548 0.212754 0 8.88546 0.953485 31.0243 3.73959 -3.68423 30.969 3.59808 3.76581 0.737735 0.611797 19369
0 0 0.00215437 0.192305 0.442418 0.0936227 0.00419513 0.00191076 0.0223548 0.212754 0 8.80009 1.04885 31.1249 3.8269 -3.71743 30.8629 3.63025 3.7633 0.738791 0.610723 19423
0 0 0.00215437 0.192305 0.442418 0.0936227 0.00419513 0.00191076 0.0223548 0.212754 0 8.77403 1.0886 31.1539 3.85686 -3.75081 30.8246 3.62249 3.76885 0.753414 0.635149 19476
0 0 0.00215437 0.192305 0.442418 0.0936227 0.00419513 0.00191076 0.0223548 0.212754 0 8.64777 1.33622 31.2899 3.98872 -4.00428 30.6527 3.66848 3.77614 0.757866 0.639034 19527
0 0 0.00215437 0.192305 0.442418 0.0936227 0.00419513 0.00191076 0.0223548 0.212754 0 8.62425 1.40251 31.313 4.01312 -4.04929 30.6226 3.63285 3.78441 0.758171 0.634575 19578
0 0 0.00215437 0.192305 0.442418 0.0936227 0.00419513 0.00191076 0.0223548 0.212754 0 8.57131 1.51148 31.375 4.06323 -4.13511 30.5624 3.63289 3.79036 0.757677 0.632177 19628
0 0 0.00215437 0.192305 0.442418 0.0936227 0.00419513 0.00191076 0.0223548 0.212754 0 8.56677 1.54276 31.3766 4.08104 -4.15549 30.5419 3.61712 3.79016 0.753481 0.626985 19685
0 0 0.00215437 0.192305 0.442418 0.0936227 0.00419513 0.00191076 0.0223548 0.212754 0 8.55 1.55521 31.4008 4.09664 -4.17234 30.5242 3.6139 3.79086 0.749335 0.623055 19738
0 0 0.00215437 0.192305 0.442418 0.0936227 0.00419513 0.00191076 0.0223548 0.212754 0 8.53742 1.55265 31.421 4.1273 -4.16214 30.4918 3.61679 3.78398 0.748539 0.620674 19791
0 0 0.00215437 0.192305 0.442418 0.0936227 0.00419513 0.00191076 0.0223548 0.212754 0 8.52347 1.547 31.444 4.14197 -4.14897 30.4769 3.59551 3.80235 0.747602 0.617611 19842
0 0 0.00215437 0.192305 0.442418 0.0936227 0.00419513 0.00191076 0.0223548 0.212754 0 8.50024 1.52441 31.485 4.18461 -4.12134 30.4333 3.61382 3.78595 0.747597 0.616512 19892
0 0 0.00215437 0.192305 0.442418 0.0936227 0.00419513 0.00191076 0.0223548 0.212754 0 8.48607 1.53209 31.5064 4.20728 -4.13008 30.4089 3.62089 3.7904 0.747597 0.616512 19944
0 0 0.00215437 0.192305 0.442418 0.0936227 0.00419513 0.00191076 0.0223548 0.212754 0 8.49094 1.61241 31.4849 4.23755 -4.16605 30.3754 3.65445 3.8015 0.74853 0.612931 19995
0 0 0.00215437 0.192305 0.442418 0.0936227 0.00419513 0.00191076 0.0223548 0.212754 0 9.36641 5.09432 30.5938 4.11052 -6.81249 30.8014 3.60942 3.50199 0.749101 0.612607 20049
0 0 0.00215437 0.192305 0.442418 0.0936227 0.00419513 0.00191076 0.0223548 0.212754 0 9.37705 5.75386 30.8377 4.65636 -8.04312 30.655 3.51527 3.56886 0.748713 0.612307 20101
0 0 0.00215437 0.192305 0.442418 0.0936227 0.00419513 0.00191076 0.0223548 0.212754 0 9.32934 5.72859 30.8901 4.73152 -8.22557 30.6585 3.47656 3.74692 0.74841 0.61141 20151
0 0 0.00215437 0.192305 0.442418 0.0936227 0.00419513 0.00191076 0.0223548 0.212754 0 9.30544 5.70209 30.9105 4.69916 -8.19829 30.6792 3.44498 3.73557 0.739145 0.655247 20201
0 0 0.00215437 0.192305 0.442418 0.0936227 0.00419513 0.00191076 0.0223548 0.212754 0 9.29045 5.67598 30.9193 4.66507 -8.15818 30.6963 3.40237 3.65317 0.57315 0.579562 20259
0 0 0.00215437 0.192305 0.442418 0.0936227 0.00419513 0.00191076 0.0223548 0.212754 0 9.27779 5.61427 30.9096 4.65666 -8.1003 30.6794 3.36389 3.57547 0.576517 0.582087 20309
0 0 0.00215437 0.192305 0.442418 0.0936227 0.00419513 0.00191076 0.0223548 0.212754 0 9.2767 5.5885 30.9001 4.65535 -8.08513 30.6741 3.34938 3.56557 0.580314 0.582625 20361
0 0 0.00215437 0.192305 0.442418 0.0936227 0.00419513 0.00191076 0.0223548 0.212754 0 9.26713 5.55955 30.9008 4.66336 -8.06376 30.6567 3.31658 3.52346 0.584184 0.584093 20414
0 0 0.00215437 0.192305 0.442418 0.0936227 0.00419513 0.00191076 0.0223548 0.212754 0 8.52625 3.87174 31.4618 4.6643 -6.95018 30.2627 3.19041 3.73914 0.584651 0.582684 20465
0 0 0.00215437 0.192305 0.442418 0.0936227 0.00419513 0.00191076 0.0223548 0.212754 0 8.36757 2.61421 31.6 4.4497 -5.41948 30.1879 3.18342 3.68988 0.587075 0.585139 20515
0 0 0.00215437 0.192305 0.442418 0.0936227 0.00419513 0.00191076 0.0223548 0.212754 0 8.28337 1.78052 31.8034 4.39545 -4.30052 30.2082 3.37151 3.62381 0.587884 0.58539 20565
0 0 0.00215437 0.192305 0.442418 0.0936227 0.00419513 0.00191076 0.0223548 0.212754 0 8.30233 1.68969 31.7846 4.40809 -4.24746 30.1976 3.37994 3.56638 0.600006 0.59736 20618
0 0 0.00215437 0.192305 0.442418 0.0936227 0.00419513 0.00191076 0.0223548 0.212754 0 8.31519 1.68962 31.7626 4.43401 -4.25413 30.1716 3.37523 3.54218 0.73217 0.645192 20669
0 0 0.00215437 0.192305 0.442418 0.0936227 0.00419513 0.00191076 0.0223548 0.212754 0 8.31647 1.68936 31.7605 4.44789 -4.24402 30.1582 3.36932 3.5324 0.748893 0.600669 20719
0 0 0.00215437 0.192305 0.442418 0.0936227 0.00419513 0.00191076 0.0223548 0.212754 0 8.28114 1.6423 31.8288 4.46441 -4.21701 30.1431 3.34776 3.53652 0.749763 0.602831 20771
0 0 0.00215437 0.192305 0.442418 0.0936227 0.00419513 0.00191076 0.0223548 0.212754 0 8.11558 1.73199 32.1094 4.85932 -4.19822 29.7719 3.36486 3.46263 0.749242 0.601903 20821
0 0 0.00215437 0.192305 0.442418 0.0936227 0.00419513 0.00191076 0.0223548 0.212754 0 8.10541 1.68135 32.1365 4.82822 -4.20343 29.7998 3.34741 3.46832 0.749109 0.602411 20873
0 0 0.00215437 0.192305 0.442418 0.0936227 0.00419513 0.00191076 0.0223548 0.212754 0 8.11136 1.68408 32.1251 4.82325 -4.20111 29.8044 3.32293 3.481 0.751292 0.602793 20928
0 0 0.00215437 0.192305 0.442418 0.0936227 0.00419513 0.00191076 0.0223548 0.212754 0 8.12086 1.69947 32.105 4.81721 -4.2252 29.8088 3.31436 3.45468 0.751843 0.586657 20978
0 0 0.00215437 0.192305 0.442418 0.0936227 0.00419513 0.00191076 0.0223548 0.212754 0 8.12057 1.774 32.0936 4.80993 -4.25175 29.8143 3.32786 3.46183 0.752612 0.588637 21032
0 0 0.00215437 0.192305 0.442418 0.0936227 0.00419513 0.00191076 0.0223548 0.212754 0 8.1163 1.82175 32.0944 4.80293 -4.30582 29.8187 3.34045 3.45629 0.752423 0.588658 21088
0 0 0.00215437 0.192305 0.442418 0.0936227 0.00419513 0.00191076 0.0223548 0.212754 0 8.12406 1.91035 32.0681 4.77278 -4.38425 29.844 3.32617 3.4594 0.751043 0.587533 21138
0 0 0.00215437 0.192305 0.442418 0.0936227 0.00419513 0.00191076 0.0223548 0.212754 0 8.1395 1.92626 32.0379 4.74356 -4.42659 29.87 3.32159 3.45081 0.749974 0.586578 21191
0 0 0.00215437 0.192305 0.442418 0.0936227 0.00419513 0.00191076 0.0223548 0.212754 0 8.45538 1.80323 31.5136 4.24551 -4.3534 30.3593 3.30135 3.54518 0.747671 0.584358 21243
0 0 0.00215437 0.192305 0.442418 0.0936227 0.00419513 0.00191076 0.0223548 0.212754 0 8.45744 1.84021 31.5055 4.24227 -4.42152 30.3609 3.33326 3.53112 0.746503 0.58434 21294
0 0 0.00215437 0.192305 0.442418 0.0936227 0.00419513 0.00191076 0.0223548 0.212754 0 8.45215 1.83701 31.5144 4.26032 -4.4505 30.3416 3.32626 3.5084 0.740618 0.591776 21346
0 0 0.00215437 0.192305 0.442418 0.0936227 0.00419513 0.00191076 0.0223548 0.212754 0 8.4175 1.84321 31.5699 4.30505 -4.46236 30.2954 3.3662 3.52455 0.732008 0.59735 21396
0 0 0.00215437 0.192305 0.442418 0.0936227 0.00419513 0.00191076 0.0223548 0.212754 0 8.40524 1.85434 31.5886 4.31801 -4.47332 30.282 3.38345 3.53259 0.741285 0.606182 21448
0 0 0.00215437 0.192305 0.442418 0.0936227 0.00419513 0.00191076 0.0223548 0.212754 0 8.40214 1.87703 31.5908 4.32174 -4.50321 30.2778 3.38553 3.54119 0.740555 0.608817 21501
0 0 0.00215437 0.192305 0.442418 0.0936227 0.00419513 0.00191076 0.0223548 0.212754 0 8.39384 1.89219 31.6026 4.31369 -4.50977 30.2859 3.39919 3.56181 0.741152 0.608538 21556
0 0 0.00215437 0.192305 0.442418 0.0936227 0.00419513 0.00191076 0.0223548 0.212754 0 8.1866 2.27644 31.9207 4.7696 -4.81229 29.8467 3.40905 3.46489 0.740945 0.607262 21610
0 0 0.00215437 0.192305 0.442418 0.0936227 0.00419513 0.00191076 0.0223548 0.212754 0 8.19169 2.22764 31.9149 4.76134 -4.80561 29.8541 3.40286 3.53449 0.739933 0.606802 21663
0 0 0.00215437 0.192305 0.442418 0.0936227 0.00419513 0.00191076 0.0223548 0.212754 0 8.17787 2.18601 31.9426 4.76833 -4.76768 29.8469 3.40971 3.54645 0.739747 0.606775 21714
0 0 0.00215437 0.192305 0.442418 0.0936227 0.00419513 0.00191076 0.0223548 0.212754 0 8.1346 2.1341 32.0246 4.83458 -4.70778 29.7856 3.42766 3.53515 0.744233 0.587269 21766
0 0 0.00215437 0.192305 0.442418 0.0936227 0.00419513 0.00191076 0.0223548 0.212754 0 8.10665 2.12766 32.0761 4.88374 -4.68827 29.7412 3.43086 3.54088 0.731304 0.591065 21818
0 0 0.00215437 0.192305 0.442418 0.0936227 0.00419513 0.00191076 0.0223548 0.212754 0 10.7506 3.65907 28.8245 3.27584 -6.34693 31.7102 3.41778 3.52723 0.733071 0.591408 21872
0 0 0.00215437 0.192305 0.442418 0.0936227 0.00419513 0.00191076 0.0223548 0.212754 0 11.7388 4.03247 28.0924 2.30093 -6.78206 33.4642 3.12191 3.64804 0.736217 0.587576 21926
0 0 0.00215437 0.192305 0.442418 0.0936227 0.00419513 0.00191076 0.0223548 0.212754 0 11.3231 3.99027 28.3946 2.2969 -6.79231 33.4767 3.41328 3.63651 0.659507 0.0671535 21976
0 0 0.00215437 0.192305 0.442418 0.0936227 0.00419513 0.00191076 0.0223548 0.212754 0 11.369 4.1018 28.3757 2.40625 -6.81147 33.2678 3.1444 3.64144 0.540784 0.520977 22029
0 0 0.00215437 0.192305 0.442418 0.0936227 0.00419513 0.00191076 0.0223548 0.212754 0 11.1865 4.10648 28.5197 2.48162 -6.79796 33.1191 3.21834 3.63009 0.568353 0.744978 22080
0 0 0.00215437 0.192305 0.442418 0.0936227 0.00419513 0.00191076 0.0223548 0.212754 0 11.2628 4.04205 28.4493 2.50743 -6.76546 33.0586 3.1742 3.68856 0.600002 0.0954748 22130
0 0 0.00215437 0.192305 0.442418 0.0936227 0.00419513 0.00191076 0.0223548 0.212754 0 11.2278 3.98635 28.4687 2.39922 -6.66614 33.2243 3.16203 3.587 0.580482 0.728121 22182
0 0 0.00215437 0.192305 0.442418 0.0936227 0.00419513 0.00191076 0.0223548 0.212754 0 11.0519 4.01975 28.6157 2.48387 -6.6516 33.0595 3.12986 3.52828 0.585569 0.721735 22233
0 0 0.00215437 0.192305 0.442418 0.0936227 0.00419513 0.00191076 0.0223548 0.212754 0 11.0493 4.10005 29.1871 2.59274 -6.63193 32.8558 3.17288 3.50969 0.584087 0.720276 22284
0 0 0.00215437 0.192305 0.442418 0.0936227 0.00419513 0.00191076 0.0223548 0.212754 0 10.7955 4.00261 29.3936 2.66342 -6.51985 32.6957 3.19204 3.4932 0.592833 0.726125 22335
0 0 0.00215437 0.192305 0.442418 0.0936227 0.00419513 0.00191076 0.0223548 0.212754 0 10.6585 3.98764 29.516 2.7707 -6.45354 32.4961 3.16279 3.46112 0.599898 0.708318 22385
0 0 0.0042196 0.198567 0.455583 0.116512 0.0278341 0.00165733 0.0143114 0.229333 0 10.5684 3.96402 29.5966 2.84385 -6.41775 32.3677 3.18871 3.42218 0.599112 0.700618 22439
0 0 0.0042196 0.198567 0.455583 0.116512 0.0278341 0.00165733 0.0143114 0.229333 0 10.5354 3.95461 29.6265 2.87065 -6.3802 32.3147 3.26683 3.39666 0.61225 0.691165 22490
0 0 0.00188686 0.179146 0.40389 0.0958368 0.00351238 0.00216434 0.0220531 0.223425 0 10.3838 3.84373 29.7574 2.90796 -6.29187 32.2327 3.15074 3.4106 0.618074 0.686069 22540
0 0 0.00184667 0.17417 0.394852 0.0958557 0.00300051 0.00230891 0.0214483 0.250365 0 10.3484 3.79284 29.7856 2.92733 -6.2461 32.1911 3.13721 3.39627 0.619974 0.67778 22594
0 0 0.00111233 0.0923154 0.234131 0.321073 0.0013487 0.00954434 0.011521 0.29722 4.47079 10.2716 3.76373 29.8585 2.98157 -6.20835 32.0994 3.12668 3.36418 0.627397 0.67331 22646
0 0 0.00122557 0.0963615 0.250709 0.296382 0.0019702 0.00899368 0.0112665 0.266531 3.80102 10.4058 3.46274 29.6931 2.94059 -6.11358 32.1388 3.10785 3.45679 0.630024 0.671523 22698
0 0 0.000933922 0.0689858 0.188646 0.567149 0.00166649 0.0193179 0.00802679 0.255306 8.61634 10.355 3.43904 29.7408 2.8162 -5.87684 32.2802 3.09335 3.34571 0.634588 0.667399 22749
0 0 0.00124504 0.0987183 0.250512 0.291923 0.00244934 0.00888775 0.0111778 0.230912 3.60034 10.272 3.38907 29.819 2.83573 -5.8418 32.2428 3.09078 3.32908 0.636497 0.665121 22801
0 0 0.00124504 0.0987183 0.250512 0.291923 0.00244934 0.00888775 0.0111778 0.230912 3.60034 10.2347 3.37498 29.8554 2.87549 -5.81793 32.1767 3.08469 3.34203 0.637429 0.677727 22855
0 0 0.00124504 0.0987183 0.250512 0.291923 0.00244934 0.00888775 0.0111778 0.230912 3.60034 10.4065 4.30526 29.8101 3.03705 -6.79346 32.1853 3.07744 3.28243 0.648413 0.673099 22906
0 0 0.00124504 0.0987183 0.250512 0.291923 0.00244934 0.00888775 0.0111778 0.230912 3.60034 10.3891 4.30599 29.8273 3.02849 -6.7684 32.1899 3.02655 3.25989 0.652279 0.67028 22958
0 0 0.00124504 0.0987183 0.250512 0.291923 0.00244934 0.00888775 0.0111778 0.230912 3.60034 10.3585 4.2842 29.8536 3.02811 -6.73608 32.1798 3.00376 3.24427 0.653436 0.669309 23010
0 0 0.00200008 0.144552 0.381841 0.142442 0.00316817 0.00405289 0.0140048 0.257617 0 10.3344 4.30157 29.881 2.81421 -6.22963 29.7544 2.99943 2.99885 0.612425 0.653138 23065
0 0 0.00240392 0.163236 0.430381 0.16603 0.00342872 0.00321281 0.0144344 0.275916 0 10.3159 4.31188 29.9016 2.83994 -6.24315 29.7227 2.99201 2.95485 0.610839 0.664486 23117
0 0 0.00240392 0.163236 0.430381 0.16603 0.00342872 0.00321281 0.0144344 0.275916 0 10.2733 4.32737 29.9478 2.86562 -6.25315 29.691 2.97883 2.94978 0.613707 0.662287 23168
0 0 0.00238677 0.186014 0.444346 0.126834 0.00390566 0.00224697 0.0183245 0.248381 0 10.2502 4.32278 29.9705 2.87585 -6.25807 29.6785 2.97389 2.93836 0.614118 0.661866 23226
0 0 0.00237502 0.190732 0.461034 0.117053 0.00405391 0.00207214 0.0197447 0.237012 0 10.2169 4.33164 30.0064 2.9061 -6.25905 29.6406 2.96519 2.94272 0.627831 0.569788 23277
0 0 0.00234091 0.191794 0.460749 0.109107 0.00396609 0.00200772 0.0206176 0.233674 0 10.3256 3.69739 29.7964 2.91215 -6.24779 29.6321 2.93571 2.93292 0.628468 0.567675 23332
0 0 0.0024446 0.192163 0.463715 0.11058 0.0038573 0.00200392 0.0205492 0.238512 0 10.3362 3.49731 29.7646 2.57481 -5.46167 30.0432 2.98885 2.96399 0.629336 0.567428 23382
0 0 0.00291657 0.192174 0.479378 0.126091 0.00395999 0.00207038 0.0193393 0.245473 0 10.3239 3.47207 29.7744 2.56379 -5.46724 30.0582 3.0042 2.94952 0.629624 0.565341 23438
0 0 0.00299693 0.192339 0.483216 0.138746 0.00400476 0.00208072 0.0191099 0.246242 0 10.3563 3.50177 29.7452 2.54167 -5.49306 30.0883 3.00182 2.95982 0.652364 0.580814 23500
0 0 0.00347929 0.192439 0.47707 0.215735 0.00396058 0.00204962 0.0196211 0.243217 0 10.3747 3.51394 29.7283 2.53005 -5.50411 30.1043 3.01685 2.97324 0.660783 0.584435 23553
0 0 0.00323387 0.192949 0.468258 0.391411 0.00399887 0.00199375 0.0204777 0.234884 0 10.3898 3.5313 29.7152 2.52822 -5.52333 30.1066 3.01309 2.95491 0.661963 0.586355 23606
0 0 0.00362396 0.193112 0.46832 0.661759 0.00399585 0.0019854 0.0205863 0.234225 0 10.0138 3.49151 30.0954 2.52265 -5.53455 30.1143 2.96572 2.95892 0.660199 0.587337 23658
0 0 0.0042691 0.193769 0.491961 2.5609 0.00409203 0.00205698 0.0191249 0.244724 0 8.90741 3.54111 31.4729 4.09601 -5.46749 28.3312 3.07806 2.8861 0.659319 0.587936 23711
0 0 0.00428198 0.194765 0.501591 8.03274 0.00422836 0.00205299 0.0189476 0.242757 0 8.88036 3.57062 31.5159 4.06981 -5.485 28.3554 3.10676 2.90414 0.658048 0.58825 23763
0 0 0.00389169 0.194814 0.48865 36.5242 0.00418902 0.00200577 0.0196585 0.237697 0 8.86351 3.59738 31.5441 4.06974 -5.49193 28.3554 3.10038 2.8905 0.657836 0.588874 23813
0 0 0.00333465 0.193732 0.476964 33.8335 0.00421185 0.00199801 0.0200231 0.232656 0 8.86615 3.60571 31.5414 4.04488 -5.52765 28.3784 3.113 2.91153 0.689 0.518161 23863
0 0 0.00304856 0.193366 0.468887 43.1801 0.0041067 0.00197084 0.0204381 0.232553 0 8.87245 3.6095 31.5326 4.0355 -5.5398 28.3872 3.09477 2.90752 0.690112 0.517273 23913
0 0 0.00304856 0.193366 0.468887 43.1801 0.0041067 0.00197084 0.0204381 0.232553 0 8.87441 3.61363 31.5303 4.00546 -5.55154 28.4155 3.08409 2.90962 0.690508 0.517443 23963
0 0 0.00293081 0.193262 0.464421 43.4117 0.00419223 0.0019586 0.0207695 0.226752 0 10.0175 4.45161 30.2426 3.21074 -6.68158 29.3229 3.05975 3.12454 0.690452 0.517454 24013
0 0 0.00292172 0.193258 0.461837 43.3764 0.00424494 0.00194904 0.0209923 0.223219 0 10.3523 4.57726 29.9205 2.8379 -6.74224 29.7873 2.93468 3.13071 0.690063 0.519269 24065
0 0 0.0029341 0.193161 0.462763 45.1565 0.00430624 0.00195375 0.0208449 0.222545 0 10.3216 4.57338 29.9505 2.79519 -6.76608 29.8464 2.95174 3.15141 0.690085 0.519695 24117
0 0 0.00303273 0.193351 0.47275 48.9264 0.00432999 0.00197309 0.0200536 0.229108 0 10.3159 4.61605 29.9661 3.05211 -6.35686 29.4709 2.94616 3.13705 0.623977 0.492909 24169
0 0 0.00332063 0.193466 0.48979 48.9303 0.00436998 0.0020441 0.0188744 0.238417 0 10.3085 4.62224 29.975 2.93469 -6.5377 29.6355 2.94603 2.88446 0.619461 1.10043 24222
0 0 0.00313216 0.193392 0.475427 49.5153 0.00436433 0.00197715 0.0198423 0.230158 0 10.2941 4.62496 29.9903 2.74505 -6.7965 29.9172 2.9469 3.14855 0.631944 0.569345 24275
0 0 0.00297653 0.193474 0.458012 49.9172 0.00436432 0.00189953 0.0212888 0.218421 0 10.2923 4.62482 29.9921 2.71537 -6.74447 29.9479 2.94612 3.14017 0.615324 0.565254 24328
0 0 0.00307716 0.1935 0.467227 50.229 0.00437307 0.00192341 0.0204905 0.224916 0 10.2726 4.6238 30.0121 3.04447 -6.29283 29.4738 2.94583 3.1403 0.615516 0.563707 24379
0 0 0.00327603 0.193439 0.472325 50.9311 0.00433719 0.00192071 0.0198942 0.231965 0 10.2661 4.62966 30.0201 2.93551 -6.54444 29.6353 2.94081 2.86422 0.600412 1.11742 24431
0 0 0.00322993 0.193787 0.467276 50.6465 0.0043792 0.00189258 0.0206345 0.224304 0 10.2508 4.63497 30.0372 2.95086 -6.55508 29.6176 2.94549 2.87427 0.615491 0.563644 24482
0 0 0.0037546 0.194324 0.487017 50.1435 0.00445006 0.00193663 0.0201374 0.226033 0 10.2178 4.64129 30.0728 2.9611 -6.55302 29.6046 2.95656 2.87125 0.616552 0.563451 24535
0 0 0.00360472 0.194033 0.481565 50.6816 0.00440714 0.00191853 0.0201143 0.227877 0 10.2006 4.6425 30.091 2.98754 -6.55094 29.5718 2.97581 2.86954 0.617385 0.562684 24585
0 0 0.00325773 0.194074 0.459482 50.6087 0.00443111 0.00185669 0.0214884 0.216005 0 10.5647 3.90501 29.5917 2.77608 -6.68385 29.8583 2.8952 3.10249 0.617538 0.562668 24635
0 0 0.0030282 0.19391 0.448528 50.944 0.00440832 0.00181269 0.0221786 0.211819 0 10.4718 3.5809 29.6408 2.45429 -5.57032 30.2102 2.99218 2.90288 0.617875 0.561598 24686
0 0 0.00277598 0.193606 0.442045 51.4411 0.00437041 0.00178788 0.0224221 0.211386 0 10.4707 3.57291 29.641 2.45176 -5.58993 30.2138 2.98927 2.94218 0.619042 0.560207 24737
0 0 0.00274375 0.193851 0.438663 51.4934 0.00439463 0.00177127 0.02287 0.207651 0 10.4597 3.56248 29.6506 2.45285 -5.57566 30.2122 3.00987 2.93147 0.641557 0.587212 24787
0 0 0.00274375 0.193851 0.438663 51.4934 0.00439463 0.00177127 0.02287 0.207651 0 10.4552 3.57636 29.6563 2.46355 -5.59262 30.1971 2.99815 2.94573 0.654905 0.591979 24838
0 0 0.00294667 0.197472 0.434626 52.0464 0.00456861 0.00165204 0.0251802 0.191527 0 10.4326 3.57359 29.6778 2.49127 -5.60765 30.1581 3.01232 2.9287 0.654785 0.593523 24890
0 0 0.00305353 0.200435 0.434467 53.482 0.00470314 0.00156704 0.0268934 0.181406 0 10.4294 3.56784 29.6804 2.48528 -5.60102 30.1664 3.00792 2.93466 0.655399 0.592779 24941
0 0 0.00305353 0.200435 0.434467 53.482 0.00470314 0.00156704 0.0268934 0.181406 0 9.69052 3.71617 30.4811 2.50128 -5.59034 30.144 2.97713 2.94577 0.655044 0.593614 24991
0 0 0.00311496 0.203106 0.433959 54.7264 0.00469095 0.00145399 0.0280329 0.179676 0 9.42064 3.80076 30.8184 3.51918 -5.74286 28.9057 3.06148 2.88626 0.654458 0.592389 25043
0 0 0.00358849 0.207916 0.435123 56.9491 0.00496597 0.00136118 0.031111 0.163061 0 9.41066 3.81487 30.833 3.49274 -5.76006 28.9343 3.03707 2.88521 0.655247 0.592186 25094
0 0 0.00391788 0.211277 0.436867 58.402 0.00507276 0.00128302 0.032815 0.157212 0 9.40814 3.81893 30.8367 3.46834 -5.77011 28.9608 3.03702 2.88422 0.655039 0.591401 25146
0 0 0.0035152 0.207687 0.435751 56.7807 0.00481306 0.00133753 0.0300003 0.172206 0 9.39699 3.82003 30.8509 3.45107 -5.778 28.9796 3.02119 2.88127 0.668596 0.538958 25198
0 0 0.00410095 0.212222 0.440872 58.8383 0.00505763 0.00126134 0.0326402 0.159301 0 9.39438 3.82697 30.8553 3.4486 -5.78177 28.9824 3.0095 2.85851 0.669203 0.540104 25248
0 0 0.00410095 0.212222 0.440872 58.8383 0.00505763 0.00126134 0.0326402 0.159301 0 9.3857 4.90342 31.113 3.50782 -5.87873 28.9217 3.05566 2.78862 0.669648 0.540755 25300
0 0 0.00379447 0.205864 0.443903 55.7502 0.00487037 0.00144798 0.0283031 0.175761 0 9.36925 5.13851 31.2115 4.0108 -6.9368 28.517 2.94251 2.76189 0.670324 0.541738 25350
0 0 0.00379447 0.205864 0.443903 55.7502 0.00487037 0.00144798 0.0283031 0.175761 0 9.37191 5.14566 31.2105 3.97963 -6.95531 28.55 2.9309 2.78325 0.670454 0.541367 25402
0 0 0.00324003 0.20129 0.451678 53.4643 0.00455992 0.00155544 0.0245235 0.201285 0 9.38473 5.14387 31.1929 3.95922 -6.94244 28.5677 2.91397 2.75596 0.667311 0.543315 25454
0 0 0.00324003 0.20129 0.451678 53.4643 0.00455992 0.00155544 0.0245235 0.201285 0 9.39481 5.1574 31.1842 3.94039 -6.96655 28.5899 2.92451 2.75618 0.624804 0.509927 25504
0 0 0.0034392 0.203257 0.465574 54.0394 0.00465648 0.00155451 0.0242661 0.201761 0 9.398 5.15621 31.1796 3.92228 -6.9523 28.6053 2.90672 2.74112 0.624719 0.511087 25556
0 0 0.00331863 0.201196 0.471916 52.442 0.00461157 0.00164401 0.0228784 0.209645 0 9.40413 5.15781 31.1721 3.90614 -6.95179 28.6211 2.89599 2.7468 0.625175 0.511059 25606
0 0 0.00343369 0.203899 0.477614 53.5023 0.00476124 0.00159544 0.0239404 0.200528 0 8.97127 4.98186 31.7169 4.35874 -6.77918 28.1737 2.92547 2.69355 0.624746 0.512672 25660
0 0 0.00389312 0.204012 0.507864 53.0727 0.00480045 0.00170325 0.0215665 0.215296 0 8.96323 4.97845 31.7277 4.35981 -6.72579 28.1658 2.91469 2.70914 0.624297 0.512206 25711
0 0 0.00337024 0.200399 0.488891 50.6266 0.00467465 0.00175823 0.0216022 0.214675 0 8.9593 4.97059 31.7309 4.3372 -6.72563 28.1857 2.92442 2.70865 0.640072 0.516031 25763
0 0 0.00299895 0.199305 0.474397 49.0942 0.00461855 0.00174321 0.0221945 0.210934 0 8.96901 4.98436 31.7211 4.33743 -6.73985 28.1874 2.94019 2.73236 0.642708 0.496911 25814
0 0 0.00285491 0.199486 0.458533 47.7583 0.00464919 0.00168353 0.0239326 0.198352 0 7.71585 3.51032 33.6437 5.32919 -5.91702 27.3341 2.98913 2.71186 0.644062 0.494624 25865
0 0 0.00276026 0.198571 0.450729 46.4666 0.00464236 0.0017007 0.0241852 0.195752 0 7.72785 3.4751 33.6092 5.89726 -5.29068 26.9539 3.00389 2.68178 0.644295 0.495597 25916
0 0 0.00276026 0.198571 0.450729 46.4666 0.00464236 0.0017007 0.0241852 0.195752 0 7.75015 3.49336 33.5599 5.82141 -5.32645 27.0008 2.99107 2.71046 0.643748 0.495531 25966
0 0 0.00255122 0.196661 0.45036 43.6287 0.00452825 0.0017464 0.0231205 0.204339 0 7.80546 3.52779 33.4388 5.78017 -5.34441 27.0267 3.02959 2.72102 0.68671 0.52205 26017
0 0 0.00267518 0.197396 0.451016 42.7203 0.00460744 0.00174254 0.0235972 0.199146 0 7.64384 3.17778 33.7709 5.87216 -5.19202 26.9729 3.05307 2.85103 0.727199 0.464288 26067
0 0 0.00256659 0.196741 0.444347 35.359 0.00456546 0.00173309 0.0240326 0.196958 0 7.65424 3.14527 33.742 5.94625 -5.03852 26.9336 3.04014 2.7338 0.725458 0.463366 26118
0 0 0.00256659 0.196741 0.444347 35.359 0.00456546 0.00173309 0.0240326 0.196958 0 7.66933 3.17047 33.7078 5.86483 -5.08746 26.982 3.05037 2.75068 0.724063 0.464936 26167
0 0 0.00281997 0.197815 0.445413 27.7812 0.00467299 0.00172809 0.0246462 0.190616 0 9.60951 4.52428 30.7274 4.52858 -6.22377 27.9703 2.96468 2.86054 0.721288 0.467149 26219
0 0 0.00279503 0.197993 0.457944 16.3165 0.00467318 0.00175281 0.0239559 0.194846 0 9.70195 4.65467 30.6491 3.52055 -6.54267 28.9594 2.88909 2.80143 0.739082 0.469134 26271
0 0 0.00298306 0.199293 0.469064 14.6842 0.00471593 0.00174558 0.0238263 0.195604 0 9.68656 4.6537 30.6672 3.51899 -6.54995 28.962 2.89551 2.81665 0.738235 0.470492 26321
0 0 0.00345697 0.204515 0.47799 15.9919 0.00490825 0.00162904 0.0254951 0.185531 0 9.65922 4.657 30.7007 3.51598 -6.56255 28.9667 2.91739 2.81344 0.706203 0.568503 26373
0 0 0.00456679 0.208392 0.531157 16.757 0.00505197 0.00168838 0.0228832 0.200804 0 9.63812 4.65366 30.7252 3.52969 -6.56319 28.9521 2.91908 2.81607 0.629173 0.535906 26425
0 0 0.00542648 0.213176 0.591179 12.9373 0.00518129 0.00163482 0.0230201 0.200827 0 9.59096 4.62865 30.776 3.54573 -6.55306 28.9338 2.92397 2.82717 0.630958 0.535637 26476
0 0 0.00569134 0.209092 0.612842 10.2461 0.00489391 0.00187242 0.0188219 0.237599 0 9.56275 4.62019 30.8084 3.5756 -6.52975 28.8993 2.92538 2.83469 0.631822 0.5356 26527
0 0 0.00659116 0.209535 0.662935 12.1825 0.00494565 0.00201814 0.0163342 0.263 0 9.51398 4.58121 30.8588 3.59252 -6.51091 28.8793 2.92626 2.80848 0.632959 0.534837 26578
0 0 0.00487452 0.210082 0.549827 12.2444 0.00476619 0.00171627 0.0218126 0.217106 0 9.14651 3.36584 31.1207 3.61454 -5.64996 28.8041 2.9739 2.92682 0.634039 0.534068 26628
0 0 0.00773986 0.213168 0.67396 9.42545 0.00480375 0.00200291 0.0158761 0.277514 0 9.16254 3.35352 31.0981 3.54321 -5.39037 28.8807 2.97104 2.81553 0.636684 0.533 26679
0 0 0.00511362 0.205416 0.592914 7.18062 0.00435699 0.00202683 0.0169282 0.27172 0 9.13742 3.36326 31.1326 3.55677 -5.40056 28.8662 2.98584 2.81486 0.639931 0.531069 26729
0 0 0.00494835 0.204367 0.588061 5.79558 0.00439137 0.00204354 0.0167786 0.271254 0 9.12904 3.36862 31.1444 3.55874 -5.40194 28.8641 2.98784 2.80795 0.668494 0.515645 26779
0 0 0.00494835 0.204367 0.588061 5.79558 0.00439137 0.00204354 0.0167786 0.271254 0 9.17504 3.46498 31.0925 3.56586 -5.44473 28.8558 2.99991 2.81264 0.693826 0.541638 26830
0 0 0.00488155 0.203881 0.578349 8.46813 0.00448553 0.00202354 0.0171206 0.263404 0 9.17012 3.4756 31.1002 3.56044 -5.50054 28.8608 3.00842 2.80844 0.692548 0.541945 26880
0 0 0.00488155 0.203881 0.578349 8.46813 0.00448553 0.00202354 0.0171206 0.263404 0 9.16789 3.47042 31.1026 3.56895 -5.50548 28.8518 2.98553 2.82187 0.693056 0.541877 26930
0 0 0.00359085 0.20219 0.503717 8.62928 0.00439862 0.00181111 0.0213012 0.22477 0 9.15246 3.47255 31.1235 3.57784 -5.50537 28.8424 2.97264 2.80647 0.692469 0.542195 26980
0 0 0.00414001 0.207727 0.498207 6.09175 0.00472514 0.00163876 0.0243068 0.199114 0 9.15737 3.62191 31.1347 3.59746 -5.51215 28.8218 2.9842 2.79559 0.688133 0.541483 27030
0 0 0.00408595 0.206699 0.502832 6.95623 0.00468503 0.00167893 0.0233881 0.204642 0 9.14811 3.65585 31.1517 3.64558 -5.68183 28.7723 2.95098 2.79522 0.688196 0.541388 27081
0 0 0.00364698 0.198537 0.497037 3.91094 0.00460181 0.00193911 0.0193423 0.226151 0 9.14506 3.65631 31.1558 3.65374 -5.67702 28.7638 2.94837 2.78997 0.687921 0.540832 27132
0 0 0.00364698 0.198537 0.497037 3.91094 0.00460181 0.00193911 0.0193423 0.226151 0 9.14387 3.65379 31.1571 3.65794 -5.67861 28.7595 2.9365 2.76891 0.68853 0.54031 27184
0 0 0.00341363 0.199432 0.48109 6.2272 0.00458589 0.00182744 0.0212374 0.214691 0 9.14612 3.65924 31.1548 3.65706 -5.67817 28.7604 2.93194 2.76331 0.68189 0.538904 27234
0 0 0.00380862 0.196384 0.484909 10.1984 0.00453063 0.00200772 0.0181119 0.236367 0 9.14062 3.6631 31.1628 3.66601 -5.69074 28.7513 2.90464 2.7712 0.681754 0.536739 27286
0 0 0.00403869 0.194965 0.473083 7.38695 0.00451009 0.00212838 0.015945 0.251691 0 9.12734 3.67803 31.1828 3.68359 -5.70219 28.7335 2.91459 2.7671 0.681871 0.536754 27338
0 0 0.00380951 0.19436 0.441629 7.91692 0.00449507 0.00213234 0.0156361 0.25193 0 9.12504 3.6658 31.1842 3.68109 -5.6991 28.736 2.9041 2.75776 0.681688 0.536614 27388
0 0 0.00380951 0.19436 0.441629 7.91692 0.00449507 0.00213234 0.0156361 0.25193 0 9.11883 3.67293 31.1936 3.68562 -5.69572 28.7313 2.89599 2.74724 0.68173 0.536739 27441
0 0 0.00409757 0.193648 0.413284 4.6566 0.00453167 0.00212252 0.0148888 0.241675 0 9.10618 3.68775 31.2129 3.69448 -5.7095 28.7225 2.88781 2.7513 0.681408 0.536554 27491
0 0 0.00471578 0.193693 0.463388 3.90889 0.00453694 0.00235058 0.0121633 0.278187 0 10.4344 4.70949 29.8693 2.85546 -6.74089 29.7645 2.77015 2.82261 0.681779 0.53622 27542
0 0 0.00474488 0.19343 0.31983 1.70184 0.00454086 0.00219339 0.0119005 0.249963 0 10.4057 4.68045 29.8909 2.79881 -6.83373 29.853 2.74855 2.82466 0.681932 0.535503 27594
0 0 0.005086 0.193797 0.453737 2.75025 0.00455537 0.00233637 0.0134442 0.272655 0 10.3788 4.69016 29.9201 2.93187 -6.67224 29.6575 2.75174 2.72839 0.682699 0.5415 27646
0 0 0.00505754 0.193846 0.494622 0.645934 0.00455443 0.00226708 0.0153411 0.260841 0 10.3408 4.66699 29.9528 2.81464 -6.8482 29.8349 2.72256 2.81731 0.621929 1.09803 27697
0 0 0.00384093 0.194476 0.392614 0.504829 0.00456561 0.00213381 0.016277 0.240256 0 10.1194 4.47223 30.1377 3.03197 -6.45953 29.5064 2.77458 2.73401 0.591737 1.10812 27748
0 0 0.00360378 0.19556 0.409639 0.169899 0.00459135 0.00209538 0.0171924 0.234732 0 10.0875 4.47138 30.1715 3.05291 -6.46171 29.4813 2.77044 2.71981 0.608663 0.568078 27800
0 0 0.00360378 0.19556 0.409639 0.169899 0.00459135 0.00209538 0.0171924 0.234732 0 10.0693 4.471 30.1908 3.05903 -6.45427 29.4731 2.77899 2.70962 0.611035 0.556142 27851
0 0 0.00318524 0.196015 0.460951 0.170152 0.00458096 0.00218353 0.0158826 0.247643 0 10.0396 4.46797 30.2223 3.07212 -6.44924 29.4568 2.77194 2.68808 0.625289 0.562211 27901
0 0 0.00312398 0.196546 0.493603 0.518848 0.0045827 0.00223334 0.0104422 0.254984 0 10.0263 4.46737 30.2365 3.08188 -6.44613 29.4447 2.79159 2.71842 0.625853 0.56126 27952
0 0 0.00339613 0.197024 0.544587 0.857717 0.00459261 0.00238187 0.00833283 0.278656 0 10.2243 4.47742 30.0289 2.97877 -6.43228 29.5682 2.77384 2.74188 0.626603 0.560489 28004
0 0 0.00310193 0.196941 0.518414 2.08745 0.00458487 0.0022736 0.00734534 0.261482 -1.7263 10.1963 4.46723 30.0558 2.95541 -6.45382 29.5995 2.77148 2.73198 0.628236 0.559282 28055
0 0 0.00325793 0.196999 0.549175 0.222494 0.00457523 0.0023556 0.0133499 0.274127 0 10.1648 4.49558 30.0949 2.96756 -6.46273 29.5855 2.78637 2.74208 0.628501 0.558872 28105
0 0 0.00328633 0.19753 0.543838 0.226066 0.00457641 0.00236095 0.0143487 0.275354 0 10.1547 4.5033 30.1072 2.97686 -6.47707 29.5757 2.78441 2.72671 0.632293 0.561224 28156
