0 0  7.52558 10.8289 39.7642 2.90885 -10.3833 31.3458 3.30252 2.82749 0.294091 0.647841 1345
0 0  7.52558 10.8289 39.7642 2.90885 -10.3833 31.3458 3.30252 2.82749 0.294091 0.647841 1396
0 0  7.52558 10.8289 39.7642 2.90885 -10.3833 31.3458 3.30252 2.82749 0.294091 0.647841 1446
0 0  7.52558 10.8289 39.7642 2.90885 -10.3833 31.3458 3.30252 2.82749 0.294091 0.647841 1496
0 0  7.52558 10.8289 39.7642 2.90885 -10.3833 31.3458 3.30252 2.82749 0.294091 0.647841 1547
0 0  7.52558 10.8289 39.7642 2.90885 -10.3833 31.3458 3.30252 2.82749 0.294091 0.647841 1596
0 0  7.52558 10.8289 39.7642 2.90885 -10.3833 31.3458 3.30252 2.82749 0.294091 0.647841 1648
0 0  7.52558 10.8289 39.7642 2.90885 -10.3833 31.3458 3.30252 2.82749 0.294091 0.647841 1699
0 0  7.52558 10.8289 39.7642 2.90885 -10.3833 31.3458 3.30252 2.82749 0.294091 0.647841 1750
0 0  7.52558 10.8289 39.7642 2.90885 -10.3833 31.3458 3.30252 2.82749 0.294091 0.647841 1802
0 0  7.52558 10.8289 39.7642 2.90885 -10.3833 31.3458 3.30252 2.82749 0.294091 0.647841 1852
0 0  7.52558 10.8289 39.7642 2.90885 -10.3833 31.3458 3.30252 2.82749 0.294091 0.647841 1903
0 0  7.52558 10.8289 39.7642 2.90885 -10.3833 31.3458 3.30252 2.82749 0.294091 0.647841 1953
0 0  7.52558 10.8289 39.7642 2.90885 -10.3833 31.3458 3.30252 2.82749 0.294091 0.647841 2003
0 0  7.52558 10.8289 39.7642 2.90885 -10.3833 31.3458 3.30252 2.82749 0.294091 0.647841 2055
0 0  7.52558 10.8289 39.7642 2.90885 -10.3833 31.3458 3.30252 2.82749 0.294091 0.647841 2106
0 0  7.52558 10.8289 39.7642 2.90885 -10.3833 31.3458 3.30252 2.82749 0.294091 0.647841 2156
0 0  7.52558 10.8289 39.7642 2.90885 -10.3833 31.3458 3.30252 2.82749 0.294091 0.647841 2209
0 0  7.52558 10.8289 39.7642 2.90885 -10.3833 31.3458 3.30252 2.82749 0.294091 0.647841 2260
0 0  7.52558 10.8289 39.7642 2.90885 -10.3833 31.3458 3.30252 2.82749 0.294091 0.647841 2310
0 0  7.52558 10.8289 39.7642 2.90885 -10.3833 31.3458 3.30252 2.82749 0.294091 0.647841 2364
0 0  7.52558 10.8289 39.7642 2.90885 -10.3833 31.3458 3.30252 2.82749 0.294091 0.647841 2414
0 0  7.52558 10.8289 39.7642 2.90885 -10.3833 31.3458 3.30252 2.82749 0.294091 0.647841 2465
0 0  7.52558 10.8289 39.7642 2.90885 -10.3833 31.3458 3.30252 2.82749 0.294091 0.647841 2516
0 0  7.52558 10.8289 39.7642 2.90885 -10.3833 31.3458 3.30252 2.82749 0.294091 0.647841 2568
0 0  7.52558 10.8289 39.7642 2.90885 -10.3833 31.3458 3.30252 2.82749 0.294091 0.647841 2619
0 0  7.52558 10.8289 39.7642 2.90885 -10.3833 31.3458 3.30252 2.82749 0.294091 0.647841 2670
0 0  7.52558 10.8289 39.7642 2.90885 -10.3833 31.3458 3.30252 2.82749 0.294091 0.647841 2721
0 0  7.52558 10.8289 39.7642 2.90885 -10.3833 31.3458 3.30252 2.82749 0.294091 0.647841 2773
0 0  7.52558 10.8289 39.7642 2.90885 -10.3833 31.3458 3.30252 2.82749 0.294091 0.647841 2825
0 0  7.52558 10.8289 39.7642 2.90885 -10.3833 31.3458 3.30252 2.82749 0.294091 0.647841 2880
0 0  7.52558 10.8289 39.7642 2.90885 -10.3833 31.3458 3.30252 2.82749 0.294091 0.647841 2930
0 0  7.52558 10.8289 39.7642 2.90885 -10.3833 31.3458 3.30252 2.82749 0.294091 0.647841 2982
0 0  7.52558 10.8289 39.7642 2.90885 -10.3833 31.3458 3.30252 2.82749 0.294091 0.647841 3034
0 0  7.52558 10.8289 39.7642 2.90885 -10.3833 31.3458 3.30252 2.82749 0.294091 0.647841 3085
0 0  7.52558 10.8289 39.7642 2.90885 -10.3833 31.3458 3.30252 2.82749 0.294091 0.647841 3137
0 0  7.52558 10.8289 39.7642 2.90885 -10.3833 31.3458 3.30252 2.82749 0.294091 0.647841 3189
0 0  7.52558 10.8289 39.7642 2.90885 -10.3833 31.3458 3.30252 2.82749 0.294091 0.647841 3242
0 0  7.52558 10.8289 39.7642 2.90885 -10.3833 31.3458 3.30252 2.82749 0.294091 0.647841 3293
0 0  7.52558 10.8289 39.7642 2.90885 -10.3833 31.3458 3.30252 2.82749 0.294091 0.647841 3345
0 0  7.52558 10.8289 39.7642 2.90885 -10.3833 31.3458 3.30252 2.82749 0.294091 0.647841 3399
0 0  7.52558 10.8289 39.7642 2.90885 -10.3833 31.3458 3.30252 2.82749 0.294091 0.647841 3450
0 0  7.52558 10.8289 39.7642 2.90885 -10.3833 31.3458 3.30252 2.82749 0.294091 0.647841 3501
0 0  7.52558 10.8289 39.7642 2.90885 -10.3833 31.3458 3.30252 2.82749 0.294091 0.647841 3551
0 0  7.52558 10.8289 39.7642 2.90885 -10.3833 31.3458 3.30252 2.82749 0.294091 0.647841 3602
0 0  7.52558 10.8289 39.7642 2.90885 -10.3833 31.3458 3.30252 2.82749 0.294091 0.647841 3653
0 0  7.52558 10.8289 39.7642 2.90885 -10.3833 31.3458 3.30252 2.82749 0.294091 0.647841 3706
0 0  7.52558 10.8289 39.7642 2.90885 -10.3833 31.3458 3.30252 2.82749 0.294091 0.647841 3758
0 0  7.52558 10.8289 39.7642 2.90885 -10.3833 31.3458 3.30252 2.82749 0.294091 0.647841 3809
0 0  7.52558 10.8289 39.7642 2.90885 -10.3833 31.3458 3.30252 2.82749 0.294091 0.647841 3860
0 0  7.52558 10.8289 39.7642 2.90885 -10.3833 31.3458 3.30252 2.82749 0.294091 0.647841 3911
0 0  7.52558 10.8289 39.7642 2.90885 -10.3833 31.3458 3.30252 2.82749 0.294091 0.647841 3963
0 0  7.52558 10.8289 39.7642 2.90885 -10.3833 31.3458 3.30252 2.82749 0.294091 0.647841 4019
0 0  7.52558 10.8289 39.7642 2.90885 -10.3833 31.3458 3.30252 2.82749 0.294091 0.647841 4070
0 0  7.52558 10.8289 39.7642 2.90885 -10.3833 31.3458 3.30252 2.82749 0.294091 0.647841 4121
0 0  7.52558 10.8289 39.7642 2.90885 -10.3833 31.3458 3.30252 2.82749 0.294091 0.647841 4173
0 0  7.52558 10.8289 39.7642 2.90885 -10.3833 31.3458 3.30252 2.82749 0.294091 0.647841 4225
0 0  7.52558 10.8289 39.7642 2.90885 -10.3833 31.3458 3.30252 2.82749 0.294091 0.647841 4275
0 0  7.52558 10.8289 39.7642 2.90885 -10.3833 31.3458 3.30252 2.82749 0.294091 0.647841 4326
0 0  7.52558 10.8289 39.7642 2.90885 -10.3833 31.3458 3.30252 2.82749 0.294091 0.647841 4377
0 0  7.52558 10.8289 39.7642 2.90885 -10.3833 31.3458 3.30252 2.82749 0.294091 0.647841 4429
0 0  7.52558 10.8289 39.7642 2.90885 -10.3833 31.3458 3.30252 2.82749 0.294091 0.647841 4480
0 0  7.52558 10.8289 39.7642 2.90885 -10.3833 31.3458 3.30252 2.82749 0.294091 0.647841 4532
0 0  7.52558 10.8289 39.7642 2.90885 -10.3833 31.3458 3.30252 2.82749 0.294091 0.647841 4584
0 0  7.52558 10.8289 39.7642 2.90885 -10.3833 31.3458 3.30252 2.82749 0.294091 0.647841 4634
0 0  7.52558 10.8289 39.7642 2.90885 -10.3833 31.3458 3.30252 2.82749 0.294091 0.647841 4685
0 0  7.52558 10.8289 39.7642 2.90885 -10.3833 31.3458 3.30252 2.82749 0.294091 0.647841 4735
0 0  7.52558 10.8289 39.7642 2.90885 -10.3833 31.3458 3.30252 2.82749 0.294091 0.647841 4786
0 0  7.52558 10.8289 39.7642 2.90885 -10.3833 31.3458 3.30252 2.82749 0.294091 0.647841 4836
0 0  7.52558 10.8289 39.7642 2.90885 -10.3833 31.3458 3.30252 2.82749 0.294091 0.647841 4887
0 0  7.52558 10.8289 39.7642 2.90885 -10.3833 31.3458 3.30252 2.82749 0.294091 0.647841 4937
0 0  7.52558 10.8289 39.7642 2.90885 -10.3833 31.3458 3.30252 2.82749 0.294091 0.647841 4989
0 0  7.52558 10.8289 39.7642 2.90885 -10.3833 31.3458 3.30252 2.82749 0.294091 0.647841 5041
0 0  7.52558 10.8289 39.7642 2.90885 -10.3833 31.3458 3.30252 2.82749 0.294091 0.647841 5093
0 0  7.52558 10.8289 39.7642 2.90885 -10.3833 31.3458 3.30252 2.82749 0.294091 0.647841 5152
0 0  7.52558 10.8289 39.7642 2.90885 -10.3833 31.3458 3.30252 2.82749 0.294091 0.647841 5204
0 0  7.52558 10.8289 39.7642 2.90885 -10.3833 31.3458 3.30252 2.82749 0.294091 0.647841 5255
0 0  7.52558 10.8289 39.7642 2.90885 -10.3833 31.3458 3.30252 2.82749 0.294091 0.647841 5307
0 0  7.52558 10.8289 39.7642 2.90885 -10.3833 31.3458 3.30252 2.82749 0.294091 0.647841 5358
0 0  7.52558 10.8289 39.7642 2.90885 -10.3833 31.3458 3.30252 2.82749 0.294091 0.647841 5408
0 0  7.52558 10.8289 39.7642 2.90885 -10.3833 31.3458 3.30252 2.82749 0.294091 0.647841 5460
0 0  7.52558 10.8289 39.7642 2.90885 -10.3833 31.3458 3.30252 2.82749 0.294091 0.647841 5512
0 0  7.52558 10.8289 39.7642 2.90885 -10.3833 31.3458 3.30252 2.82749 0.294091 0.647841 5563
0 0  7.52558 10.8289 39.7642 2.90885 -10.3833 31.3458 3.30252 2.82749 0.294091 0.647841 5613
0 0  7.52558 10.8289 39.7642 2.90885 -10.3833 31.3458 3.30252 2.82749 0.294091 0.647841 5665
0 0  7.52558 10.8289 39.7642 2.90885 -10.3833 31.3458 3.30252 2.82749 0.294091 0.647841 5717
0 0  7.52558 10.8289 39.7642 2.90885 -10.3833 31.3458 3.30252 2.82749 0.294091 0.647841 5767
0 0  7.52558 10.8289 39.7642 2.90885 -10.3833 31.3458 3.30252 2.82749 0.294091 0.647841 5818
0 0  7.52558 10.8289 39.7642 2.90885 -10.3833 31.3458 3.30252 2.82749 0.294091 0.647841 5869
0 0  7.52558 10.8289 39.7642 2.90885 -10.3833 31.3458 3.30252 2.82749 0.294091 0.647841 5920
0 0  7.52558 10.8289 39.7642 2.90885 -10.3833 31.3458 3.30252 2.82749 0.294091 0.647841 5971
0 0  7.52558 10.8289 39.7642 2.90885 -10.3833 31.3458 3.30252 2.82749 0.294091 0.647841 6023
0 0  7.52558 10.8289 39.7642 2.90885 -10.3833 31.3458 3.30252 2.82749 0.294091 0.647841 6074
0 0  7.52558 10.8289 39.7642 2.90885 -10.3833 31.3458 3.30252 2.82749 0.294091 0.647841 6127
0 0  7.52558 10.8289 39.7642 2.90885 -10.3833 31.3458 3.30252 2.82749 0.294091 0.647841 6178
0 0  7.52558 10.8289 39.7642 2.90885 -10.3833 31.3458 3.30252 2.82749 0.294091 0.647841 6229
0 0  7.52558 10.8289 39.7642 2.90885 -10.3833 31.3458 3.30252 2.82749 0.294091 0.647841 6280
0 0  7.52558 10.8289 39.7642 2.90885 -10.3833 31.3458 3.30252 2.82749 0.294091 0.647841 6331
0 0  7.52558 10.8289 39.7642 2.90885 -10.3833 31.3458 3.30252 2.82749 0.294091 0.647841 6383
0 0  7.52558 10.8289 39.7642 2.90885 -10.3833 31.3458 3.30252 2.82749 0.294091 0.647841 6435
0 0  7.52558 10.8289 39.7642 2.90885 -10.3833 31.3458 3.30252 2.82749 0.294091 0.647841 6485
0 0  7.52558 10.8289 39.7642 2.90885 -10.3833 31.3458 3.30252 2.82749 0.294091 0.647841 6538
0 0  7.52558 10.8289 39.7642 2.90885 -10.3833 31.3458 3.30252 2.82749 0.294091 0.647841 6589
0 0  7.52558 10.8289 39.7642 2.90885 -10.3833 31.3458 3.30252 2.82749 0.294091 0.647841 6642
0 0  7.52558 10.8289 39.7642 2.90885 -10.3833 31.3458 3.30252 2.82749 0.294091 0.647841 6695
0 0  7.52558 10.8289 39.7642 2.90885 -10.3833 31.3458 3.30252 2.82749 0.294091 0.647841 6752
0 0  7.52558 10.8289 39.7642 2.90885 -10.3833 31.3458 3.30252 2.82749 0.294091 0.647841 6803
0 0  7.52558 10.8289 39.7642 2.90885 -10.3833 31.3458 3.30252 2.82749 0.294091 0.647841 6855
0 0  7.52558 10.8289 39.7642 2.90885 -10.3833 31.3458 3.30252 2.82749 0.294091 0.647841 6909
0 0  7.52558 10.8289 39.7642 2.90885 -10.3833 31.3458 3.30252 2.82749 0.294091 0.647841 6962
0 0  7.52558 10.8289 39.7642 2.90885 -10.3833 31.3458 3.30252 2.82749 0.294091 0.647841 7013
0 0  7.52558 10.8289 39.7642 2.90885 -10.3833 31.3458 3.30252 2.82749 0.294091 0.647841 7065
0 0  7.52558 10.8289 39.7642 2.90885 -10.3833 31.3458 3.30252 2.82749 0.294091 0.647841 7116
0 0  7.52558 10.8289 39.7642 2.90885 -10.3833 31.3458 3.30252 2.82749 0.294091 0.647841 7166
0 0  7.52558 10.8289 39.7642 2.90885 -10.3833 31.3458 3.30252 2.82749 0.294091 0.647841 7220
0 0  7.52558 10.8289 39.7642 2.90885 -10.3833 31.3458 3.30252 2.82749 0.294091 0.647841 7271
0 0  7.52558 10.8289 39.7642 2.90885 -10.3833 31.3458 3.30252 2.82749 0.294091 0.647841 7332
0 0  7.52558 10.8289 39.7642 2.90885 -10.3833 31.3458 3.30252 2.82749 0.294091 0.647841 7389
0 0  7.52558 10.8289 39.7642 2.90885 -10.3833 31.3458 3.30252 2.82749 0.294091 0.647841 7441
0 0  7.52558 10.8289 39.7642 2.90885 -10.3833 31.3458 3.30252 2.82749 0.294091 0.647841 7492
0 0  7.52558 10.8289 39.7642 2.90885 -10.3833 31.3458 3.30252 2.82749 0.294091 0.647841 7545
0 0  7.52558 10.8289 39.7642 2.90885 -10.3833 31.3458 3.30252 2.82749 0.294091 0.647841 7600
0 0  7.52558 10.8289 39.7642 2.90885 -10.3833 31.3458 3.30252 2.82749 0.294091 0.647841 7651
0 0  7.52558 10.8289 39.7642 2.90885 -10.3833 31.3458 3.30252 2.82749 0.294091 0.647841 7703
0 0  7.52558 10.8289 39.7642 2.90885 -10.3833 31.3458 3.30252 2.82749 0.294091 0.647841 7756
0 0  7.52558 10.8289 39.7642 2.90885 -10.3833 31.3458 3.30252 2.82749 0.294091 0.647841 7807
0 0  7.52558 10.8289 39.7642 2.90885 -10.3833 31.3458 3.30252 2.82749 0.294091 0.647841 7860
0 0  7.52558 10.8289 39.7642 2.90885 -10.3833 31.3458 3.30252 2.82749 0.294091 0.647841 7911
0 0  7.52558 10.8289 39.7642 2.90885 -10.3833 31.3458 3.30252 2.82749 0.294091 0.647841 7961
0 0  7.52558 10.8289 39.7642 2.90885 -10.3833 31.3458 3.30252 2.82749 0.294091 0.647841 8014
0 0  7.52558 10.8289 39.7642 2.90885 -10.3833 31.3458 3.30252 2.82749 0.294091 0.647841 8064
0 0  7.52558 10.8289 39.7642 2.90885 -10.3833 31.3458 3.30252 2.82749 0.294091 0.647841 8114
0 0  7.52558 10.8289 39.7642 2.90885 -10.3833 31.3458 3.30252 2.82749 0.294091 0.647841 8170
0 0  7.52558 10.8289 39.7642 2.90885 -10.3833 31.3458 3.30252 2.82749 0.294091 0.647841 8222
0 0  7.52558 10.8289 39.7642 2.90885 -10.3833 31.3458 3.30252 2.82749 0.294091 0.647841 8273
0 0  7.52558 10.8289 39.7642 2.90885 -10.3833 31.3458 3.30252 2.82749 0.294091 0.647841 8330
0 0  7.52558 10.8289 39.7642 2.90885 -10.3833 31.3458 3.30252 2.82749 0.294091 0.647841 8384
0 0  7.52558 10.8289 39.7642 2.90885 -10.3833 31.3458 3.30252 2.82749 0.294091 0.647841 8436
0 0  7.52558 10.8289 39.7642 2.90885 -10.3833 31.3458 3.30252 2.82749 0.294091 0.647841 8488
0 0  7.52558 10.8289 39.7642 2.90885 -10.3833 31.3458 3.30252 2.82749 0.294091 0.647841 8540
0 0  7.52558 10.8289 39.7642 2.90885 -10.3833 31.3458 3.30252 2.82749 0.294091 0.647841 8592
0 0  7.52558 10.8289 39.7642 2.90885 -10.3833 31.3458 3.30252 2.82749 0.294091 0.647841 8644
0 0  7.52558 10.8289 39.7642 2.90885 -10.3833 31.3458 3.30252 2.82749 0.294091 0.647841 8695
0 0  7.52558 10.8289 39.7642 2.90885 -10.3833 31.3458 3.30252 2.82749 0.294091 0.647841 8746
0 0  7.52558 10.8289 39.7642 2.90885 -10.3833 31.3458 3.30252 2.82749 0.294091 0.647841 8797
0 0  7.52558 10.8289 39.7642 2.90885 -10.3833 31.3458 3.30252 2.82749 0.294091 0.647841 8850
0 0  7.52558 10.8289 39.7642 2.90885 -10.3833 31.3458 3.30252 2.82749 0.294091 0.647841 8902
0 0  7.52558 10.8289 39.7642 2.90885 -10.3833 31.3458 3.30252 2.82749 0.294091 0.647841 8954
0 0  7.52558 10.8289 39.7642 2.90885 -10.3833 31.3458 3.30252 2.82749 0.294091 0.647841 9008
0 0  7.52558 10.8289 39.7642 2.90885 -10.3833 31.3458 3.30252 2.82749 0.294091 0.647841 9059
0 0  7.52558 10.8289 39.7642 2.90885 -10.3833 31.3458 3.30252 2.82749 0.294091 0.647841 9110
0 0  7.52558 10.8289 39.7642 2.90885 -10.3833 31.3458 3.30252 2.82749 0.294091 0.647841 9162
0 0  7.52558 10.8289 39.7642 2.90885 -10.3833 31.3458 3.30252 2.82749 0.294091 0.647841 9221
0 0  7.52558 10.8289 39.7642 2.90885 -10.3833 31.3458 3.30252 2.82749 0.294091 0.647841 9271
0 0  7.52558 10.8289 39.7642 2.90885 -10.3833 31.3458 3.30252 2.82749 0.294091 0.647841 9325
0 0  7.52558 10.8289 39.7642 2.90885 -10.3833 31.3458 3.30252 2.82749 0.294091 0.647841 9378
0 0  7.52558 10.8289 39.7642 2.90885 -10.3833 31.3458 3.30252 2.82749 0.294091 0.647841 9429
0 0  7.52558 10.8289 39.7642 2.90885 -10.3833 31.3458 3.30252 2.82749 0.294091 0.647841 9482
0 0  7.52558 10.8289 39.7642 2.90885 -10.3833 31.3458 3.30252 2.82749 0.294091 0.647841 9532
0 0  7.52558 10.8289 39.7642 2.90885 -10.3833 31.3458 3.30252 2.82749 0.294091 0.647841 9583
0 0  7.52558 10.8289 39.7642 2.90885 -10.3833 31.3458 3.30252 2.82749 0.294091 0.647841 9634
0 0  7.52558 10.8289 39.7642 2.90885 -10.3833 31.3458 3.30252 2.82749 0.294091 0.647841 9686
0 0  7.52558 10.8289 39.7642 2.90885 -10.3833 31.3458 3.30252 2.82749 0.294091 0.647841 9736
0 0  7.52558 10.8289 39.7642 2.90885 -10.3833 31.3458 3.30252 2.82749 0.294091 0.647841 9792
0 0  7.52558 10.8289 39.7642 2.90885 -10.3833 31.3458 3.30252 2.82749 0.294091 0.647841 9845
0 0  7.52558 10.8289 39.7642 2.90885 -10.3833 31.3458 3.30252 2.82749 0.294091 0.647841 9897
0 0  7.52558 10.8289 39.7642 2.90885 -10.3833 31.3458 3.30252 2.82749 0.294091 0.647841 9950
0 0  7.52558 10.8289 39.7642 2.90885 -10.3833 31.3458 3.30252 2.82749 0.294091 0.647841 10000
0 0  7.52558 10.8289 39.7642 2.90885 -10.3833 31.3458 3.30252 2.82749 0.294091 0.647841 10050
0 0  7.52558 10.8289 39.7642 2.90885 -10.3833 31.3458 3.30252 2.82749 0.294091 0.647841 10103
0 0  7.52558 10.8289 39.7642 2.90885 -10.3833 31.3458 3.30252 2.82749 0.294091 0.647841 10158
0 0  7.52558 10.8289 39.7642 2.90885 -10.3833 31.3458 3.30252 2.82749 0.294091 0.647841 10208
0 0  7.52558 10.8289 39.7642 2.90885 -10.3833 31.3458 3.30252 2.82749 0.294091 0.647841 10259
0 0  7.52558 10.8289 39.7642 2.90885 -10.3833 31.3458 3.30252 2.82749 0.294091 0.647841 10312
0 0  7.52558 10.8289 39.7642 2.90885 -10.3833 31.3458 3.30252 2.82749 0.294091 0.647841 10362
0 0  7.52558 10.8289 39.7642 2.90885 -10.3833 31.3458 3.30252 2.82749 0.294091 0.647841 10413
0 0  7.52558 10.8289 39.7642 2.90885 -10.3833 31.3458 3.30252 2.82749 0.294091 0.647841 10466
0 0  7.52558 10.8289 39.7642 2.90885 -10.3833 31.3458 3.30252 2.82749 0.294091 0.647841 10519
0 0  7.52558 10.8289 39.7642 2.90885 -10.3833 31.3458 3.30252 2.82749 0.294091 0.647841 10570
0 0  7.52558 10.8289 39.7642 2.90885 -10.3833 31.3458 3.30252 2.82749 0.294091 0.647841 10621
0 0  7.52558 10.8289 39.7642 2.90885 -10.3833 31.3458 3.30252 2.82749 0.294091 0.647841 10675
0 0  7.52558 10.8289 39.7642 2.90885 -10.3833 31.3458 3.30252 2.82749 0.294091 0.647841 10729
0 0  7.52558 10.8289 39.7642 2.90885 -10.3833 31.3458 3.30252 2.82749 0.294091 0.647841 10781
0 0  7.52558 10.8289 39.7642 2.90885 -10.3833 31.3458 3.30252 2.82749 0.294091 0.647841 10833
0 0  7.52558 10.8289 39.7642 2.90885 -10.3833 31.3458 3.30252 2.82749 0.294091 0.647841 10887
0 0  7.52558 10.8289 39.7642 2.90885 -10.3833 31.3458 3.30252 2.82749 0.294091 0.647841 10940
0 0  7.52558 10.8289 39.7642 2.90885 -10.3833 31.3458 3.30252 2.82749 0.294091 0.647841 10994
0 0  7.52558 10.8289 39.7642 2.90885 -10.3833 31.3458 3.30252 2.82749 0.294091 0.647841 11046
0 0  7.52558 10.8289 39.7642 2.90885 -10.3833 31.3458 3.30252 2.82749 0.294091 0.647841 11099
0 0  7.52558 10.8289 39.7642 2.90885 -10.3833 31.3458 3.30252 2.82749 0.294091 0.647841 11151
0 0  7.52558 10.8289 39.7642 2.90885 -10.3833 31.3458 3.30252 2.82749 0.294091 0.647841 11203
0 0  7.52558 10.8289 39.7642 2.90885 -10.3833 31.3458 3.30252 2.82749 0.294091 0.647841 11255
0 0  7.52558 10.8289 39.7642 2.90885 -10.3833 31.3458 3.30252 2.82749 0.294091 0.647841 11307
0 0  7.52558 10.8289 39.7642 2.90885 -10.3833 31.3458 3.30252 2.82749 0.294091 0.647841 11360
0 0  7.52558 10.8289 39.7642 2.90885 -10.3833 31.3458 3.30252 2.82749 0.294091 0.647841 11410
0 0  7.52558 10.8289 39.7642 2.90885 -10.3833 31.3458 3.30252 2.82749 0.294091 0.647841 11460
0 0  7.52558 10.8289 39.7642 2.90885 -10.3833 31.3458 3.30252 2.82749 0.294091 0.647841 11513
0 0  7.52558 10.8289 39.7642 2.90885 -10.3833 31.3458 3.30252 2.82749 0.294091 0.647841 11564
0 0  7.52558 10.8289 39.7642 2.90885 -10.3833 31.3458 3.30252 2.82749 0.294091 0.647841 11615
0 0  7.52558 10.8289 39.7642 2.90885 -10.3833 31.3458 3.30252 2.82749 0.294091 0.647841 11667
0 0  7.52558 10.8289 39.7642 2.90885 -10.3833 31.3458 3.30252 2.82749 0.294091 0.647841 11718
0 0  7.52558 10.8289 39.7642 2.90885 -10.3833 31.3458 3.30252 2.82749 0.294091 0.647841 11769
0 0  7.52558 10.8289 39.7642 2.90885 -10.3833 31.3458 3.30252 2.82749 0.294091 0.647841 11823
0 0  7.52558 10.8289 39.7642 2.90885 -10.3833 31.3458 3.30252 2.82749 0.294091 0.647841 11874
0 0  7.52558 10.8289 39.7642 2.90885 -10.3833 31.3458 3.30252 2.82749 0.294091 0.647841 11931
0 0  7.52558 10.8289 39.7642 2.90885 -10.3833 31.3458 3.30252 2.82749 0.294091 0.647841 11981
0 0  7.52558 10.8289 39.7642 2.90885 -10.3833 31.3458 3.30252 2.82749 0.294091 0.647841 12041
0 0  7.52558 10.8289 39.7642 2.90885 -10.3833 31.3458 3.30252 2.82749 0.294091 0.647841 12099
0 0  7.52558 10.8289 39.7642 2.90885 -10.3833 31.3458 3.30252 2.82749 0.294091 0.647841 12150
0 0  7.52558 10.8289 39.7642 2.90885 -10.3833 31.3458 3.30252 2.82749 0.294091 0.647841 12203
0 0  7.52558 10.8289 39.7642 2.90885 -10.3833 31.3458 3.30252 2.82749 0.294091 0.647841 12255
0 0  7.52558 10.8289 39.7642 2.90885 -10.3833 31.3458 3.30252 2.82749 0.294091 0.647841 12307
0 0  7.52558 10.8289 39.7642 2.90885 -10.3833 31.3458 3.30252 2.82749 0.294091 0.647841 12359
0 0  7.52558 10.8289 39.7642 2.90885 -10.3833 31.3458 3.30252 2.82749 0.294091 0.647841 12409
0 0  7.52558 10.8289 39.7642 2.90885 -10.3833 31.3458 3.30252 2.82749 0.294091 0.647841 12460
0 0  7.52558 10.8289 39.7642 2.90885 -10.3833 31.3458 3.30252 2.82749 0.294091 0.647841 12513
0 0  7.52558 10.8289 39.7642 2.90885 -10.3833 31.3458 3.30252 2.82749 0.294091 0.647841 12565
0 0  7.52558 10.8289 39.7642 2.90885 -10.3833 31.3458 3.30252 2.82749 0.294091 0.647841 12624
0 0  7.52558 10.8289 39.7642 2.90885 -10.3833 31.3458 3.30252 2.82749 0.294091 0.647841 12675
0 0  7.52558 10.8289 39.7642 2.90885 -10.3833 31.3458 3.30252 2.82749 0.294091 0.647841 12730
0 0  7.52558 10.8289 39.7642 2.90885 -10.3833 31.3458 3.30252 2.82749 0.294091 0.647841 12781
0 0  7.52558 10.8289 39.7642 2.90885 -10.3833 31.3458 3.30252 2.82749 0.294091 0.647841 12838
0 0  7.52558 10.8289 39.7642 2.90885 -10.3833 31.3458 3.30252 2.82749 0.294091 0.647841 12888
0 0  7.52558 10.8289 39.7642 2.90885 -10.3833 31.3458 3.30252 2.82749 0.294091 0.647841 12939
0 0  7.52558 10.8289 39.7642 2.90885 -10.3833 31.3458 3.30252 2.82749 0.294091 0.647841 12992
0 0  7.52558 10.8289 39.7642 2.90885 -10.3833 31.3458 3.30252 2.82749 0.294091 0.647841 13043
0 0  7.52558 10.8289 39.7642 2.90885 -10.3833 31.3458 3.30252 2.82749 0.294091 0.647841 13093
0 0  7.52558 10.8289 39.7642 2.90885 -10.3833 31.3458 3.30252 2.82749 0.294091 0.647841 13144
0 0  7.52558 10.8289 39.7642 2.90885 -10.3833 31.3458 3.30252 2.82749 0.294091 0.647841 13198
0 0  7.52558 10.8289 39.7642 2.90885 -10.3833 31.3458 3.30252 2.82749 0.294091 0.647841 13251
0 0  7.52558 10.8289 39.7642 2.90885 -10.3833 31.3458 3.30252 2.82749 0.294091 0.647841 13302
0 0  7.52558 10.8289 39.7642 2.90885 -10.3833 31.3458 3.30252 2.82749 0.294091 0.647841 13352
0 0  7.52558 10.8289 39.7642 2.90885 -10.3833 31.3458 3.30252 2.82749 0.294091 0.647841 13407
0 0  7.52558 10.8289 39.7642 2.90885 -10.3833 31.3458 3.30252 2.82749 0.294091 0.647841 13457
0 0  7.52558 10.8289 39.7642 2.90885 -10.3833 31.3458 3.30252 2.82749 0.294091 0.647841 13508
0 0  7.52558 10.8289 39.7642 2.90885 -10.3833 31.3458 3.30252 2.82749 0.294091 0.647841 13558
0 0  7.52558 10.8289 39.7642 2.90885 -10.3833 31.3458 3.30252 2.82749 0.294091 0.647841 13612
0 0  7.52558 10.8289 39.7642 2.90885 -10.3833 31.3458 3.30252 2.82749 0.294091 0.647841 13662
0 0  7.52558 10.8289 39.7642 2.90885 -10.3833 31.3458 3.30252 2.82749 0.294091 0.647841 13717
0 0  7.52558 10.8289 39.7642 2.90885 -10.3833 31.3458 3.30252 2.82749 0.294091 0.647841 13768
0 0  7.52558 10.8289 39.7642 2.90885 -10.3833 31.3458 3.30252 2.82749 0.294091 0.647841 13819
0 0  7.52558 10.8289 39.7642 2.90885 -10.3833 31.3458 3.30252 2.82749 0.294091 0.647841 13870
0 0  7.52558 10.8289 39.7642 2.90885 -10.3833 31.3458 3.30252 2.82749 0.294091 0.647841 13927
0 0  7.52558 10.8289 39.7642 2.90885 -10.3833 31.3458 3.30252 2.82749 0.294091 0.647841 13977
0 0  7.52558 10.8289 39.7642 2.90885 -10.3833 31.3458 3.30252 2.82749 0.294091 0.647841 14030
0 0  7.52558 10.8289 39.7642 2.90885 -10.3833 31.3458 3.30252 2.82749 0.294091 0.647841 14082
0 0  7.52558 10.8289 39.7642 2.90885 -10.3833 31.3458 3.30252 2.82749 0.294091 0.647841 14136
0 0  7.52558 10.8289 39.7642 2.90885 -10.3833 31.3458 3.30252 2.82749 0.294091 0.647841 14186
0 0  7.52558 10.8289 39.7642 2.90885 -10.3833 31.3458 3.30252 2.82749 0.294091 0.647841 14242
0 0  7.52558 10.8289 39.7642 2.90885 -10.3833 31.3458 3.30252 2.82749 0.294091 0.647841 14296
0 0  7.52558 10.8289 39.7642 2.90885 -10.3833 31.3458 3.30252 2.82749 0.294091 0.647841 14346
0 0  7.52558 10.8289 39.7642 2.90885 -10.3833 31.3458 3.30252 2.82749 0.294091 0.647841 14402
0 0  7.52558 10.8289 39.7642 2.90885 -10.3833 31.3458 3.30252 2.82749 0.294091 0.647841 14452
0 0  7.52558 10.8289 39.7642 2.90885 -10.3833 31.3458 3.30252 2.82749 0.294091 0.647841 14502
0 0  7.52558 10.8289 39.7642 2.90885 -10.3833 31.3458 3.30252 2.82749 0.294091 0.647841 14555
0 0  7.52558 10.8289 39.7642 2.90885 -10.3833 31.3458 3.30252 2.82749 0.294091 0.647841 14610
0 0  7.52558 10.8289 39.7642 2.90885 -10.3833 31.3458 3.30252 2.82749 0.294091 0.647841 14662
0 0  7.52558 10.8289 39.7642 2.90885 -10.3833 31.3458 3.30252 2.82749 0.294091 0.647841 14713
0 0  7.52558 10.8289 39.7642 2.90885 -10.3833 31.3458 3.30252 2.82749 0.294091 0.647841 14766
0 0  7.52558 10.8289 39.7642 2.90885 -10.3833 31.3458 3.30252 2.82749 0.294091 0.647841 14817
0 0  7.52558 10.8289 39.7642 2.90885 -10.3833 31.3458 3.30252 2.82749 0.294091 0.647841 14870
0 0  7.52558 10.8289 39.7642 2.90885 -10.3833 31.3458 3.30252 2.82749 0.294091 0.647841 14922
0 0  7.52558 10.8289 39.7642 2.90885 -10.3833 31.3458 3.30252 2.82749 0.294091 0.647841 14977
0 0  7.52558 10.8289 39.7642 2.90885 -10.3833 31.3458 3.30252 2.82749 0.294091 0.647841 15028
0 0  7.52558 10.8289 39.7642 2.90885 -10.3833 31.3458 3.30252 2.82749 0.294091 0.647841 15082
0 0  7.52558 10.8289 39.7642 2.90885 -10.3833 31.3458 3.30252 2.82749 0.294091 0.647841 15133
0 0  7.52558 10.8289 39.7642 2.90885 -10.3833 31.3458 3.30252 2.82749 0.294091 0.647841 15186
0 0  7.52558 10.8289 39.7642 2.90885 -10.3833 31.3458 3.30252 2.82749 0.294091 0.647841 15239
0 0  7.52558 10.8289 39.7642 2.90885 -10.3833 31.3458 3.30252 2.82749 0.294091 0.647841 15290
0 0  7.52558 10.8289 39.7642 2.90885 -10.3833 31.3458 3.30252 2.82749 0.294091 0.647841 15342
0 0  7.52558 10.8289 39.7642 2.90885 -10.3833 31.3458 3.30252 2.82749 0.294091 0.647841 15395
0 0  7.52558 10.8289 39.7642 2.90885 -10.3833 31.3458 3.30252 2.82749 0.294091 0.647841 15446
0 0  7.52558 10.8289 39.7642 2.90885 -10.3833 31.3458 3.30252 2.82749 0.294091 0.647841 15496
0 0  7.52558 10.8289 39.7642 2.90885 -10.3833 31.3458 3.30252 2.82749 0.294091 0.647841 15548
0 0  7.52558 10.8289 39.7642 2.90885 -10.3833 31.3458 3.30252 2.82749 0.294091 0.647841 15599
0 0  7.52558 10.8289 39.7642 2.90885 -10.3833 31.3458 3.30252 2.82749 0.294091 0.647841 15652
0 0  7.52558 10.8289 39.7642 2.90885 -10.3833 31.3458 3.30252 2.82749 0.294091 0.647841 15702
0 0  7.52558 10.8289 39.7642 2.90885 -10.3833 31.3458 3.30252 2.82749 0.294091 0.647841 15755
0 0  7.52558 10.8289 39.7642 2.90885 -10.3833 31.3458 3.30252 2.82749 0.294091 0.647841 15812
0 0  7.52558 10.8289 39.7642 2.90885 -10.3833 31.3458 3.30252 2.82749 0.294091 0.647841 15862
0 0  7.52558 10.8289 39.7642 2.90885 -10.3833 31.3458 3.30252 2.82749 0.294091 0.647841 15914
0 0  7.52558 10.8289 39.7642 2.90885 -10.3833 31.3458 3.30252 2.82749 0.294091 0.647841 15966
0 0  7.52558 10.8289 39.7642 2.90885 -10.3833 31.3458 3.30252 2.82749 0.294091 0.647841 16021
0 0  7.52558 10.8289 39.7642 2.90885 -10.3833 31.3458 3.30252 2.82749 0.294091 0.647841 16077
0 0  7.52558 10.8289 39.7642 2.90885 -10.3833 31.3458 3.30252 2.82749 0.294091 0.647841 16128
0 0  7.52558 10.8289 39.7642 2.90885 -10.3833 31.3458 3.30252 2.82749 0.294091 0.647841 16179
0 0  7.52558 10.8289 39.7642 2.90885 -10.3833 31.3458 3.30252 2.82749 0.294091 0.647841 16232
0 0  7.52558 10.8289 39.7642 2.90885 -10.3833 31.3458 3.30252 2.82749 0.294091 0.647841 16283
0 0  7.52558 10.8289 39.7642 2.90885 -10.3833 31.3458 3.30252 2.82749 0.294091 0.647841 16342
0 0  7.52558 10.8289 39.7642 2.90885 -10.3833 31.3458 3.30252 2.82749 0.294091 0.647841 16392
0 0  7.52558 10.8289 39.7642 2.90885 -10.3833 31.3458 3.30252 2.82749 0.294091 0.647841 16443
0 0  7.52558 10.8289 39.7642 2.90885 -10.3833 31.3458 3.30252 2.82749 0.294091 0.647841 16493
0 0  7.52558 10.8289 39.7642 2.90885 -10.3833 31.3458 3.30252 2.82749 0.294091 0.647841 16543
0 0  7.52558 10.8289 39.7642 2.90885 -10.3833 31.3458 3.30252 2.82749 0.294091 0.647841 16593
0 0  7.52558 10.8289 39.7642 2.90885 -10.3833 31.3458 3.30252 2.82749 0.294091 0.647841 16643
0 0  7.52558 10.8289 39.7642 2.90885 -10.3833 31.3458 3.30252 2.82749 0.294091 0.647841 16696
0 0  7.52558 10.8289 39.7642 2.90885 -10.3833 31.3458 3.30252 2.82749 0.294091 0.647841 16754
0 0  7.52558 10.8289 39.7642 2.90885 -10.3833 31.3458 3.30252 2.82749 0.294091 0.647841 16806
0 0  7.52558 10.8289 39.7642 2.90885 -10.3833 31.3458 3.30252 2.82749 0.294091 0.647841 16857
0 0  7.52558 10.8289 39.7642 2.90885 -10.3833 31.3458 3.30252 2.82749 0.294091 0.647841 16908
0 0  7.52558 10.8289 39.7642 2.90885 -10.3833 31.3458 3.30252 2.82749 0.294091 0.647841 16963
0 0  7.52558 10.8289 39.7642 2.90885 -10.3833 31.3458 3.30252 2.82749 0.294091 0.647841 17018
0 0  7.52558 10.8289 39.7642 2.90885 -10.3833 31.3458 3.30252 2.82749 0.294091 0.647841 17070
0 0  7.52558 10.8289 39.7642 2.90885 -10.3833 31.3458 3.30252 2.82749 0.294091 0.647841 17120
0 0  7.52558 10.8289 39.7642 2.90885 -10.3833 31.3458 3.30252 2.82749 0.294091 0.647841 17173
0 0  7.52558 10.8289 39.7642 2.90885 -10.3833 31.3458 3.30252 2.82749 0.294091 0.647841 17226
0 0  7.52558 10.8289 39.7642 2.90885 -10.3833 31.3458 3.30252 2.82749 0.294091 0.647841 17277
0 0  7.52558 10.8289 39.7642 2.90885 -10.3833 31.3458 3.30252 2.82749 0.294091 0.647841 17331
0 0  7.52558 10.8289 39.7642 2.90885 -10.3833 31.3458 3.30252 2.82749 0.294091 0.647841 17383
0 0  7.52558 10.8289 39.7642 2.90885 -10.3833 31.3458 3.30252 2.82749 0.294091 0.647841 17434
0 0  7.52558 10.8289 39.7642 2.90885 -10.3833 31.3458 3.30252 2.82749 0.294091 0.647841 17491
0 0  7.52558 10.8289 39.7642 2.90885 -10.3833 31.3458 3.30252 2.82749 0.294091 0.647841 17544
0 0  7.52558 10.8289 39.7642 2.90885 -10.3833 31.3458 3.30252 2.82749 0.294091 0.647841 17595
0 0  7.52558 10.8289 39.7642 2.90885 -10.3833 31.3458 3.30252 2.82749 0.294091 0.647841 17647
0 0  7.52558 10.8289 39.7642 2.90885 -10.3833 31.3458 3.30252 2.82749 0.294091 0.647841 17697
0 0  7.52558 10.8289 39.7642 2.90885 -10.3833 31.3458 3.30252 2.82749 0.294091 0.647841 17748
0 0  7.52558 10.8289 39.7642 2.90885 -10.3833 31.3458 3.30252 2.82749 0.294091 0.647841 17799
0 0  7.52558 10.8289 39.7642 2.90885 -10.3833 31.3458 3.30252 2.82749 0.294091 0.647841 17850
0 0  7.52558 10.8289 39.7642 2.90885 -10.3833 31.3458 3.30252 2.82749 0.294091 0.647841 17902
0 0  7.52558 10.8289 39.7642 2.90885 -10.3833 31.3458 3.30252 2.82749 0.294091 0.647841 17955
0 0  7.52558 10.8289 39.7642 2.90885 -10.3833 31.3458 3.30252 2.82749 0.294091 0.647841 18005
0 0  7.52558 10.8289 39.7642 2.90885 -10.3833 31.3458 3.30252 2.82749 0.294091 0.647841 18056
0 0  7.52558 10.8289 39.7642 2.90885 -10.3833 31.3458 3.30252 2.82749 0.294091 0.647841 18109
0 0  7.52558 10.8289 39.7642 2.90885 -10.3833 31.3458 3.30252 2.82749 0.294091 0.647841 18160
0 0  7.52558 10.8289 39.7642 2.90885 -10.3833 31.3458 3.30252 2.82749 0.294091 0.647841 18210
0 0  7.52558 10.8289 39.7642 2.90885 -10.3833 31.3458 3.30252 2.82749 0.294091 0.647841 18262
0 0  7.52558 10.8289 39.7642 2.90885 -10.3833 31.3458 3.30252 2.82749 0.294091 0.647841 18312
0 0  7.52558 10.8289 39.7642 2.90885 -10.3833 31.3458 3.30252 2.82749 0.294091 0.647841 18363
0 0  7.52558 10.8289 39.7642 2.90885 -10.3833 31.3458 3.30252 2.82749 0.294091 0.647841 18413
0 0  7.52558 10.8289 39.7642 2.90885 -10.3833 31.3458 3.30252 2.82749 0.294091 0.647841 18464
0 0  7.52558 10.8289 39.7642 2.90885 -10.3833 31.3458 3.30252 2.82749 0.294091 0.647841 18514
0 0  7.52558 10.8289 39.7642 2.90885 -10.3833 31.3458 3.30252 2.82749 0.294091 0.647841 18566
0 0  7.52558 10.8289 39.7642 2.90885 -10.3833 31.3458 3.30252 2.82749 0.294091 0.647841 18618
0 0  7.52558 10.8289 39.7642 2.90885 -10.3833 31.3458 3.30252 2.82749 0.294091 0.647841 18668
0 0  7.52558 10.8289 39.7642 2.90885 -10.3833 31.3458 3.30252 2.82749 0.294091 0.647841 18719
0 0  7.52558 10.8289 39.7642 2.90885 -10.3833 31.3458 3.30252 2.82749 0.294091 0.647841 18771
0 0  7.52558 10.8289 39.7642 2.90885 -10.3833 31.3458 3.30252 2.82749 0.294091 0.647841 18824
0 0  7.52558 10.8289 39.7642 2.90885 -10.3833 31.3458 3.30252 2.82749 0.294091 0.647841 18883
0 0  7.52558 10.8289 39.7642 2.90885 -10.3833 31.3458 3.30252 2.82749 0.294091 0.647841 18938
0 0  7.52558 10.8289 39.7642 2.90885 -10.3833 31.3458 3.30252 2.82749 0.294091 0.647841 18988
0 0  7.52558 10.8289 39.7642 2.90885 -10.3833 31.3458 3.30252 2.82749 0.294091 0.647841 19038
0 0  7.52558 10.8289 39.7642 2.90885 -10.3833 31.3458 3.30252 2.82749 0.294091 0.647841 19089
0 0  7.52558 10.8289 39.7642 2.90885 -10.3833 31.3458 3.30252 2.82749 0.294091 0.647841 19143
0 0  7.52558 10.8289 39.7642 2.90885 -10.3833 31.3458 3.30252 2.82749 0.294091 0.647841 19194
0 0  7.52558 10.8289 39.7642 2.90885 -10.3833 31.3458 3.30252 2.82749 0.294091 0.647841 19246
0 0  7.52558 10.8289 39.7642 2.90885 -10.3833 31.3458 3.30252 2.82749 0.294091 0.647841 19297
0 0  7.52558 10.8289 39.7642 2.90885 -10.3833 31.3458 3.30252 2.82749 0.294091 0.647841 19349
0 0  7.52558 10.8289 39.7642 2.90885 -10.3833 31.3458 3.30252 2.82749 0.294091 0.647841 19402
0 0  7.52558 10.8289 39.7642 2.90885 -10.3833 31.3458 3.30252 2.82749 0.294091 0.647841 19454
0 0  7.52558 10.8289 39.7642 2.90885 -10.3833 31.3458 3.30252 2.82749 0.294091 0.647841 19506
0 0  7.52558 10.8289 39.7642 2.90885 -10.3833 31.3458 3.30252 2.82749 0.294091 0.647841 19558
0 0  7.52558 10.8289 39.7642 2.90885 -10.3833 31.3458 3.30252 2.82749 0.294091 0.647841 19610
0 0  7.52558 10.8289 39.7642 2.90885 -10.3833 31.3458 3.30252 2.82749 0.294091 0.647841 19662
0 0  7.52558 10.8289 39.7642 2.90885 -10.3833 31.3458 3.30252 2.82749 0.294091 0.647841 19713
0 0  7.52558 10.8289 39.7642 2.90885 -10.3833 31.3458 3.30252 2.82749 0.294091 0.647841 19765
0 0  7.52558 10.8289 39.7642 2.90885 -10.3833 31.3458 3.30252 2.82749 0.294091 0.647841 19821
0 0  7.52558 10.8289 39.7642 2.90885 -10.3833 31.3458 3.30252 2.82749 0.294091 0.647841 19875
0 0  7.52558 10.8289 39.7642 2.90885 -10.3833 31.3458 3.30252 2.82749 0.294091 0.647841 19927
0 0  7.52558 10.8289 39.7642 2.90885 -10.3833 31.3458 3.30252 2.82749 0.294091 0.647841 19978
0 0  7.52558 10.8289 39.7642 2.90885 -10.3833 31.3458 3.30252 2.82749 0.294091 0.647841 20029
0 0  7.52558 10.8289 39.7642 2.90885 -10.3833 31.3458 3.30252 2.82749 0.294091 0.647841 20079
0 0  7.52558 10.8289 39.7642 2.90885 -10.3833 31.3458 3.30252 2.82749 0.294091 0.647841 20136
0 0  7.52558 10.8289 39.7642 2.90885 -10.3833 31.3458 3.30252 2.82749 0.294091 0.647841 20190
0 0  7.52558 10.8289 39.7642 2.90885 -10.3833 31.3458 3.30252 2.82749 0.294091 0.647841 20241
0 0  7.52558 10.8289 39.7642 2.90885 -10.3833 31.3458 3.30252 2.82749 0.294091 0.647841 20291
0 0  7.52558 10.8289 39.7642 2.90885 -10.3833 31.3458 3.30252 2.82749 0.294091 0.647841 20343
0 0  7.52558 10.8289 39.7642 2.90885 -10.3833 31.3458 3.30252 2.82749 0.294091 0.647841 20396
0 0  7.52558 10.8289 39.7642 2.90885 -10.3833 31.3458 3.30252 2.82749 0.294091 0.647841 20446
0 0  7.52558 10.8289 39.7642 2.90885 -10.3833 31.3458 3.30252 2.82749 0.294091 0.647841 20497
0 0  7.52558 10.8289 39.7642 2.90885 -10.3833 31.3458 3.30252 2.82749 0.294091 0.647841 20549
0 0  7.52558 10.8289 39.7642 2.90885 -10.3833 31.3458 3.30252 2.82749 0.294091 0.647841 20599
0 0  7.52558 10.8289 39.7642 2.90885 -10.3833 31.3458 3.30252 2.82749 0.294091 0.647841 20651
0 0  7.52558 10.8289 39.7642 2.90885 -10.3833 31.3458 3.30252 2.82749 0.294091 0.647841 20704
0 0  7.52558 10.8289 39.7642 2.90885 -10.3833 31.3458 3.30252 2.82749 0.294091 0.647841 20754
0 0  7.52558 10.8289 39.7642 2.90885 -10.3833 31.3458 3.30252 2.82749 0.294091 0.647841 20805
0 0  7.52558 10.8289 39.7642 2.90885 -10.3833 31.3458 3.30252 2.82749 0.294091 0.647841 20856
0 0  7.52558 10.8289 39.7642 2.90885 -10.3833 31.3458 3.30252 2.82749 0.294091 0.647841 20907
0 0  7.52558 10.8289 39.7642 2.90885 -10.3833 31.3458 3.30252 2.82749 0.294091 0.647841 20959
0 0  7.52558 10.8289 39.7642 2.90885 -10.3833 31.3458 3.30252 2.82749 0.294091 0.647841 21010
0 0  7.52558 10.8289 39.7642 2.90885 -10.3833 31.3458 3.30252 2.82749 0.294091 0.647841 21063
0 0  7.52558 10.8289 39.7642 2.90885 -10.3833 31.3458 3.30252 2.82749 0.294091 0.647841 21116
0 0  7.52558 10.8289 39.7642 2.90885 -10.3833 31.3458 3.30252 2.82749 0.294091 0.647841 21166
0 0  7.52558 10.8289 39.7642 2.90885 -10.3833 31.3458 3.30252 2.82749 0.294091 0.647841 21218
0 0  7.52558 10.8289 39.7642 2.90885 -10.3833 31.3458 3.30252 2.82749 0.294091 0.647841 21269
0 0  7.52558 10.8289 39.7642 2.90885 -10.3833 31.3458 3.30252 2.82749 0.294091 0.647841 21320
0 0  7.52558 10.8289 39.7642 2.90885 -10.3833 31.3458 3.30252 2.82749 0.294091 0.647841 21372
0 0  7.52558 10.8289 39.7642 2.90885 -10.3833 31.3458 3.30252 2.82749 0.294091 0.647841 21423
0 0  7.52558 10.8289 39.7642 2.90885 -10.3833 31.3458 3.30252 2.82749 0.294091 0.647841 21474
0 0  7.52558 10.8289 39.7642 2.90885 -10.3833 31.3458 3.30252 2.82749 0.294091 0.647841 21524
0 0  7.52558 10.8289 39.7642 2.90885 -10.3833 31.3458 3.30252 2.82749 0.294091 0.647841 21574
0 0  7.52558 10.8289 39.7642 2.90885 -10.3833 31.3458 3.30252 2.82749 0.294091 0.647841 21626
0 0  7.52558 10.8289 39.7642 2.90885 -10.3833 31.3458 3.30252 2.82749 0.294091 0.647841 21677
0 0  7.52558 10.8289 39.7642 2.90885 -10.3833 31.3458 3.30252 2.82749 0.294091 0.647841 21735
0 0  7.52558 10.8289 39.7642 2.90885 -10.3833 31.3458 3.30252 2.82749 0.294091 0.647841 21785
0 0  7.52558 10.8289 39.7642 2.90885 -10.3833 31.3458 3.30252 2.82749 0.294091 0.647841 21837
0 0  7.52558 10.8289 39.7642 2.90885 -10.3833 31.3458 3.30252 2.82749 0.294091 0.647841 21887
0 0  7.52558 10.8289 39.7642 2.90885 -10.3833 31.3458 3.30252 2.82749 0.294091 0.647841 21938
0 0  7.52558 10.8289 39.7642 2.90885 -10.3833 31.3458 3.30252 2.82749 0.294091 0.647841 21989
0 0  7.52558 10.8289 39.7642 2.90885 -10.3833 31.3458 3.30252 2.82749 0.294091 0.647841 22039
0 0  7.52558 10.8289 39.7642 2.90885 -10.3833 31.3458 3.30252 2.82749 0.294091 0.647841 22093
0 0  7.52558 10.8289 39.7642 2.90885 -10.3833 31.3458 3.30252 2.82749 0.294091 0.647841 22143
0 0  7.52558 10.8289 39.7642 2.90885 -10.3833 31.3458 3.30252 2.82749 0.294091 0.647841 22194
0 0  7.52558 10.8289 39.7642 2.90885 -10.3833 31.3458 3.30252 2.82749 0.294091 0.647841 22244
0 0  7.52558 10.8289 39.7642 2.90885 -10.3833 31.3458 3.30252 2.82749 0.294091 0.647841 22294
0 0  7.52558 10.8289 39.7642 2.90885 -10.3833 31.3458 3.30252 2.82749 0.294091 0.647841 22344
0 0  7.52558 10.8289 39.7642 2.90885 -10.3833 31.3458 3.30252 2.82749 0.294091 0.647841 22400
0 0  7.52558 10.8289 39.7642 2.90885 -10.3833 31.3458 3.30252 2.82749 0.294091 0.647841 22451
0 0  7.52558 10.8289 39.7642 2.90885 -10.3833 31.3458 3.30252 2.82749 0.294091 0.647841 22503
0 0  7.52558 10.8289 39.7642 2.90885 -10.3833 31.3458 3.30252 2.82749 0.294091 0.647841 22555
0 0  7.52558 10.8289 39.7642 2.90885 -10.3833 31.3458 3.30252 2.82749 0.294091 0.647841 22605
0 0  7.52558 10.8289 39.7642 2.90885 -10.3833 31.3458 3.30252 2.82749 0.294091 0.647841 22656
0 0  7.52558 10.8289 39.7642 2.90885 -10.3833 31.3458 3.30252 2.82749 0.294091 0.647841 22709
0 0  7.52558 10.8289 39.7642 2.90885 -10.3833 31.3458 3.30252 2.82749 0.294091 0.647841 22766
0 0  7.52558 10.8289 39.7642 2.90885 -10.3833 31.3458 3.30252 2.82749 0.294091 0.647841 22820
0 0  7.52558 10.8289 39.7642 2.90885 -10.3833 31.3458 3.30252 2.82749 0.294091 0.647841 22871
0 0  7.52558 10.8289 39.7642 2.90885 -10.3833 31.3458 3.30252 2.82749 0.294091 0.647841 22921
0 0  7.52558 10.8289 39.7642 2.90885 -10.3833 31.3458 3.30252 2.82749 0.294091 0.647841 22971
0 0  7.52558 10.8289 39.7642 2.90885 -10.3833 31.3458 3.30252 2.82749 0.294091 0.647841 23021
0 0  7.52558 10.8289 39.7642 2.90885 -10.3833 31.3458 3.30252 2.82749 0.294091 0.647841 23075
0 0  7.52558 10.8289 39.7642 2.90885 -10.3833 31.3458 3.30252 2.82749 0.294091 0.647841 23125
0 0  7.52558 10.8289 39.7642 2.90885 -10.3833 31.3458 3.30252 2.82749 0.294091 0.647841 23178
0 0  7.52558 10.8289 39.7642 2.90885 -10.3833 31.3458 3.30252 2.82749 0.294091 0.647841 23229
0 0  7.52558 10.8289 39.7642 2.90885 -10.3833 31.3458 3.30252 2.82749 0.294091 0.647841 23279
0 0  7.52558 10.8289 39.7642 2.90885 -10.3833 31.3458 3.30252 2.82749 0.294091 0.647841 23330
0 0  7.52558 10.8289 39.7642 2.90885 -10.3833 31.3458 3.30252 2.82749 0.294091 0.647841 23381
0 0  7.52558 10.8289 39.7642 2.90885 -10.3833 31.3458 3.30252 2.82749 0.294091 0.647841 23434
0 0  7.52558 10.8289 39.7642 2.90885 -10.3833 31.3458 3.30252 2.82749 0.294091 0.647841 23485
0 0  7.52558 10.8289 39.7642 2.90885 -10.3833 31.3458 3.30252 2.82749 0.294091 0.647841 23535
0 0  7.52558 10.8289 39.7642 2.90885 -10.3833 31.3458 3.30252 2.82749 0.294091 0.647841 23591
0 0  7.52558 10.8289 39.7642 2.90885 -10.3833 31.3458 3.30252 2.82749 0.294091 0.647841 23643
0 0  7.52558 10.8289 39.7642 2.90885 -10.3833 31.3458 3.30252 2.82749 0.294091 0.647841 23693
0 0  7.52558 10.8289 39.7642 2.90885 -10.3833 31.3458 3.30252 2.82749 0.294091 0.647841 23747
0 0  7.52558 10.8289 39.7642 2.90885 -10.3833 31.3458 3.30252 2.82749 0.294091 0.647841 23798
0 0  7.52558 10.8289 39.7642 2.90885 -10.3833 31.3458 3.30252 2.82749 0.294091 0.647841 23849
0 0  7.52558 10.8289 39.7642 2.90885 -10.3833 31.3458 3.30252 2.82749 0.294091 0.647841 23902
0 0  7.52558 10.8289 39.7642 2.90885 -10.3833 31.3458 3.30252 2.82749 0.294091 0.647841 23955
0 0  7.52558 10.8289 39.7642 2.90885 -10.3833 31.3458 3.30252 2.82749 0.294091 0.647841 24008
0 0  7.52558 10.8289 39.7642 2.90885 -10.3833 31.3458 3.30252 2.82749 0.294091 0.647841 24058
0 0  7.52558 10.8289 39.7642 2.90885 -10.3833 31.3458 3.30252 2.82749 0.294091 0.647841 24108
0 0  7.52558 10.8289 39.7642 2.90885 -10.3833 31.3458 3.30252 2.82749 0.294091 0.647841 24159
0 0  7.52558 10.8289 39.7642 2.90885 -10.3833 31.3458 3.30252 2.82749 0.294091 0.647841 24211
0 0  7.52558 10.8289 39.7642 2.90885 -10.3833 31.3458 3.30252 2.82749 0.294091 0.647841 24263
0 0  7.52558 10.8289 39.7642 2.90885 -10.3833 31.3458 3.30252 2.82749 0.294091 0.647841 24316
0 0  7.52558 10.8289 39.7642 2.90885 -10.3833 31.3458 3.30252 2.82749 0.294091 0.647841 24368
0 0  7.52558 10.8289 39.7642 2.90885 -10.3833 31.3458 3.30252 2.82749 0.294091 0.647841 24421
0 0  7.52558 10.8289 39.7642 2.90885 -10.3833 31.3458 3.30252 2.82749 0.294091 0.647841 24472
0 0  7.52558 10.8289 39.7642 2.90885 -10.3833 31.3458 3.30252 2.82749 0.294091 0.647841 24523
0 0  7.52558 10.8289 39.7642 2.90885 -10.3833 31.3458 3.30252 2.82749 0.294091 0.647841 24574
0 0  7.52558 10.8289 39.7642 2.90885 -10.3833 31.3458 3.30252 2.82749 0.294091 0.647841 24625
0 0  7.52558 10.8289 39.7642 2.90885 -10.3833 31.3458 3.30252 2.82749 0.294091 0.647841 24675
0 0  7.52558 10.8289 39.7642 2.90885 -10.3833 31.3458 3.30252 2.82749 0.294091 0.647841 24725
0 0  7.52558 10.8289 39.7642 2.90885 -10.3833 31.3458 3.30252 2.82749 0.294091 0.647841 24777
0 0  7.52558 10.8289 39.7642 2.90885 -10.3833 31.3458 3.30252 2.82749 0.294091 0.647841 24827
0 0  7.52558 10.8289 39.7642 2.90885 -10.3833 31.3458 3.30252 2.82749 0.294091 0.647841 24880
0 0  7.52558 10.8289 39.7642 2.90885 -10.3833 31.3458 3.30252 2.82749 0.294091 0.647841 24931
0 0  7.52558 10.8289 39.7642 2.90885 -10.3833 31.3458 3.30252 2.82749 0.294091 0.647841 24982
0 0  7.52558 10.8289 39.7642 2.90885 -10.3833 31.3458 3.30252 2.82749 0.294091 0.647841 25033
0 0  7.52558 10.8289 39.7642 2.90885 -10.3833 31.3458 3.30252 2.82749 0.294091 0.647841 25083
0 0  7.52558 10.8289 39.7642 2.90885 -10.3833 31.3458 3.30252 2.82749 0.294091 0.647841 25142
0 0  7.52558 10.8289 39.7642 2.90885 -10.3833 31.3458 3.30252 2.82749 0.294091 0.647841 25192
0 0  7.52558 10.8289 39.7642 2.90885 -10.3833 31.3458 3.30252 2.82749 0.294091 0.647841 25245
0 0  7.52558 10.8289 39.7642 2.90885 -10.3833 31.3458 3.30252 2.82749 0.294091 0.647841 25295
0 0  7.52558 10.8289 39.7642 2.90885 -10.3833 31.3458 3.30252 2.82749 0.294091 0.647841 25347
0 0  7.52558 10.8289 39.7642 2.90885 -10.3833 31.3458 3.30252 2.82749 0.294091 0.647841 25398
0 0  7.52558 10.8289 39.7642 2.90885 -10.3833 31.3458 3.30252 2.82749 0.294091 0.647841 25450
0 0  7.52558 10.8289 39.7642 2.90885 -10.3833 31.3458 3.30252 2.82749 0.294091 0.647841 25502
0 0  7.52558 10.8289 39.7642 2.90885 -10.3833 31.3458 3.30252 2.82749 0.294091 0.647841 25554
0 0  7.52558 10.8289 39.7642 2.90885 -10.3833 31.3458 3.30252 2.82749 0.294091 0.647841 25605
0 0  7.52558 10.8289 39.7642 2.90885 -10.3833 31.3458 3.30252 2.82749 0.294091 0.647841 25655
0 0  7.52558 10.8289 39.7642 2.90885 -10.3833 31.3458 3.30252 2.82749 0.294091 0.647841 25706
0 0  7.52558 10.8289 39.7642 2.90885 -10.3833 31.3458 3.30252 2.82749 0.294091 0.647841 25757
0 0  7.52558 10.8289 39.7642 2.90885 -10.3833 31.3458 3.30252 2.82749 0.294091 0.647841 25809
0 0  7.52558 10.8289 39.7642 2.90885 -10.3833 31.3458 3.30252 2.82749 0.294091 0.647841 25862
0 0  7.52558 10.8289 39.7642 2.90885 -10.3833 31.3458 3.30252 2.82749 0.294091 0.647841 25913
0 0  7.52558 10.8289 39.7642 2.90885 -10.3833 31.3458 3.30252 2.82749 0.294091 0.647841 25965
0 0  7.52558 10.8289 39.7642 2.90885 -10.3833 31.3458 3.30252 2.82749 0.294091 0.647841 26021
0 0  7.52558 10.8289 39.7642 2.90885 -10.3833 31.3458 3.30252 2.82749 0.294091 0.647841 26072
0 0  7.52558 10.8289 39.7642 2.90885 -10.3833 31.3458 3.30252 2.82749 0.294091 0.647841 26124
0 0  7.52558 10.8289 39.7642 2.90885 -10.3833 31.3458 3.30252 2.82749 0.294091 0.647841 26176
0 0  7.52558 10.8289 39.7642 2.90885 -10.3833 31.3458 3.30252 2.82749 0.294091 0.647841 26228
0 0  7.52558 10.8289 39.7642 2.90885 -10.3833 31.3458 3.30252 2.82749 0.294091 0.647841 26279
0 0  7.52558 10.8289 39.7642 2.90885 -10.3833 31.3458 3.30252 2.82749 0.294091 0.647841 26331
0 0  7.52558 10.8289 39.7642 2.90885 -10.3833 31.3458 3.30252 2.82749 0.294091 0.647841 26381
0 0  7.52558 10.8289 39.7642 2.90885 -10.3833 31.3458 3.30252 2.82749 0.294091 0.647841 26434
0 0  7.52558 10.8289 39.7642 2.90885 -10.3833 31.3458 3.30252 2.82749 0.294091 0.647841 26485
0 0  7.52558 10.8289 39.7642 2.90885 -10.3833 31.3458 3.30252 2.82749 0.294091 0.647841 26539
0 0  7.52558 10.8289 39.7642 2.90885 -10.3833 31.3458 3.30252 2.82749 0.294091 0.647841 26590
0 0  7.52558 10.8289 39.7642 2.90885 -10.3833 31.3458 3.30252 2.82749 0.294091 0.647841 26640
0 0  7.52558 10.8289 39.7642 2.90885 -10.3833 31.3458 3.30252 2.82749 0.294091 0.647841 26690
0 0  7.52558 10.8289 39.7642 2.90885 -10.3833 31.3458 3.30252 2.82749 0.294091 0.647841 26741
0 0  7.52558 10.8289 39.7642 2.90885 -10.3833 31.3458 3.30252 2.82749 0.294091 0.647841 26792
0 0  7.52558 10.8289 39.7642 2.90885 -10.3833 31.3458 3.30252 2.82749 0.294091 0.647841 26845
0 0  7.52558 10.8289 39.7642 2.90885 -10.3833 31.3458 3.30252 2.82749 0.294091 0.647841 26896
0 0  7.52558 10.8289 39.7642 2.90885 -10.3833 31.3458 3.30252 2.82749 0.294091 0.647841 26953
0 0  7.52558 10.8289 39.7642 2.90885 -10.3833 31.3458 3.30252 2.82749 0.294091 0.647841 27004
0 0  7.52558 10.8289 39.7642 2.90885 -10.3833 31.3458 3.30252 2.82749 0.294091 0.647841 27056
0 0  7.52558 10.8289 39.7642 2.90885 -10.3833 31.3458 3.30252 2.82749 0.294091 0.647841 27106
0 0  7.52558 10.8289 39.7642 2.90885 -10.3833 31.3458 3.30252 2.82749 0.294091 0.647841 27159
0 0  7.52558 10.8289 39.7642 2.90885 -10.3833 31.3458 3.30252 2.82749 0.294091 0.647841 27209
0 0  7.52558 10.8289 39.7642 2.90885 -10.3833 31.3458 3.30252 2.82749 0.294091 0.647841 27265
0 0  7.52558 10.8289 39.7642 2.90885 -10.3833 31.3458 3.30252 2.82749 0.294091 0.647841 27316
0 0  7.52558 10.8289 39.7642 2.90885 -10.3833 31.3458 3.30252 2.82749 0.294091 0.647841 27373
0 0  7.52558 10.8289 39.7642 2.90885 -10.3833 31.3458 3.30252 2.82749 0.294091 0.647841 27429
0 0  7.52558 10.8289 39.7642 2.90885 -10.3833 31.3458 3.30252 2.82749 0.294091 0.647841 27481
0 0  7.52558 10.8289 39.7642 2.90885 -10.3833 31.3458 3.30252 2.82749 0.294091 0.647841 27533
0 0  7.52558 10.8289 39.7642 2.90885 -10.3833 31.3458 3.30252 2.82749 0.294091 0.647841 27582
0 0  7.52558 10.8289 39.7642 2.90885 -10.3833 31.3458 3.30252 2.82749 0.294091 0.647841 27634
0 0  7.52558 10.8289 39.7642 2.90885 -10.3833 31.3458 3.30252 2.82749 0.294091 0.647841 27686
0 0  7.52558 10.8289 39.7642 2.90885 -10.3833 31.3458 3.30252 2.82749 0.294091 0.647841 27738
0 0  7.52558 10.8289 39.7642 2.90885 -10.3833 31.3458 3.30252 2.82749 0.294091 0.647841 27789
0 0  7.52558 10.8289 39.7642 2.90885 -10.3833 31.3458 3.30252 2.82749 0.294091 0.647841 27841
0 0  7.52558 10.8289 39.7642 2.90885 -10.3833 31.3458 3.30252 2.82749 0.294091 0.647841 27898
0 0  7.52558 10.8289 39.7642 2.90885 -10.3833 31.3458 3.30252 2.82749 0.294091 0.647841 27949
0 0  7.52558 10.8289 39.7642 2.90885 -10.3833 31.3458 3.30252 2.82749 0.294091 0.647841 28002
0 0  7.52558 10.8289 39.7642 2.90885 -10.3833 31.3458 3.30252 2.82749 0.294091 0.647841 28055
0 0  7.52558 10.8289 39.7642 2.90885 -10.3833 31.3458 3.30252 2.82749 0.294091 0.647841 28106
0 0  7.52558 10.8289 39.7642 2.90885 -10.3833 31.3458 3.30252 2.82749 0.294091 0.647841 28155
0 0  7.52558 10.8289 39.7642 2.90885 -10.3833 31.3458 3.30252 2.82749 0.294091 0.647841 28207
0 0  7.52558 10.8289 39.7642 2.90885 -10.3833 31.3458 3.30252 2.82749 0.294091 0.647841 28265
0 0  7.52558 10.8289 39.7642 2.90885 -10.3833 31.3458 3.30252 2.82749 0.294091 0.647841 28320
0 0  7.52558 10.8289 39.7642 2.90885 -10.3833 31.3458 3.30252 2.82749 0.294091 0.647841 28370
0 0  7.52558 10.8289 39.7642 2.90885 -10.3833 31.3458 3.30252 2.82749 0.294091 0.647841 28425
0 0  7.52558 10.8289 39.7642 2.90885 -10.3833 31.3458 3.30252 2.82749 0.294091 0.647841 28476
0 0  7.52558 10.8289 39.7642 2.90885 -10.3833 31.3458 3.30252 2.82749 0.294091 0.647841 28527
0 0  7.52558 10.8289 39.7642 2.90885 -10.3833 31.3458 3.30252 2.82749 0.294091 0.647841 28581
0 0  7.52558 10.8289 39.7642 2.90885 -10.3833 31.3458 3.30252 2.82749 0.294091 0.647841 28633
0 0  7.52558 10.8289 39.7642 2.90885 -10.3833 31.3458 3.30252 2.82749 0.294091 0.647841 28688
0 0  7.52558 10.8289 39.7642 2.90885 -10.3833 31.3458 3.30252 2.82749 0.294091 0.647841 28741
0 0  7.52558 10.8289 39.7642 2.90885 -10.3833 31.3458 3.30252 2.82749 0.294091 0.647841 28794
0 0  7.52558 10.8289 39.7642 2.90885 -10.3833 31.3458 3.30252 2.82749 0.294091 0.647841 28844
0 0  7.52558 10.8289 39.7642 2.90885 -10.3833 31.3458 3.30252 2.82749 0.294091 0.647841 28896
0 0  7.52558 10.8289 39.7642 2.90885 -10.3833 31.3458 3.30252 2.82749 0.294091 0.647841 28952
0 0  7.52558 10.8289 39.7642 2.90885 -10.3833 31.3458 3.30252 2.82749 0.294091 0.647841 29007
0 0  7.52558 10.8289 39.7642 2.90885 -10.3833 31.3458 3.30252 2.82749 0.294091 0.647841 29059
0 0  7.52558 10.8289 39.7642 2.90885 -10.3833 31.3458 3.30252 2.82749 0.294091 0.647841 29111
0 0  7.52558 10.8289 39.7642 2.90885 -10.3833 31.3458 3.30252 2.82749 0.294091 0.647841 29163
0 0  7.52558 10.8289 39.7642 2.90885 -10.3833 31.3458 3.30252 2.82749 0.294091 0.647841 29214
0 0  7.52558 10.8289 39.7642 2.90885 -10.3833 31.3458 3.30252 2.82749 0.294091 0.647841 29271
0 0  7.52558 10.8289 39.7642 2.90885 -10.3833 31.3458 3.30252 2.82749 0.294091 0.647841 29322
0 0  7.52558 10.8289 39.7642 2.90885 -10.3833 31.3458 3.30252 2.82749 0.294091 0.647841 29372
0 0  7.52558 10.8289 39.7642 2.90885 -10.3833 31.3458 3.30252 2.82749 0.294091 0.647841 29424
0 0  7.52558 10.8289 39.7642 2.90885 -10.3833 31.3458 3.30252 2.82749 0.294091 0.647841 29485
0 0  7.52558 10.8289 39.7642 2.90885 -10.3833 31.3458 3.30252 2.82749 0.294091 0.647841 29535
0 0  7.52558 10.8289 39.7642 2.90885 -10.3833 31.3458 3.30252 2.82749 0.294091 0.647841 29588
0 0  7.52558 10.8289 39.7642 2.90885 -10.3833 31.3458 3.30252 2.82749 0.294091 0.647841 29640
0 0  7.52558 10.8289 39.7642 2.90885 -10.3833 31.3458 3.30252 2.82749 0.294091 0.647841 29690
0 0  7.52558 10.8289 39.7642 2.90885 -10.3833 31.3458 3.30252 2.82749 0.294091 0.647841 29749
0 0  8.77949 9.86451 37.7444 0.878192 -9.55053 33.4018 2.87347 2.83184 0.498345 0.590933 30098
0 0  8.77469 9.84373 37.7365 0.851571 -9.53236 33.429 2.86973 2.77315 0.49653 0.587353 30149
0 0  8.83038 9.81231 37.6604 0.856532 -9.52111 33.4229 2.85852 2.72881 0.487265 0.553567 30201
0 0  9.41684 9.6829 37.0372 1.02639 -9.46472 33.2405 3.18667 2.71114 0.487948 0.547563 30252
0 0  9.38073 7.9282 36.3211 -2.23308 -3.76443 29.4787 3.16984 2 0.489728 0.546181 30312
0 0  8.92977 9.94717 37.6439 1.35826 -9.76341 32.9345 2.8661 2.62485 0.557276 0.522688 30365
0 0  8.8485 9.95653 37.7316 1.22008 -9.7347 33.0659 2.86441 2.72014 0.507918 0.562532 30415
0 0  8.76439 10.0037 37.8485 1.12502 -9.74086 33.1613 2.86939 2.80927 0.51254 0.855845 30466
0 0  8.7329 10.0101 37.8858 1.09936 -9.7482 33.188 2.89703 2.78706 0.491356 0.592056 30521
0 0  8.7052 9.98378 37.8979 1.07103 -9.7041 33.2128 2.94288 2.77876 0.474617 0.577852 30573
0 0  8.68179 9.93473 37.8909 1.02193 -9.63513 33.2573 2.94865 2.7841 0.472962 0.573181 30629
0 0  8.65516 9.89934 37.8966 1.0205 -9.61979 33.2575 2.99112 2.79006 0.471708 0.571959 30683
0 0  8.63492 9.84805 37.8855 1.01405 -9.54185 33.2583 3.00689 2.75151 0.472865 0.565926 30736
0 0  8.86391 10.0181 37.7552 0.892753 -9.76344 33.4045 2.95369 2.73814 0.472687 0.552114 30788
0 0  8.84379 9.98032 37.7515 0.871763 -9.73351 33.4241 2.91784 2.7216 0.472687 0.552114 30842
0 0  8.78964 9.9067 37.7604 0.849368 -9.67774 33.443 2.86904 2.70781 0.488005 0.569789 30895
0 0  7.9665 8.833 38.0574 1.05595 -8.4237 33.2112 2.94988 2.74304 0.488541 0.57092 30944
0 0  8.00937 8.79838 37.9896 1.08332 -8.38857 33.1856 2.93823 2.74349 0.487859 0.55933 30995
0 0  8.02159 8.799 37.9757 1.08439 -8.38246 33.1849 2.95821 2.7148 0.45295 0.462268 31045
0 0  8.04115 8.59276 37.854 1.0081 -8.2223 33.2757 3.01784 2.79821 0.453348 0.395127 31097
0 0  8.04168 8.57414 37.8448 1.01661 -8.16091 33.2725 3.02322 2.76691 0.454208 0.394933 31149
0 0  8.03807 8.56028 37.8426 1.02992 -8.15402 33.2594 3.05793 2.79955 0.45945 0.387316 31201
0 0  7.98044 8.54662 37.9025 1.03178 -8.15576 33.2573 3.06948 2.83009 0.463327 0.368423 31251
0 0  7.81766 8.52802 38.0862 1.30249 -8.0931 32.9928 3.11746 2.83221 0.463183 0.367583 31302
0 0  7.81169 8.53001 38.0943 1.2793 -8.09724 33.0149 3.13624 2.85541 0.458848 0.363506 31352
0 0  7.81058 8.53405 38.0975 1.27876 -8.10151 33.015 3.14468 2.85518 0.445931 0.352935 31406
0 0  7.88701 8.53007 38.0042 1.22954 -8.11241 33.0622 3.11785 2.8638 0.438276 0.361242 31459
0 0  7.8981 8.55047 38.0005 1.19531 -8.14522 33.0928 3.1249 2.86219 0.438083 0.361097 31512
0 0  7.90564 8.54613 37.9896 1.19535 -8.13427 33.0938 3.11636 2.84694 0.444304 0.365823 31564
0 0  7.91821 8.55573 37.9793 1.19175 -8.1594 33.095 3.0978 2.86981 0.446286 0.365006 31615
0 0  7.92141 8.55671 37.976 1.1901 -8.16027 33.0966 3.09675 2.84592 0.44773 0.366513 31666
0 0  8.06381 8.56079 37.8136 1.11245 -8.18338 33.1723 3.07076 2.84262 0.448749 0.367594 31717
0 0  8.06659 8.58623 37.8221 1.06655 -8.20224 33.2173 3.06549 2.85444 0.448797 0.368665 31768
0 0  8.07201 8.58957 37.8175 1.07016 -8.20169 33.2136 3.09102 2.8629 0.448663 0.368949 31820
0 0  8.08986 8.60368 37.8038 1.06554 -8.21385 33.2173 3.09194 2.86896 0.462595 0.376698 31870
0 0  8.09227 8.61015 37.8041 1.07085 -8.22149 33.2112 3.09792 2.89323 0.462931 0.375572 31920
0 0  8.08928 8.61175 37.8082 1.06347 -8.22859 33.2181 3.10203 2.90499 0.463603 0.377158 31971
0 0  8.44061 9.73429 38.0256 1.09072 -8.49485 33.1716 3.2843 2.83517 0.464502 0.378748 32024
0 0  8.49324 10.0376 38.1654 1.31234 -9.80995 32.9831 3.14171 2.89534 0.464873 0.379816 32076
0 0  8.5035 10.0659 38.1732 1.29226 -9.78417 33 3.18232 2.93226 0.463745 0.380383 32129
0 0  8.51059 10.0837 38.1774 1.28587 -9.79723 33.0075 3.14833 2.92197 0.46291 0.451322 32184
0 0  7.83023 10.3568 39.2489 2.32784 -10.0361 32.1296 3.20049 2.90033 0.448258 0.572628 32237
0 0  7.82974 10.3874 39.2759 2.31421 -10.0466 32.1413 3.19249 2.90737 0.44817 0.573575 32289
0 0  7.8269 10.4234 39.3112 2.28352 -10.0649 32.1673 3.19676 2.92237 0.369337 0.57911 32344
0 0  7.85287 10.5511 39.387 2.37192 -10.2823 32.127 3.14938 2.86669 0.353865 0.599322 32396
0 0  7.86106 10.5853 39.4061 2.35382 -10.249 32.1363 3.13329 2.89528 0.353234 0.600238 32448
0 0  7.86976 10.578 39.3867 2.32974 -10.2465 32.1546 3.14622 2.87678 0.350159 0.608136 32503
0 0  7.54969 10.4942 39.8008 2.80015 -10.1732 31.7993 3.28151 2.86955 0.306513 0.605418 33475
0 0  7.57563 10.5156 39.7794 2.77642 -10.1718 31.8157 3.25404 2.9077 0.312328 0.60701 33529
0 0  7.5643 10.5221 39.804 2.78411 -10.1976 31.8136 3.27203 2.9155 0.313135 0.607547 33580
0 0  7.63351 10.5118 39.6835 2.79027 -10.202 31.8098 3.31126 2.93209 0.313206 0.608199 33632
0 0  8.10858 10.4817 38.9705 2.08489 -10.2414 32.3485 3.24536 2.95613 0.314218 0.609619 33683
0 0  8.11279 10.5207 38.9977 2.05431 -10.2737 32.3781 3.26909 2.96799 0.312184 0.609843 33736
0 0  8.11013 10.517 38.9981 2.04234 -10.2616 32.3862 3.25801 2.96923 0.320607 0.614412 33787
0 0  7.96377 10.5128 39.1944 2.06407 -10.2592 32.368 3.32157 2.95219 0.380579 0.625696 33838
0 0  7.97708 10.5348 39.195 2.2408 -10.2561 32.2254 3.38158 2.98125 0.38032 0.626686 33891
0 0  7.96664 10.5317 39.2069 2.24654 -10.2474 32.2196 3.34974 2.99918 0.364648 0.618412 33944
0 0  7.96801 10.5338 39.2068 2.23673 -10.2579 32.2288 3.33627 2.96593 0.363656 0.623849 33996
0 0  7.53813 10.457 39.7839 2.53542 -10.2208 31.9955 3.35244 2.89941 0.363339 0.623729 34048
0 0  7.5726 10.4844 39.7544 2.81769 -10.1674 31.7864 3.30623 2.92389 0.363792 0.623885 34100
0 0  7.56512 10.4796 39.7619 2.81783 -10.1702 31.7866 3.33297 2.91976 0.320779 0.59765 34155
0 0  7.56402 10.4828 39.7667 2.81455 -10.1557 31.7871 3.40953 2.92448 0.314734 0.60872 34206
0 0  7.56514 10.4747 39.7572 2.81659 -10.1622 31.7865 3.35033 2.94196 0.314142 0.607814 34257
0 0  7.56598 10.4809 39.7617 2.81976 -10.1583 31.7838 3.35511 2.99028 0.313821 0.608303 34309
0 0  7.55717 10.4792 39.7743 2.80577 -10.1567 31.7934 3.38918 2.94157 0.314367 0.607991 34359
0 0  7.55486 10.4857 39.7842 2.80228 -10.1646 31.7968 3.42503 2.9724 0.314058 0.607982 34410
0 0  7.62561 10.4784 39.6645 2.80745 -10.1796 31.795 3.38383 2.96978 0.314354 0.607771 34461
0 0  7.64816 10.4814 39.632 2.70482 -10.1799 31.8673 3.34238 3.0098 0.312924 0.60693 34514
0 0  7.67258 10.4949 39.6066 2.67365 -10.1755 31.8891 3.36565 2.96563 0.313215 0.607539 34565
0 0  7.65775 10.4998 39.6343 2.66779 -10.164 31.8918 3.41457 2.9512 0.323968 0.611846 34618
0 0  7.67219 10.5033 39.6151 2.66234 -10.1745 31.897 3.38667 2.94365 0.326714 0.612965 34670
0 0  7.59058 10.5497 39.7882 2.81432 -10.1973 31.7925 3.38252 2.92205 0.325302 0.611281 34724
0 0  7.573 10.535 39.8024 2.84215 -10.2152 31.7755 3.39727 2.94822 0.326911 0.611424 34773
0 0  7.59755 10.5453 39.7727 2.84325 -10.2196 31.7753 3.38298 2.95461 0.312253 0.606768 34826
0 0  7.59501 10.5519 39.7832 2.83731 -10.2293 31.7806 3.35858 2.93934 0.312449 0.612638 34880
0 0  7.58563 10.5414 39.7881 2.84532 -10.2188 31.7737 3.36334 2.9412 0.313224 0.614645 34933
0 0  7.58009 10.5301 39.7862 2.85544 -10.2152 31.7663 3.34835 2.94823 0.312431 0.614015 34987
0 0  7.59137 10.5339 39.7717 2.84639 -10.213 31.7723 3.33319 2.95149 0.313698 0.616915 35040
0 0  7.58248 10.5271 39.7794 2.8383 -10.2186 31.7786 3.35525 2.97874 0.314452 0.615098 35091
0 0  7.58705 10.542 39.7864 2.84042 -10.2312 31.7787 3.36219 2.98515 0.314129 0.615496 35143
0 0  7.59059 10.5423 39.781 2.83161 -10.2477 31.787 3.34195 2.9909 0.313184 0.614478 35195
0 0  8.58404 10.5156 38.4095 2.82135 -10.2437 31.7936 3.23603 3.00876 0.314036 0.614742 35246
0 0  8.54065 10.5726 38.5047 1.71315 -10.3863 32.6869 3.24767 3.11796 0.313317 0.616307 35300
0 0  8.53468 10.5852 38.5217 1.68292 -10.3873 32.7141 3.27613 3.06499 0.334191 0.629172 35352
0 0  8.53115 10.6049 38.5416 1.67442 -10.3807 32.7206 3.25558 3.07205 0.426077 0.646974 35403
0 0  8.52864 10.5922 38.5345 1.65511 -10.394 32.7401 3.26806 3.03511 0.423652 0.647077 35455
0 0  8.48499 10.6297 38.6168 1.72054 -10.3985 32.6823 3.21733 3.01285 0.42265 0.646028 35508
0 0  8.48193 10.6227 38.6148 1.7049 -10.391 32.695 3.22581 3.01233 0.422316 0.647119 35559
0 0  8.49477 10.6317 38.6066 1.70021 -10.3972 32.7002 3.2025 2.99151 0.418256 0.647801 35610
0 0  7.99074 10.6004 39.2337 1.74198 -10.3823 32.6607 3.1916 2.93933 0.416337 0.648369 35661
0 0  8.00528 10.5961 39.2096 2.32096 -10.2973 32.1685 3.19729 2.9017 0.416983 0.647354 35714
0 0  7.99119 10.5918 39.2255 2.31235 -10.3072 32.1766 3.1737 2.91602 0.417582 0.648355 35764
0 0  7.98348 10.5889 39.2338 2.30401 -10.3019 32.1823 3.18292 2.92849 0.360486 0.632195 35818
0 0  7.99951 10.6244 39.2429 2.29901 -10.3122 32.1877 3.26658 2.93165 0.361726 0.631832 35868
0 0  7.99189 10.6194 39.2492 2.29729 -10.318 32.1899 3.23697 2.92566 0.360474 0.631926 35919
0 0  7.98272 10.609 39.2527 2.29842 -10.3271 32.1903 3.18065 2.94074 0.361512 0.631385 35970
0 0  7.98276 10.6077 39.2516 2.28659 -10.3123 32.1974 3.21897 2.92648 0.360398 0.633553 36024
0 0  8.00244 10.6053 39.2218 2.26644 -10.3166 32.2138 3.24245 2.94762 0.359676 0.633301 36075
0 0  7.99755 10.5905 39.2155 2.26326 -10.2994 32.2138 3.24901 2.94245 0.359261 0.633367 36127
0 0  7.45211 9.97959 39.4968 2.26146 -10.1915 32.2004 3.35731 2.95011 0.359968 0.632123 36178
0 0  6.18515 6.79965 39.8424 1.44452 -10.193 32.9034 3.38686 2.96344 0.363204 0.633183 36228
0 0  6.21526 6.77914 39.78 2.92552 -6.36112 31.9812 3.36414 3.04474 0.331617 0.575072 36280
0 0  6.26028 6.78608 39.7067 2.96382 -6.34873 31.958 3.31688 3.01004 0.39868 0.618032 36331
0 0  5.53199 5.65192 41.0014 4.42801 -5.45007 31.3595 3.41632 3.03943 0.298982 0.139622 36383
0 0  5.53043 5.65314 41.0054 4.51748 -5.38169 31.3381 3.41385 3.03291 0.302229 0.143991 36436
0 0  5.53869 5.70874 40.9921 4.53351 -5.3915 31.3267 3.34012 2.97612 0.246096 0.0480909 36489
0 0  5.56872 5.70732 40.9172 4.5124 -5.43068 31.2785 3.29658 2.93471 0.221936 0.0460377 36539
0 0  6.00226 5.01285 39.9362 4.53324 -5.4843 31.25 3.30257 2.86662 0.220187 0.0458054 36591
0 0  7.74599 3.76237 37.5179 5.71382 -3.92453 31.3762 1.50572 2.96406 0.221209 0.0497234 36643
0 0  6.34155 3.82755 39.4535 4.93865 -5.05852 31.2092 3.18001 2.74155 0.224617 0.0582556 36695
0 0  5.59172 5.30413 40.8246 4.82054 -5.12579 31.2384 3.36721 2.89657 0.40975 0.106555 36746
0 0  5.61631 5.33587 40.7674 4.60096 -5.07322 31.3636 3.43117 3.08729 0.421454 0.117549 36798
0 0  5.66919 5.38882 40.6469 4.57514 -5.06352 31.3801 3.50168 3.15977 0.231251 0.0306516 36852
0 0  5.69571 5.43529 40.5894 4.36415 -5.14245 31.4577 3.5657 2.95978 0.235222 0.0381299 36902
0 0  5.75152 5.46402 40.4668 4.30781 -5.21947 31.4585 3.63276 3.10517 0.24379 0.033522 36955
0 0  5.97982 5.38008 39.9871 4.21715 -5.22785 31.5038 3.67414 3.16022 0.246758 0.0361578 37005
0 0  5.99679 5.3209 39.9511 3.73717 -5.01239 31.8624 3.70827 3.20284 0.252761 0.0376233 37057
0 0  6.01715 5.30821 39.911 3.68796 -5.03617 31.8828 3.76911 3.22916 0.256527 0.0424598 37108
0 0  6.02776 5.31829 39.891 3.65213 -5.05669 31.8967 3.81211 3.28315 0.285757 0.0519304 37159
0 0  6.02768 5.32713 39.8915 3.63551 -5.06059 31.9054 3.78371 3.28111 0.293962 0.0200868 37209
0 0  6.03955 5.34207 39.8694 3.60564 -5.09009 31.9122 3.80985 3.31464 0.297704 0.020781 37261
0 0  6.05247 5.34287 39.8448 3.59485 -5.11165 31.9104 3.81994 3.30835 0.298001 0.0207752 37313
0 0  6.06397 5.32825 39.8223 3.58811 -5.10976 31.9153 3.83759 3.34028 0.299322 0.0218652 37364
0 0  6.0299 5.33074 39.8874 3.58127 -5.11372 31.918 3.82477 3.33542 0.299344 0.0220958 37416
0 0  5.73053 5.39254 40.5084 4.37778 -5.17764 31.4374 3.85164 3.26952 0.301388 0.0239579 37467
0 0  5.73421 5.40472 40.5009 4.3908 -5.19299 31.4249 3.86492 3.26305 0.298834 0.0214027 37518
0 0  6.01496 5.22212 39.9126 4.38182 -5.20323 31.4258 3.7976 3.24668 0.262796 -0.00184041 37570
0 0  5.9746 5.18354 39.9905 3.77656 -5.00282 31.8424 3.85527 3.34458 0.253146 0.0384166 37622
0 0  5.94743 5.18994 40.0444 3.78109 -5.00539 31.8386 3.87645 3.33187 0.252426 0.0380068 37674
0 0  5.93528 5.22735 40.0695 3.78301 -5.01673 31.8329 3.86911 3.33604 0.282849 0.0494856 37725
0 0  5.94111 5.23985 40.0581 3.78211 -5.02615 31.8296 3.88567 3.33563 0.290001 0.0120417 37776
0 0  6.27528 5.04266 39.435 3.01115 -6.17764 31.9287 3.61998 3.18602 0.289107 0.012471 37828
0 0  8.33369 9.30383 37.8955 2.35456 -8.49065 32.0162 3.25497 3.14239 0.287427 0.0123928 37880
0 0  8.29425 9.96811 38.3541 1.81136 -9.90661 32.4963 3.6969 3.44461 0.307616 0.0523699 37933
0 0  8.23479 10.0407 38.4762 1.75401 -9.86807 32.5421 3.81757 3.587 0.455159 0.489543 37986
0 0  8.21541 10.0626 38.5155 1.76209 -9.87034 32.5353 3.76331 3.61852 0.431181 0.564258 38036
0 0  8.21137 10.5463 38.8957 1.77707 -9.84331 32.5195 3.59396 3.4993 0.414463 0.578936 38087
0 0  8.19327 10.5189 38.8964 1.89878 -10.31 32.4731 3.50187 3.29337 0.412741 0.578492 38138
0 0  8.14631 10.55 38.984 1.9106 -10.2897 32.46 3.32287 3.2226 0.395177 0.600328 38190
0 0  8.14072 10.567 39.0058 1.91752 -10.2925 32.4545 3.25953 3.12074 0.394307 0.598532 38243
0 0  8.04238 10.5837 39.1532 1.97906 -10.2635 32.3985 3.20725 2.94091 0.385339 0.628089 38297
0 0  8.00364 10.6013 39.2224 2.03059 -10.274 32.3571 3.06509 2.82319 0.38416 0.628244 38348
0 0  8.00777 10.6052 39.2201 2.03585 -10.2744 32.3528 3.10699 2.80899 0.373978 0.624751 38399
0 0  8.4573 8.4684 37.358 0.754362 -9.03569 33.4731 2.97894 3.13614 0.368696 0.622927 38451
0 0  8.48778 8.48445 37.3338 0.469891 -8.19689 33.8329 2.9983 2.86901 0.367525 0.625621 38502
0 0  8.50049 8.52051 37.3362 0.494497 -8.20024 33.8034 2.99608 2.85581 0.462819 0.546029 38553
0 0  8.49655 8.54451 37.3504 0.520382 -8.21145 33.7719 3.03291 2.87235 0.504193 0.430923 38603
0 0  8.49247 8.55102 37.3573 0.544329 -8.20307 33.7448 3.06394 2.904 0.518139 0.36376 38654
0 0  8.49894 8.56169 37.3553 0.575054 -8.22072 33.7075 3.09736 2.91543 0.515265 0.369743 38707
0 0  8.50383 8.58739 37.3615 0.580114 -8.231 33.7007 3.05253 2.90519 0.513798 0.371942 38760
0 0  8.49311 8.59637 37.3762 0.581687 -8.24657 33.6975 2.99489 2.88024 0.513114 0.373589 38811
0 0  8.49144 8.60109 37.38 0.594133 -8.25461 33.6825 2.99233 2.87601 0.51169 0.377844 38864
0 0  8.49218 8.60444 37.3807 0.606296 -8.25132 33.6688 2.9683 2.83962 0.511065 0.378375 38915
0 0  8.49243 8.6295 37.3914 0.618656 -8.2603 33.6539 2.96192 2.84154 0.510232 0.379764 38965
0 0  8.49173 8.63306 37.3937 0.632495 -8.27715 33.6367 2.96954 2.83283 0.509622 0.381082 39016
0 0  8.50368 8.60589 37.3696 0.414507 -8.11884 33.9072 2.98256 3.12505 0.508897 0.381441 39067
0 0  8.96369 8.15512 36.7559 0.149505 -7.92637 34.2629 2.95301 2.87845 0.508559 0.382646 39121
0 0  8.96223 8.17091 36.7628 0.17005 -7.9164 34.2376 2.96237 2.90178 0.50896 0.385254 39172
0 0  8.9496 8.17592 36.7758 0.174767 -7.91109 34.2323 2.98053 2.90615 0.54584 0.389633 39225
0 0  8.95375 8.18871 36.7767 0.201633 -7.9176 34.1968 2.98668 2.91487 0.567815 0.34095 39277
0 0  8.9598 8.10737 36.7426 0.185041 -7.85572 34.227 2.98855 2.92729 0.565756 0.341057 39331
0 0  8.95868 8.10294 36.7421 0.194588 -7.84123 34.2169 3.00537 2.92829 0.565765 0.341895 39382
0 0  8.95167 8.10779 36.75 0.21274 -7.84555 34.193 2.99746 2.91955 0.564333 0.343925 39433
0 0  8.94641 8.11125 36.7559 0.21162 -7.84557 34.1944 3.00938 2.91385 0.566976 0.335148 39484
0 0  8.94027 8.11895 36.764 0.233288 -7.85368 34.1655 3.0613 2.96466 0.565795 0.33502 39535
0 0  8.94924 8.13329 36.761 0.238116 -7.85385 34.1593 3.0704 2.96013 0.564878 0.335913 39586
0 0  8.94267 8.127 36.7647 0.261465 -7.86316 34.1284 3.08984 2.99735 0.56376 0.337077 39636
0 0  8.93877 8.14109 36.7731 0.266093 -7.85808 34.1233 3.10916 3.00321 0.563511 0.339203 39688
0 0  8.94113 8.14109 36.771 0.263391 -7.86994 34.125 3.1116 3.01176 0.562601 0.34036 39743
0 0  8.29331 7.84243 37.2892 0.276249 -7.88884 34.1061 3.21489 3.0188 0.561476 0.341312 39795
0 0  6.71333 6.38166 38.8576 1.64783 -6.9133 32.8215 3.22697 3.15993 0.561631 0.341078 39848
0 0  5.68064 5.16044 40.6119 4.00108 -4.99618 31.7131 3.36509 2.91698 0.524705 0.290294 39899
0 0  5.69239 5.18203 40.5855 3.99929 -4.97018 31.7246 3.3127 2.92036 0.415346 0.100326 39951
0 0  5.701 5.19671 40.5664 4.00482 -4.98226 31.7166 3.34506 2.9274 0.26178 -0.00752394 40002
0 0  5.70208 5.23365 40.5649 4.01504 -5.00293 31.7024 3.40442 2.95996 0.257516 -0.00159946 40054
0 0  5.69912 5.24571 40.5719 4.00781 -5.00918 31.7041 3.38606 2.97696 0.25797 -0.00208142 40105
0 0  5.70327 5.26216 40.5631 4.00369 -5.03038 31.698 3.40104 2.99265 0.25732 -0.000995622 40156
0 0  5.71149 5.25861 40.5445 3.99177 -5.0386 31.7015 3.40171 3.00684 0.256728 0.00236368 40208
0 0  5.7431 5.63799 40.5016 3.96721 -5.06223 31.7063 3.59935 3.0287 0.25569 0.0024836 40259
0 0  5.77904 5.8255 40.4466 3.81938 -5.58693 31.6001 3.47263 3.13063 0.258041 0.00508184 40310
0 0  5.77889 5.86855 40.4535 3.82945 -5.6067 31.5875 3.50278 3.13072 0.258748 0.0055777 40362
0 0  5.79848 5.90457 40.4165 3.80998 -5.63985 31.5878 3.58449 3.18131 0.256307 0.0327761 40414
0 0  5.80774 5.9138 40.398 3.79513 -5.65455 31.5917 3.58303 3.21794 0.257353 0.0550893 40465
0 0  5.64523 5.74213 40.738 3.82237 -5.68469 31.5659 3.61091 3.31114 0.257211 0.0637312 40516
0 0  5.63973 5.72191 40.7482 4.02175 -5.6386 31.4675 3.61439 3.01466 0.258834 0.0676242 40568
0 0  5.65078 5.72909 40.7232 4.10032 -5.51442 31.4655 3.70395 3.28747 0.259235 0.0700128 40618
0 0  5.67571 5.75787 40.6691 4.08761 -5.52792 31.4679 3.69593 3.31921 0.240296 0.0479256 40669
0 0  5.67303 5.73582 40.6723 4.06498 -5.5286 31.4802 3.71379 3.30636 0.240969 0.102872 40720
0 0  5.68929 5.74885 40.6366 4.04872 -5.52682 31.4898 3.73749 3.32864 0.239764 0.0525051 40773
0 0  5.69727 5.76317 40.6204 4.04895 -5.53821 31.4858 3.7372 3.35407 0.24228 0.0547067 40826
0 0  5.94546 5.13856 40.0476 2.95016 -6.65808 31.845 3.4216 3.1338 0.243582 0.054367 40879
0 0  6.19369 6.44177 39.7367 1.88711 -6.9501 32.6002 3.44602 3.14113 0.244612 0.0538905 40930
0 0  10.6253 9.9675 36.2808 0.454148 -10.0801 33.8993 3.44834 3.37697 0.250541 0.0617117 40982
0 0  10.3613 9.96817 36.4613 0.286244 -10.0822 34.1057 3.51346 3.55798 0.311045 0.0594856 41033
0 0  10.3295 9.99925 36.5008 0.220944 -10.1022 34.1916 3.5251 3.57001 0.593471 0.582568 41086
0 0  10.2821 10.0385 36.5564 0.209882 -10.1188 34.2084 3.4712 3.57031 0.607695 0.643928 41138
0 0  9.38993 9.69564 37.0744 0.448507 -9.8961 33.881 3.63277 3.51458 0.601589 0.630408 41188
0 0  9.37926 9.73349 37.1047 0.502095 -9.52868 33.7809 3.55905 3.34937 0.602041 0.629455 41240
0 0  9.38013 9.75429 37.1156 0.471697 -9.53302 33.8171 3.52892 3.27748 0.559179 0.577858 41294
0 0  9.36109 9.79269 37.154 0.428276 -9.5351 33.869 3.43634 3.19198 0.544305 0.554231 41347
0 0  9.33805 9.79007 37.173 0.416367 -9.53953 33.8836 3.39556 3.14577 0.544037 0.555523 41398
0 0  9.56828 10.1576 37.189 0.367542 -9.9885 33.9912 3.10374 3.05915 0.544431 0.555323 41450
0 0  9.5585 10.1525 37.1943 0.364311 -10.0126 33.9986 3.09923 3.0436 0.543736 0.553083 41501
0 0  9.55274 10.1592 37.2035 0.36865 -10.0015 33.9917 3.06333 3.01409 0.550013 0.58333 41551
0 0  9.54072 10.1658 37.2179 0.379724 -10.0116 33.9796 3.06056 2.99276 0.551907 0.606696 41602
0 0  8.76884 9.03255 37.3029 0.37762 -9.80756 33.9561 3.02337 3.2222 0.55105 0.607762 41653
0 0  8.68098 8.73601 37.2506 0.379988 -8.37386 33.9256 3.09662 3.0109 0.550035 0.608041 41703
0 0  8.70309 8.76579 37.2423 0.392438 -8.3887 33.9094 3.09096 3.02237 0.52591 0.514747 41754
0 0  8.70036 8.7686 37.2462 0.409095 -8.39695 33.8887 3.12479 3.00691 0.52458 0.479226 41806
0 0  9.96515 8.38656 36.0381 -0.418873 -8.32419 35.0194 3.08542 3.09236 0.52843 0.394994 41857
0 0  9.96982 8.40471 36.0411 -0.39004 -8.30367 34.9772 3.09409 3.11096 0.52776 0.399429 41910
0 0  9.97621 8.42874 36.0451 -0.389341 -8.33447 34.9732 3.0863 3.13414 0.58993 0.372087 41962
0 0  9.96832 8.43504 36.053 -0.374527 -8.33486 34.9506 3.08682 3.11172 0.647314 0.394682 42015
0 0  9.93919 8.47496 36.0882 -0.395412 -8.38466 34.978 3.042 3.10038 0.645367 0.39603 42066
0 0  7.17199 7.90752 38.6583 0.637338 -8.14269 33.6436 3.24567 3.15024 0.644999 0.398762 42119
0 0  7.15442 7.90672 38.6827 1.9632 -7.43265 32.4415 3.22662 3.02455 0.643992 0.40122 42172
0 0  7.16663 7.93518 38.6774 1.92539 -7.43095 32.4738 3.26046 3.0216 0.532305 0.272556 42223
0 0  7.17061 7.92697 38.6683 1.91763 -7.42738 32.481 3.26519 3.04434 0.447245 0.351887 42273
0 0  6.28544 6.68249 39.6281 2.87927 -6.22212 32.008 3.32361 3.0477 0.382099 0.283151 42326
0 0  6.30781 6.67194 39.5853 2.88492 -6.21291 32.0066 3.36125 3.06865 0.383204 0.281635 42378
0 0  6.30894 6.67371 39.5838 2.90024 -6.22707 31.9918 3.39181 3.08371 0.345534 0.219074 42429
0 0  5.66364 5.85753 40.708 2.90557 -6.24243 31.9837 3.28314 3.12586 0.310872 0.13243 42483
0 0  5.66846 5.83508 40.6932 4.09696 -5.51722 31.4664 3.29253 3.30778 0.312266 0.134714 42533
0 0  5.68251 5.81812 40.6581 4.16233 -5.47144 31.4465 3.47119 3.15846 0.307432 0.130339 42584
0 0  5.69865 5.8334 40.6234 4.16329 -5.48122 31.4426 3.37479 3.18233 0.238772 0.0610762 42636
0 0  5.72123 5.83962 40.5731 4.17389 -5.48676 31.435 3.46002 3.23046 0.24051 0.0561456 42688
0 0  5.72083 5.82142 40.5713 4.17799 -5.4925 31.4308 3.55083 3.24518 0.241883 0.0575889 42739
0 0  5.72156 5.85116 40.5742 4.20018 -5.48634 31.421 3.57801 3.27612 0.243833 0.0602134 42790
0 0  5.7374 5.86087 40.5401 4.18959 -5.487 31.4264 3.6173 3.2795 0.246174 0.0632498 42842
0 0  5.73712 5.86129 40.5408 4.17131 -5.48969 31.4353 3.6442 3.31118 0.246182 0.0637802 42895
0 0  5.73503 5.87549 40.5477 4.17606 -5.49112 31.4323 3.66288 3.32177 0.246925 0.066352 42947
0 0  6.46471 6.78301 39.3451 4.17272 -5.49104 31.4341 3.69491 3.33351 0.247753 0.0660166 42998
0 0  6.4522 6.86269 39.3889 2.95627 -6.5072 31.8776 3.71503 3.39755 0.247996 0.0651805 43050
0 0  6.42875 6.88881 39.4366 2.96339 -6.50596 31.873 3.68699 3.40044 0.247577 0.066312 43100
0 0  6.4307 6.91797 39.442 2.97498 -6.5297 31.8591 3.67328 3.39532 0.317892 0.178389 43152
0 0  6.42347 6.92356 39.4561 2.99086 -6.53742 31.8463 3.66763 3.39651 0.319682 0.173573 43203
0 0  6.42096 6.91569 39.458 2.99571 -6.53798 31.8428 3.62696 3.3619 0.317308 0.177027 43255
0 0  6.4058 6.92322 39.4865 2.98597 -6.5418 31.8485 3.63041 3.34711 0.316763 0.176068 43308
0 0  5.80096 6.11803 40.4464 2.97969 -6.54954 31.8509 3.40613 3.32429 0.3162 0.177471 43359
0 0  5.55434 5.54418 40.9291 4.3825 -5.33178 31.3789 3.47015 3.23083 0.316263 0.1775 43410
0 0  5.54672 5.51627 40.9452 4.38514 -5.31197 31.3846 3.50932 3.21699 0.313578 0.176518 43461
0 0  5.5424 5.5271 40.957 4.41583 -5.32124 31.3655 3.53842 3.2109 0.259712 0.0916038 43512
0 0  5.54903 5.52116 40.9399 4.4169 -5.32593 31.3633 3.55355 3.23313 0.228339 0.0343028 43563
0 0  5.38621 5.23486 41.3467 4.9903 -5.0541 31.1876 3.32905 3.34447 0.226369 0.0350804 43615
0 0  5.38293 5.14712 41.3537 4.9856 -5.04387 31.1935 3.58782 3.35103 0.228207 0.0341893 43668
0 0  5.38338 5.15809 41.3526 4.96902 -5.08016 31.1874 3.60947 3.25156 0.227321 0.0354446 43719
0 0  6.61909 6.324 38.9884 2.78268 -6.13654 32.1021 3.64213 3.30795 0.205097 0.0132491 43770
0 0  6.54366 6.39842 39.1226 2.7573 -6.16326 32.1126 3.63166 3.35897 0.205694 0.0107316 43823
0 0  6.50022 6.406 39.1945 2.77237 -6.14909 32.1058 3.67751 3.38731 0.211896 0.0281674 43875
0 0  6.49374 6.4254 39.2092 2.78884 -6.13552 32.0979 3.7247 3.40459 0.344021 0.13236 43927
0 0  6.48815 6.42598 39.2185 2.81229 -6.13894 32.08 3.75482 3.43044 0.341165 0.129755 43978
0 0  6.47999 6.42881 39.2325 2.81505 -6.12987 32.0807 3.74005 3.42855 0.337574 0.129103 44029
0 0  6.35994 6.22926 39.3934 2.96799 -5.93906 32.0306 3.7254 3.45217 0.338093 0.130259 44080
0 0  6.35856 6.2473 39.3992 2.98816 -5.93727 32.0171 3.71075 3.40136 0.336711 0.129192 44131
0 0  6.35382 6.23187 39.4044 2.99652 -5.94996 32.0072 3.70389 3.42338 0.336368 0.129359 44182
0 0  6.36741 6.23946 39.3826 2.99552 -5.94801 32.0086 3.70334 3.42402 0.325749 0.108218 44234
0 0  6.38157 6.27997 39.3663 3.00046 -5.94175 32.0071 3.76228 3.42844 0.325193 0.10859 44285
0 0  7.65046 8.01588 38.0718 1.87088 -7.62919 32.4894 3.99705 3.32646 0.324882 0.108211 44337
0 0  8.70394 9.79055 37.7804 1.3037 -9.74799 32.9447 3.60325 3.47979 0.325578 0.110933 44389
0 0  8.65554 9.85358 37.8704 1.25516 -9.72583 32.9899 3.65782 3.54526 0.326459 0.115118 44440
0 0  8.59468 9.94027 37.9913 1.19731 -9.72245 33.0466 3.72009 3.58063 0.469826 0.508881 44490
0 0  8.57907 9.95551 38.0183 1.18849 -9.72705 33.0558 3.68198 3.60228 0.470749 0.567689 44542
0 0  8.72598 9.99668 37.8876 1.18064 -9.70631 32.9898 3.77976 3.53548 0.463674 0.564837 44594
0 0  9.293 10.1478 37.4255 0.647203 -10.0234 33.5947 3.36213 3.48356 0.460952 0.565549 44645
0 0  9.29461 10.1895 37.4504 0.640371 -10.0356 33.6042 3.30711 3.27242 0.470233 0.572881 44698
0 0  9.26107 10.2295 37.5074 0.624275 -10.0447 33.624 3.14221 3.15117 0.523545 0.607427 44749
0 0  7.72002 9.89627 39.0376 2.05385 -9.85078 32.2145 3.1262 3.34343 0.52245 0.610055 44801
0 0  7.57115 9.88756 39.2447 2.22143 -9.44269 32.0487 3.11721 2.94321 0.519938 0.611489 44853
0 0  7.55964 9.90157 39.2726 2.21799 -9.45126 32.0519 3.10108 2.92719 0.402694 0.517307 44905
0 0  7.57548 9.90656 39.2531 2.19598 -9.44885 32.0691 3.0937 2.90619 0.350474 0.525733 44956
0 0  7.57522 9.91861 39.2629 2.20042 -9.45695 32.0661 3.10396 2.89365 0.348969 0.525622 45008
0 0  7.62205 9.90955 39.1874 2.14935 -9.49851 32.1091 3.0823 2.91274 0.349184 0.525308 45059
0 0  7.64667 9.93371 39.1704 2.1331 -9.49913 32.1221 3.0855 2.88985 0.350369 0.526877 45110
0 0  7.65397 9.933 39.1594 2.11704 -9.49275 32.1346 3.10624 2.87752 0.35025 0.527514 45162
0 0  8.60291 8.86415 37.3837 0.879216 -8.80886 33.2653 3.02007 3.24129 0.357294 0.531995 45212
0 0  8.59451 8.90384 37.4109 0.650866 -8.58263 33.5225 3.04631 2.98939 0.359116 0.532583 45263
0 0  8.60764 8.90689 37.3991 0.65195 -8.58836 33.5211 3.07912 3.0367 0.456741 0.533152 45314
0 0  8.36664 8.7699 37.583 0.648917 -8.59452 33.5242 3.12176 3.01705 0.50919 0.422715 45366
0 0  8.37307 8.79155 37.5863 0.829245 -8.41642 33.3342 3.09898 3.01587 0.507565 0.425286 45420
0 0  8.36674 8.81046 37.602 0.842197 -8.43467 33.3191 3.07642 3.03474 0.508816 0.42709 45472
0 0  8.36571 8.81645 37.6059 0.844451 -8.42688 33.3171 3.07461 2.98384 0.488458 0.406 45524
0 0  8.36519 8.81096 37.6039 0.833041 -8.42583 33.3295 3.07624 2.99024 0.487225 0.407986 45575
0 0  8.4717 8.78237 37.479 0.768339 -8.42864 33.3998 3.0764 2.99468 0.487034 0.408126 45626
0 0  8.47872 8.77597 37.4688 0.745595 -8.4106 33.426 3.07833 2.96316 0.487223 0.407526 45676
0 0  8.47218 8.77562 37.4754 0.745106 -8.4076 33.4267 3.06219 2.94516 0.496247 0.407928 45727
0 0  8.4683 8.77506 37.4791 0.762769 -8.4187 33.4066 3.07569 2.9518 0.49866 0.407272 45778
0 0  8.47769 8.77365 37.4688 0.75215 -8.4131 33.4186 3.07654 2.95691 0.499303 0.406179 45829
0 0  8.47691 8.77646 37.4709 0.754065 -8.40526 33.417 3.09266 2.96021 0.498684 0.406495 45880
0 0  8.46546 8.7958 37.4917 0.749068 -8.42165 33.4215 3.09998 2.9676 0.498577 0.407937 45932
0 0  8.75337 10.0743 37.9097 0.907959 -9.4356 33.2494 3.07581 2.85712 0.498857 0.40717 45983
0 0  8.73929 10.0783 37.9272 0.998089 -9.82656 33.1879 3.07288 2.91326 0.497592 0.407059 46033
0 0  8.72365 10.1129 37.9669 1.02502 -9.84551 33.162 3.05985 2.87185 0.492428 0.464434 46084
0 0  8.7161 10.0989 37.9655 1.02212 -9.84418 33.1649 3.07719 2.88751 0.478149 0.552886 46135
0 0  8.67433 10.249 38.1138 1.12686 -9.93291 33.0677 3.09058 2.8244 0.47391 0.581223 46185
0 0  8.67221 10.2607 38.1244 1.18779 -9.99583 33.0142 3.08806 2.88706 0.471634 0.581538 46237
0 0  8.66393 10.2394 38.1185 1.18387 -9.97665 33.0157 3.07098 2.84784 0.464971 0.585966 46288
0 0  9.67419 10.0774 37.0478 0.516724 -10.0283 33.7468 3.01946 2.99482 0.460252 0.596106 46338
0 0  9.6462 10.0936 37.081 0.341024 -10.0281 33.959 2.99169 2.88356 0.45832 0.59939 46389
0 0  9.58907 10.116 37.1429 0.405218 -10.0188 33.879 3.03511 2.89555 0.522744 0.628358 46440
0 0  9.55237 10.1333 37.185 0.441592 -10.0201 33.8352 3.07238 2.90481 0.529051 0.630171 46490
0 0  10.2531 7.95312 35.699 0.0431585 -9.67179 34.2973 3.17326 3.20744 0.553487 0.608962 46541
0 0  6.9466 3.62669 38.55 0 0 0 1.77916 0 0.550022 0.608561 46591
0 0  12.0975 7.87515 34.6872 0.00815942 -9.64352 34.3414 3.0474 3.00136 0.665314 0.348158 46642
0 0  11.8868 7.82144 34.7655 -0.921498 -8.03842 35.8327 3.10444 3.16595 0.448858 0.104162 46694
0 0  11.7511 7.8241 34.8281 -0.968186 -8.03367 35.9217 3.17459 3.15555 0.395501 0.470953 46745
0 0  11.7216 7.8443 34.8471 -0.905038 -8.04408 35.8011 3.17127 3.21143 0.134228 0.937177 46796
0 0  6.66315 2.18767 39.4765 0 0 0 1.43921 0 0.760699 0.400163 46847
0 0  7.69031 1.70324 38.2256 0.0933339 -3.02096 37.2199 3.06238 1.27145 0.76153 0.393973 46898
0 0  11.1899 7.91701 35.1321 -0.43277 -7.45609 35.1078 3.28303 2.07296 0.496493 -0.262586 46949
0 0  11.073 7.8952 35.1892 -0.626773 -7.96209 35.3243 3.44595 3.38983 0.331917 0.365162 47001
0 0  11.0296 7.89942 35.2142 -0.661169 -7.96686 35.3813 3.41028 3.39145 0.738433 0.070613 47052
0 0  11.0409 7.89589 35.207 -0.712487 -7.96813 35.4687 3.42473 3.46493 0.707146 0.396166 47103
0 0  11.0495 7.90701 35.2054 -0.738106 -7.95634 35.515 3.45043 3.55734 0.71235 0.385806 47154
0 0  11.0615 7.90814 35.199 -0.746747 -7.96164 35.5292 3.48058 3.58359 0.71721 0.38229 47206
0 0  11.0704 7.91448 35.1959 -0.75353 -7.95402 35.5423 3.51057 3.62461 0.718861 0.381142 47258
0 0  11.2665 7.67068 35.0275 -0.75353 -7.95402 35.5423 3.4846 3.62461 0.718861 0.381142 47309
0 0  11.2665 7.67068 35.0275 -0.75353 -7.95402 35.5423 3.4846 3.62461 0.718861 0.381142 47360
0 0  11.2665 7.67068 35.0275 -0.75353 -7.95402 35.5423 3.4846 3.62461 0.718861 0.381142 47411
0 0  11.2665 7.67068 35.0275 -0.75353 -7.95402 35.5423 3.4846 3.62461 0.718861 0.381142 47462
0 0  11.2665 7.67068 35.0275 -0.75353 -7.95402 35.5423 3.4846 3.62461 0.718861 0.381142 47513
0 0  11.2665 7.67068 35.0275 -0.75353 -7.95402 35.5423 3.4846 3.62461 0.718861 0.381142 47564
0 0  11.2665 7.67068 35.0275 -0.75353 -7.95402 35.5423 3.4846 3.62461 0.718861 0.381142 47615
0 0  11.2665 7.67068 35.0275 -0.75353 -7.95402 35.5423 3.4846 3.62461 0.718861 0.381142 47667
0 0  11.2665 7.67068 35.0275 -0.75353 -7.95402 35.5423 3.4846 3.62461 0.718861 0.381142 47718
0 0  11.2665 7.67068 35.0275 -0.75353 -7.95402 35.5423 3.4846 3.62461 0.718861 0.381142 47769
0 0  11.2665 7.67068 35.0275 -0.75353 -7.95402 35.5423 3.4846 3.62461 0.718861 0.381142 47819
0 0  11.2665 7.67068 35.0275 -0.75353 -7.95402 35.5423 3.4846 3.62461 0.718861 0.381142 47870
0 0  11.2665 7.67068 35.0275 -0.75353 -7.95402 35.5423 3.4846 3.62461 0.718861 0.381142 47920
0 0  11.2665 7.67068 35.0275 -0.75353 -7.95402 35.5423 3.4846 3.62461 0.718861 0.381142 47971
0 0  11.2665 7.67068 35.0275 -0.75353 -7.95402 35.5423 3.4846 3.62461 0.718861 0.381142 48021
0 0  11.2665 7.67068 35.0275 -0.75353 -7.95402 35.5423 3.4846 3.62461 0.718861 0.381142 48073
0 0  11.2665 7.67068 35.0275 -0.75353 -7.95402 35.5423 3.4846 3.62461 0.718861 0.381142 48124
0 0  11.2665 7.67068 35.0275 -0.75353 -7.95402 35.5423 3.4846 3.62461 0.718861 0.381142 48176
0 0  11.2665 7.67068 35.0275 -0.75353 -7.95402 35.5423 3.4846 3.62461 0.718861 0.381142 48227
0 0  11.2665 7.67068 35.0275 -0.75353 -7.95402 35.5423 3.4846 3.62461 0.718861 0.381142 48278
0 0  11.2665 7.67068 35.0275 -0.75353 -7.95402 35.5423 3.4846 3.62461 0.718861 0.381142 48328
0 0  11.2665 7.67068 35.0275 -0.75353 -7.95402 35.5423 3.4846 3.62461 0.718861 0.381142 48379
0 0  11.2665 7.67068 35.0275 -0.75353 -7.95402 35.5423 3.4846 3.62461 0.718861 0.381142 48430
0 0  11.2665 7.67068 35.0275 -0.75353 -7.95402 35.5423 3.4846 3.62461 0.718861 0.381142 48480
0 0  11.2665 7.67068 35.0275 -0.75353 -7.95402 35.5423 3.4846 3.62461 0.718861 0.381142 48530
0 0  11.2665 7.67068 35.0275 -0.75353 -7.95402 35.5423 3.4846 3.62461 0.718861 0.381142 48581
0 0  11.2665 7.67068 35.0275 -0.75353 -7.95402 35.5423 3.4846 3.62461 0.718861 0.381142 48633
0 0  11.2665 7.67068 35.0275 -0.75353 -7.95402 35.5423 3.4846 3.62461 0.718861 0.381142 48684
0 0  11.2665 7.67068 35.0275 -0.75353 -7.95402 35.5423 3.4846 3.62461 0.718861 0.381142 48734
0 0  11.2665 7.67068 35.0275 -0.75353 -7.95402 35.5423 3.4846 3.62461 0.718861 0.381142 48786
0 0  11.2665 7.67068 35.0275 -0.75353 -7.95402 35.5423 3.4846 3.62461 0.718861 0.381142 48837
0 0  11.2665 7.67068 35.0275 -0.75353 -7.95402 35.5423 3.4846 3.62461 0.718861 0.381142 48889
0 0  11.2665 7.67068 35.0275 -0.75353 -7.95402 35.5423 3.4846 3.62461 0.718861 0.381142 48940
0 0  11.2665 7.67068 35.0275 -0.75353 -7.95402 35.5423 3.4846 3.62461 0.718861 0.381142 48990
0 0  11.2665 7.67068 35.0275 -0.75353 -7.95402 35.5423 3.4846 3.62461 0.718861 0.381142 49041
0 0  11.2665 7.67068 35.0275 -0.75353 -7.95402 35.5423 3.4846 3.62461 0.718861 0.381142 49091
0 0  11.2665 7.67068 35.0275 -0.75353 -7.95402 35.5423 3.4846 3.62461 0.718861 0.381142 49143
0 0  11.2665 7.67068 35.0275 -0.75353 -7.95402 35.5423 3.4846 3.62461 0.718861 0.381142 49195
0 0  11.2665 7.67068 35.0275 -0.75353 -7.95402 35.5423 3.4846 3.62461 0.718861 0.381142 49246
0 0  11.2665 7.67068 35.0275 -0.75353 -7.95402 35.5423 3.4846 3.62461 0.718861 0.381142 49297
0 0  11.2665 7.67068 35.0275 -0.75353 -7.95402 35.5423 3.4846 3.62461 0.718861 0.381142 49348
0 0  11.2665 7.67068 35.0275 -0.75353 -7.95402 35.5423 3.4846 3.62461 0.718861 0.381142 49398
0 0  11.2665 7.67068 35.0275 -0.75353 -7.95402 35.5423 3.4846 3.62461 0.718861 0.381142 49450
0 0  11.2665 7.67068 35.0275 -0.75353 -7.95402 35.5423 3.4846 3.62461 0.718861 0.381142 49502
0 0  11.2665 7.67068 35.0275 -0.75353 -7.95402 35.5423 3.4846 3.62461 0.718861 0.381142 49553
0 0  11.2665 7.67068 35.0275 -0.75353 -7.95402 35.5423 3.4846 3.62461 0.718861 0.381142 49603
0 0  11.2665 7.67068 35.0275 -0.75353 -7.95402 35.5423 3.4846 3.62461 0.718861 0.381142 49655
0 0  11.2665 7.67068 35.0275 -0.75353 -7.95402 35.5423 3.4846 3.62461 0.718861 0.381142 49706
0 0  11.2665 7.67068 35.0275 -0.75353 -7.95402 35.5423 3.4846 3.62461 0.718861 0.381142 49758
0 0  11.2665 7.67068 35.0275 -0.75353 -7.95402 35.5423 3.4846 3.62461 0.718861 0.381142 49810
0 0  11.2665 7.67068 35.0275 -0.75353 -7.95402 35.5423 3.4846 3.62461 0.718861 0.381142 49861
0 0  11.2665 7.67068 35.0275 -0.75353 -7.95402 35.5423 3.4846 3.62461 0.718861 0.381142 49912
0 0  11.2665 7.67068 35.0275 -0.75353 -7.95402 35.5423 3.4846 3.62461 0.718861 0.381142 49963
0 0  11.2665 7.67068 35.0275 -0.75353 -7.95402 35.5423 3.4846 3.62461 0.718861 0.381142 50015
0 0  11.2665 7.67068 35.0275 -0.75353 -7.95402 35.5423 3.4846 3.62461 0.718861 0.381142 50067
0 0  11.2665 7.67068 35.0275 -0.75353 -7.95402 35.5423 3.4846 3.62461 0.718861 0.381142 50118
0 0  11.2665 7.67068 35.0275 -0.75353 -7.95402 35.5423 3.4846 3.62461 0.718861 0.381142 50169
0 0  11.2665 7.67068 35.0275 -0.75353 -7.95402 35.5423 3.4846 3.62461 0.718861 0.381142 50219
0 0  11.2665 7.67068 35.0275 -0.75353 -7.95402 35.5423 3.4846 3.62461 0.718861 0.381142 50270
0 0  11.2665 7.67068 35.0275 -0.75353 -7.95402 35.5423 3.4846 3.62461 0.718861 0.381142 50321
0 0  11.2665 7.67068 35.0275 -0.75353 -7.95402 35.5423 3.4846 3.62461 0.718861 0.381142 50371
0 0  11.2665 7.67068 35.0275 -0.75353 -7.95402 35.5423 3.4846 3.62461 0.718861 0.381142 50423
0 0  11.2665 7.67068 35.0275 -0.75353 -7.95402 35.5423 3.4846 3.62461 0.718861 0.381142 50475
0 0  11.2665 7.67068 35.0275 -0.75353 -7.95402 35.5423 3.4846 3.62461 0.718861 0.381142 50526
0 0  11.2665 7.67068 35.0275 -0.75353 -7.95402 35.5423 3.4846 3.62461 0.718861 0.381142 50577
0 0  11.2665 7.67068 35.0275 -0.75353 -7.95402 35.5423 3.4846 3.62461 0.718861 0.381142 50628
0 0  11.2665 7.67068 35.0275 -0.75353 -7.95402 35.5423 3.4846 3.62461 0.718861 0.381142 50680
0 0  11.2665 7.67068 35.0275 -0.75353 -7.95402 35.5423 3.4846 3.62461 0.718861 0.381142 50731
0 0  11.2665 7.67068 35.0275 -0.75353 -7.95402 35.5423 3.4846 3.62461 0.718861 0.381142 50782
0 0  11.2665 7.67068 35.0275 -0.75353 -7.95402 35.5423 3.4846 3.62461 0.718861 0.381142 50833
0 0  11.2665 7.67068 35.0275 -0.75353 -7.95402 35.5423 3.4846 3.62461 0.718861 0.381142 50884
0 0  11.2665 7.67068 35.0275 -0.75353 -7.95402 35.5423 3.4846 3.62461 0.718861 0.381142 50935
0 0  11.2665 7.67068 35.0275 -0.75353 -7.95402 35.5423 3.4846 3.62461 0.718861 0.381142 50987
0 0  11.2665 7.67068 35.0275 -0.75353 -7.95402 35.5423 3.4846 3.62461 0.718861 0.381142 51038
0 0  11.2665 7.67068 35.0275 -0.75353 -7.95402 35.5423 3.4846 3.62461 0.718861 0.381142 51088
0 0  11.2665 7.67068 35.0275 -0.75353 -7.95402 35.5423 3.4846 3.62461 0.718861 0.381142 51139
0 0  11.2665 7.67068 35.0275 -0.75353 -7.95402 35.5423 3.4846 3.62461 0.718861 0.381142 51192
0 0  11.2665 7.67068 35.0275 -0.75353 -7.95402 35.5423 3.4846 3.62461 0.718861 0.381142 51243
0 0  11.2665 7.67068 35.0275 -0.75353 -7.95402 35.5423 3.4846 3.62461 0.718861 0.381142 51295
0 0  11.2665 7.67068 35.0275 -0.75353 -7.95402 35.5423 3.4846 3.62461 0.718861 0.381142 51347
0 0  11.2665 7.67068 35.0275 -0.75353 -7.95402 35.5423 3.4846 3.62461 0.718861 0.381142 51398
0 0  11.2665 7.67068 35.0275 -0.75353 -7.95402 35.5423 3.4846 3.62461 0.718861 0.381142 51449
0 0  11.2665 7.67068 35.0275 -0.75353 -7.95402 35.5423 3.4846 3.62461 0.718861 0.381142 51499
0 0  11.2665 7.67068 35.0275 -0.75353 -7.95402 35.5423 3.4846 3.62461 0.718861 0.381142 51550
0 0  11.2665 7.67068 35.0275 -0.75353 -7.95402 35.5423 3.4846 3.62461 0.718861 0.381142 51601
0 0  11.2665 7.67068 35.0275 -0.75353 -7.95402 35.5423 3.4846 3.62461 0.718861 0.381142 51652
0 0  11.2665 7.67068 35.0275 -0.75353 -7.95402 35.5423 3.4846 3.62461 0.718861 0.381142 51703
0 0  11.2665 7.67068 35.0275 -0.75353 -7.95402 35.5423 3.4846 3.62461 0.718861 0.381142 51754
0 0  11.2665 7.67068 35.0275 -0.75353 -7.95402 35.5423 3.4846 3.62461 0.718861 0.381142 51805
0 0  11.2665 7.67068 35.0275 -0.75353 -7.95402 35.5423 3.4846 3.62461 0.718861 0.381142 51856
0 0  11.2665 7.67068 35.0275 -0.75353 -7.95402 35.5423 3.4846 3.62461 0.718861 0.381142 51908
0 0  11.2665 7.67068 35.0275 -0.75353 -7.95402 35.5423 3.4846 3.62461 0.718861 0.381142 51959
0 0  11.2665 7.67068 35.0275 -0.75353 -7.95402 35.5423 3.4846 3.62461 0.718861 0.381142 52010
0 0  11.2665 7.67068 35.0275 -0.75353 -7.95402 35.5423 3.4846 3.62461 0.718861 0.381142 52060
0 0  11.2665 7.67068 35.0275 -0.75353 -7.95402 35.5423 3.4846 3.62461 0.718861 0.381142 52112
0 0  11.2665 7.67068 35.0275 -0.75353 -7.95402 35.5423 3.4846 3.62461 0.718861 0.381142 52163
0 0  11.2665 7.67068 35.0275 -0.75353 -7.95402 35.5423 3.4846 3.62461 0.718861 0.381142 52213
0 0  11.2665 7.67068 35.0275 -0.75353 -7.95402 35.5423 3.4846 3.62461 0.718861 0.381142 52264
