14 15.35 0 0 0 0 0 0 0 0 0 4.75863 1.98616 28.8207 14.5728 -11.4052 58.78 2.78107 5.56366 0.829714 0.776251 7653
14 15.35 0 0 0 0 0 0 0 0 0 4.73948 2.01463 28.8397 14.7495 -12.03 59.3473 2.78529 5.61237 0.832721 0.782519 7706
16 15.35 0 0 0 0 0 0 0 0 0 4.72752 2.03159 28.8515 14.8331 -11.9852 59.2176 2.79685 5.58591 0.834603 0.786229 7758
16 15.35 0 0 0 0 0 0 0 0 0 4.76516 2.05251 28.8271 10.2299 -7.53374 61.1527 2.83557 5.58051 0.830579 0.796071 7811
19 15.35 0 0 0 0 0 0 0 0 0 4.94993 2.2407 28.7267 11.244 -8.50836 60.0216 2.92384 5.57897 0.813784 0.864802 7865
19 15.35 0 0 0 0 0 0 0 0 0 4.75846 3.42636 29.1749 12.317 -9.97036 59.7503 2.83 5.62322 0.859089 1.17082 7917
19 15.35 0 0 0 0 0 0 0 0 0 4.57049 3.33042 29.2913 12.1212 -9.73678 59.7907 2.85442 5.44807 0.87315 1.15115 7969
19 15.35 0 0 0 0 0 0 0 0 0 4.51974 3.32946 29.3319 11.9498 -9.79944 60.1022 2.85347 5.4975 0.887671 1.13797 8023
23 15.35 0 0 0 0 0 0 0 0 0 4.47258 3.31629 29.3661 11.8785 -9.88333 60.3005 2.79363 5.48891 0.892833 1.13038 8076
25 15.35 0 0 0 0 0 0 0 0 0 4.45252 3.32391 29.385 11.8291 -9.8894 60.3857 2.80367 5.47252 0.893854 1.12809 8130
25 15.35 0 0 0 0 0 0 0 0 0 3.84203 2.779 29.7549 13.6846 -9.13471 57.632 2.81951 5.2907 0.981122 0.905599 8184
25 15.35 0.271968 0.567702 0.41993 5.26408 0.031946 4.01331E-05 1.95021 0.00551391 -5.40933 3.14749 2.33192 30.3358 13.7476 -9.14497 57.5858 2.86106 5.33061 -4.29581 -0.577818 8237
25 15.35 5.03321 1.12452 0.423472 43.2765 0.106017 0.000003744 22.4191 0.000661931 -17.9702 3.14247 2.35434 30.3467 13.6845 -9.22305 57.6894 2.86415 5.35029 -4.213 -0.450839 8290
27 15.35 0.739331 0.721831 0.416106 11.4869 0.0474375 1.77446E-05 4.65719 0.00274959 -9.81352 3.13431 2.35911 30.3567 13.6849 -9.26573 57.7173 2.85094 5.31121 -6.94998 -0.982132 8340
27 15.35 0.195456 0.537435 0.418345 4.11075 0.027232 5.03092E-05 1.45281 0.00729734 -4.33604 3.11688 2.34437 30.3721 13.682 -9.2962 57.74 2.89775 5.36474 0.852111 -0.178171 8390
26 15.35 0.964435 0.768078 0.415263 15.0931 0.0524626 0.000014385 5.80238 0.00229445 -11.0108 3.12161 2.34373 30.3668 13.6967 -9.29023 57.7235 2.91196 5.46223 -8.2372 -1.07215 8448
26 15.35 1.23037 0.812005 0.418156 19.6554 0.0577317 1.18164E-05 7.17992 0.00192041 -12.0201 3.11492 2.35679 30.3773 13.6916 -9.30839 57.7401 2.95463 5.51818 0.85202 -0.177846 8499
26 15.35 1.89631 0.895445 0.416631 24.9322 0.0694284 8.38072E-06 10.2635 0.00139545 -13.8489 3.12104 2.3456 30.3679 13.1705 -9.14595 58.1025 2.96487 5.95642 0.851756 -0.177001 8555
26 15.35 1.99555 0.902357 0.412728 26.4522 0.0705697 8.15545E-06 10.5271 0.00135851 -14.134 4.6744 2.72594 29.0374 10.9748 -8.72653 60.6744 3.11851 5.8426 -0.287479 1.11553 8611
47 56.6 0.00015791 0.00107188 0.00750834 99.2878 0.000208722 98.5517 6.33738E-06 1.25436 91.7463 3.66177 1.21721 32.7861 4.12121 -4.82181 36.3775 3.78118 3.96699 1.01054 0.650119 73239
47 56.6 0.00015791 0.00107188 0.00750834 99.2878 0.000208722 98.5517 6.33738E-06 1.25436 91.7463 3.67386 1.19586 32.7723 4.07923 -4.75696 36.3779 3.79488 3.97727 0.982004 0.375642 73292
48 56.6 0.00015791 0.00107188 0.00750834 99.2878 0.000208722 98.5517 6.33738E-06 1.25436 91.7463 3.72628 1.11988 32.7152 4.67671 -6.02516 36.8574 3.79651 3.9738 0.967803 0.365641 73349
48 56.6 0.00015791 0.00107188 0.00750834 99.2878 0.000208722 98.5517 6.33738E-06 1.25436 91.7463 3.75672 1.14105 32.6891 2.95817 -4.74009 26.3777 3.77031 3.97514 0.964242 0.379758 73406
45 56.6 0.00015791 0.00107188 0.00750834 99.2878 0.000208722 98.5517 6.33738E-06 1.25436 91.7463 3.7334 1.16559 32.7133 3.99722 -5.42305 25.9152 3.80895 3.98627 0.969774 0.381427 73463
45 56.6 0.00015791 0.00107188 0.00750834 99.2878 0.000208722 98.5517 6.33738E-06 1.25436 91.7463 3.30474 1.89408 33.2458 3.42068 -4.97216 26.048 3.79181 3.98355 0.744985 0.501379 73513
18 63.16 0.00015791 0.00107188 0.00750834 99.2878 0.000208722 98.5517 6.33738E-06 1.25436 91.7463 3.0181 0.776268 33.4008 3.69637 -5.06466 25.8264 3.8082 3.98644 0.834015 0.269216 73566
18 63.16 0.00015791 0.00107188 0.00750834 99.2878 0.000208722 98.5517 6.33738E-06 1.25436 91.7463 3.00554 0.775651 33.4145 3.71382 -5.0921 25.8383 3.79519 3.98321 0.839382 0.241545 73620
12 63.16 0.00015791 0.00107188 0.00750834 99.2878 0.000208722 98.5517 6.33738E-06 1.25436 91.7463 2.97939 0.755213 33.442 3.77861 -5.14743 25.829 3.79257 3.98763 0.768903 0.29225 73672
12 63.16 0.00015791 0.00107188 0.00750834 99.2878 0.000208722 98.5517 6.33738E-06 1.25436 91.7463 2.95872 0.385056 33.4493 3.81112 -5.17529 25.8249 3.7816 3.98819 0.823047 -0.185553 73728
19 63.16 0.00015791 0.00107188 0.00750834 99.2878 0.000208722 98.5517 6.33738E-06 1.25436 91.7463 2.93175 0.238661 33.4779 3.18847 -4.76544 26.0982 3.81159 3.98323 0.803194 0.179649 73785
29 63.16 0.00015791 0.00107188 0.00750834 99.2878 0.000208722 98.5517 6.33738E-06 1.25436 91.7463 2.90508 0.286014 33.508 3.24963 -4.67456 25.9163 3.78662 3.98294 0.740968 -0.0152952 73840
29 63.16 0.00015791 0.00107188 0.00750834 99.2878 0.000208722 98.5517 6.33738E-06 1.25436 91.7463 2.95568 0.330937 33.4519 4.14385 -5.16017 25.4485 3.78742 3.98616 0.841051 -0.226447 73894
33 63.1 0.00015791 0.00107188 0.00750834 99.2878 0.000208722 98.5517 6.33738E-06 1.25436 91.7463 2.64195 0.785324 33.834 3.76408 -4.16194 24.8375 3.77723 3.97821 0.815111 0.178351 73947
33 63.1 0.00015791 0.00107188 0.00750834 99.2878 0.000208722 98.5517 6.33738E-06 1.25436 91.7463 2.75582 0.275703 33.6791 3.57018 -4.85117 25.7286 3.79007 3.98262 0.810725 -0.170599 74002
43 63.16 0.00015791 0.00107188 0.00750834 99.2878 0.000208722 98.5517 6.33738E-06 1.25436 91.7463 3.16341 0.300555 33.2266 3.05202 -4.92745 26.4806 3.82142 3.99216 0.456159 0.628787 74159
43 63.16 0.00015791 0.00107188 0.00750834 99.2878 0.000208722 98.5517 6.33738E-06 1.25436 91.7463 3.47456 0.686123 32.922 3.20998 -4.73963 26.0404 3.80373 3.96874 0.701772 0.0761267 74210
43 63 0.00015791 0.00107188 0.00750834 99.2878 0.000208722 98.5517 6.33738E-06 1.25436 91.7463 3.52319 0.665808 32.8735 3.16699 -3.28115 24.7291 3.81728 2.34977 0.82315 -0.248077 74262
43 63 0.00015791 0.00107188 0.00750834 99.2878 0.000208722 98.5517 6.33738E-06 1.25436 91.7463 3.54873 0.665279 32.8488 2.71893 -2.38462 24.5993 3.80012 3.94458 0.814511 -0.233274 74315
10 66.67 0.00015791 0.00107188 0.00750834 99.2878 0.000208722 98.5517 6.33738E-06 1.25436 91.7463 3.55494 0.472258 32.8353 2.68249 -2.39322 24.6448 3.79051 3.84733 0.948302 0.149231 74646
10 66.67 0.00015791 0.00107188 0.00750834 99.2878 0.000208722 98.5517 6.33738E-06 1.25436 91.7463 3.513 0.34292 32.8732 3.23849 -4.28393 25.5173 3.82959 3.83656 0.945133 0.110102 74699
12 66.67 0.00015791 0.00107188 0.00750834 99.2878 0.000208722 98.5517 6.33738E-06 1.25436 91.7463 3.991 0.76429 32.4484 4.22971 -4.41556 24.6236 3.83815 3.85243 1.02483 0.460507 74751
12 66.67 0.00015791 0.00107188 0.00750834 99.2878 0.000208722 98.5517 6.33738E-06 1.25436 91.7463 3.99601 0.834526 32.4484 3.62338 -4.54203 25.3414 3.7817 3.8498 0.909975 0.349432 74803
26 66.67 0.000112423 0.00143476 0.00583549 99.1978 0.00010813 98.5413 4.39822E-06 1.3685 88.2934 4.164 0.622352 32.2931 3.6345 -4.69842 25.4902 3.81138 3.85828 0.917697 0.341285 74854
26 66.67 0.000112423 0.00143476 0.00583549 99.1978 0.00010813 98.5413 4.39822E-06 1.3685 88.2934 3.80308 1.71965 32.7254 3.17202 -4.53245 25.856 3.83072 3.84834 0.993856 0.583799 74922
43 66.67 0.000112423 0.00143476 0.00583549 99.1978 0.00010813 98.5413 4.39822E-06 1.3685 88.2934 4.20399 0.761585 32.2667 3.77414 -3.94236 24.6396 3.8231 3.85463 0.882233 0.382628 74973
43 66.67 0.000112423 0.00143476 0.00583549 99.1978 0.00010813 98.5413 4.39822E-06 1.3685 88.2934 4.24817 0.775966 32.2309 4.40832 -4.69017 24.716 3.82946 3.87423 0.879205 0.376716 75026
44 66.67 0.000112423 0.00143476 0.00583549 99.1978 0.00010813 98.5413 4.39822E-06 1.3685 88.2934 4.3424 0.902732 32.1623 3.99714 -4.11324 24.5727 3.81712 3.85049 0.873265 0.43321 75079
44 66.67 0.000112423 0.00143476 0.00583549 99.1978 0.00010813 98.5413 4.39822E-06 1.3685 88.2934 4.3892 0.914391 32.1255 4.0332 -4.12337 24.5481 3.8208 3.8628 0.867644 0.44291 75129
48 66.67 0.000112423 0.00143476 0.00583549 99.1978 0.00010813 98.5413 4.39822E-06 1.3685 88.2934 3.74208 0.0989769 32.6568 3.65813 -4.12778 24.9134 3.83358 3.84109 0.857008 0.467642 75185
34 66.67 0.000112423 0.00143476 0.00583549 99.1978 0.00010813 98.5413 4.39822E-06 1.3685 88.2934 3.72017 0.0148088 32.6787 3.74752 -4.23164 24.9162 3.8058 3.8513 0.901194 0.0955013 75247
34 66.67 0.000112423 0.00143476 0.00583549 99.1978 0.00010813 98.5413 4.39822E-06 1.3685 88.2934 3.73789 -0.0512933 32.6642 4.18823 -3.84103 24.1836 3.84871 3.8538 0.898465 0.0931746 75300
13 66.67 0.000112423 0.00143476 0.00583549 99.1978 0.00010813 98.5413 4.39822E-06 1.3685 88.2934 3.7468 -0.0128086 32.6548 4.43125 -3.60794 23.8128 3.83094 3.84735 0.899587 0.103407 75355
13 66.67 0.000112423 0.00143476 0.00583549 99.1978 0.00010813 98.5413 4.39822E-06 1.3685 88.2934 3.75192 -0.0465336 32.6511 4.52184 -3.56565 23.713 3.85296 3.8559 0.894756 0.0915738 75412
19 66.67 0.000112423 0.00143476 0.00583549 99.1978 0.00010813 98.5413 4.39822E-06 1.3685 88.2934 3.76025 0.00107864 32.6421 3.13907 -3.06561 24.6013 3.82164 1.47261 0.898526 0.108422 75467
19 66.67 0.000112423 0.00143476 0.00583549 99.1978 0.00010813 98.5413 4.39822E-06 1.3685 88.2934 3.88589 1.26138 32.5847 3.49675 -4.23558 25.1804 3.81211 3.79786 0.827365 -0.232679 75519
24 66.67 0.000112423 0.00143476 0.00583549 99.1978 0.00010813 98.5413 4.39822E-06 1.3685 88.2934 5.0626 0.535273 31.6055 3.55949 -3.92428 24.8367 3.8177 3.80237 0.827691 -0.243553 75570
24 66.67 0.000112423 0.00143476 0.00583549 99.1978 0.00010813 98.5413 4.39822E-06 1.3685 88.2934 5.03325 0.537409 31.6259 3.49524 -3.81963 24.8141 3.83125 3.77206 0.821068 -0.228664 75622
21 66.67 0.000112423 0.00143476 0.00583549 99.1978 0.00010813 98.5413 4.39822E-06 1.3685 88.2934 4.99641 0.662124 31.6562 3.5817 -3.81219 24.7206 3.77296 3.77063 0.825952 -0.242421 75686
18 66.67 0.000112423 0.00143476 0.00583549 99.1978 0.00010813 98.5413 4.39822E-06 1.3685 88.2934 4.94163 0.67054 31.6952 3.49074 -3.79433 24.7977 3.77958 3.78335 0.798916 0.490404 75742
18 66.67 0.000112423 0.00143476 0.00583549 99.1978 0.00010813 98.5413 4.39822E-06 1.3685 88.2934 4.90817 0.67992 31.7194 2.6791 -2.93337 25.0134 3.78774 2.22803 0.789714 -0.169332 75794
32 66.67 0.000112423 0.00143476 0.00583549 99.1978 0.00010813 98.5413 4.39822E-06 1.3685 88.2934 4.65074 0.929273 31.9232 2.73704 -2.99067 24.9881 3.80614 2.13992 0.832876 0.506841 75846
32 66.67 0.000112423 0.00143476 0.00583549 99.1978 0.00010813 98.5413 4.39822E-06 1.3685 88.2934 4.68004 0.841875 31.8952 2.73959 -3.00413 24.9951 3.83913 2.13957 0.827395 0.489441 75904
35 66.67 0.000112423 0.00143476 0.00583549 99.1978 0.00010813 98.5413 4.39822E-06 1.3685 88.2934 4.65353 0.886256 31.9181 4.33559 -4.4463 24.557 3.8365 3.64581 0.831375 0.496215 75964
35 66.67 0.000112423 0.00143476 0.00583549 99.1978 0.00010813 98.5413 4.39822E-06 1.3685 88.2934 4.64684 0.941535 31.9271 4.14299 -4.18479 24.5007 3.81139 3.64631 0.836522 0.49905 76023
31 66.67 0.000112423 0.00143476 0.00583549 99.1978 0.00010813 98.5413 4.39822E-06 1.3685 88.2934 4.67102 0.960751 31.9103 4.18628 -4.20625 24.4803 3.80204 3.64385 0.831586 0.518439 76077
31 66.67 0.000112423 0.00143476 0.00583549 99.1978 0.00010813 98.5413 4.39822E-06 1.3685 88.2934 4.71986 1.00036 31.8768 4.1766 -4.25068 24.5268 3.78533 3.64312 0.829533 0.527574 76128
17 75 0.000112423 0.00143476 0.00583549 99.1978 0.00010813 98.5413 4.39822E-06 1.3685 88.2934 4.85193 0.764824 32.9079 4.20776 -3.8423 24.168 3.78101 3.6002 0.803037 0.535103 76353
17 75 0.000112423 0.00143476 0.00583549 99.1978 0.00010813 98.5413 4.39822E-06 1.3685 88.2934 5.0433 0.660134 32.7703 4.1317 -3.94 24.3098 3.79668 3.60042 0.7883 0.531906 76413
18 75 0.000112423 0.00143476 0.00583549 99.1978 0.00010813 98.5413 4.39822E-06 1.3685 88.2934 4.98097 0.663276 32.8127 3.97397 -4.04094 24.5334 3.82848 3.61452 0.785525 0.537702 76465
18 75 0.000112423 0.00143476 0.00583549 99.1978 0.00010813 98.5413 4.39822E-06 1.3685 88.2934 5.02088 0.666471 32.7858 4.00023 -4.04473 24.5125 3.84195 3.60544 0.787347 0.53606 76519
21 75 0.000112423 0.00143476 0.00583549 99.1978 0.00010813 98.5413 4.39822E-06 1.3685 88.2934 4.98968 0.792877 32.8143 4.09952 -4.06942 24.4431 3.78772 3.61374 0.791938 0.561307 76577
30 75 0.000112423 0.00143476 0.00583549 99.1978 0.00010813 98.5413 4.39822E-06 1.3685 88.2934 4.40333 1.0189 33.2589 3.02883 -3.06086 24.7144 3.82747 2.53458 0.891017 0.691635 76634
30 75 0.000112423 0.00143476 0.00583549 99.1978 0.00010813 98.5413 4.39822E-06 1.3685 88.2934 4.38271 1.11275 33.284 3.00776 -2.53888 24.3876 3.81116 3.57301 0.859844 0.546026 76687
36 75 0.000112423 0.00143476 0.00583549 99.1978 0.00010813 98.5413 4.39822E-06 1.3685 88.2934 4.37435 1.13654 33.293 2.86164 -2.47575 24.5014 3.79969 3.56853 0.863472 0.556513 76739
36 75 0.000112423 0.00143476 0.00583549 99.1978 0.00010813 98.5413 4.39822E-06 1.3685 88.2934 4.35621 1.18526 33.3124 1.29526 -1.32736 10.5435 3.79855 1.0912 0.797597 -0.238365 76801
36 75 0.000112423 0.00143476 0.00583549 99.1978 0.00010813 98.5413 4.39822E-06 1.3685 88.2934 4.33619 1.23556 33.3339 1.29737 -1.35099 10.5583 3.81394 1.10148 0.869608 0.572828 76852
36 75 6.10838E-05 0.00186622 0.00783395 94.0903 0.000374722 68.4822 0.000106138 0.329229 72.3975 4.32548 1.2613 33.3453 1.29279 -1.35245 10.5638 3.79969 1.10162 0.874185 0.58414 76905
36 75 6.10838E-05 0.00186622 0.00783395 94.0903 0.000374722 68.4822 0.000106138 0.329229 72.3975 4.3027 1.31396 33.3698 1.29092 -1.3512 10.5647 3.80973 1.11575 0.798547 -0.240178 76957
36 75 6.10838E-05 0.00186622 0.00783395 94.0903 0.000374722 68.4822 0.000106138 0.329229 72.3975 3.96082 1.81744 33.7314 1.40679 -1.34323 10.4486 3.82896 1.06767 0.794306 -0.22874 77012
36 75 6.10838E-05 0.00186622 0.00783395 94.0903 0.000374722 68.4822 0.000106138 0.329229 72.3975 3.73437 1.65272 33.9032 1.42817 -2.31947 11.2165 3.82687 3.01439 0.963162 0.600661 77064
36 75 6.10838E-05 0.00186622 0.00783395 94.0903 0.000374722 68.4822 0.000106138 0.329229 72.3975 3.63447 1.37769 33.9522 0.968234 -2.38769 11.7962 3.80621 3.01779 0.810258 -0.223382 77116
19 66.67 6.10838E-05 0.00186622 0.00783395 94.0903 0.000374722 68.4822 0.000106138 0.329229 72.3975 3.94907 1.42994 33.6784 0.90823 -2.34117 11.8217 3.82692 3.03262 0.795735 -0.190961 77168
19 66.67 6.10838E-05 0.00186622 0.00783395 94.0903 0.000374722 68.4822 0.000106138 0.329229 72.3975 5.18743 1.35912 32.7343 1.5602 -2.16299 10.9435 3.83149 2.9433 0.803496 -0.258239 77226
30 66.67 6.10838E-05 0.00186622 0.00783395 94.0903 0.000374722 68.4822 0.000106138 0.329229 72.3975 5.15908 1.40581 32.7587 1.14721 -1.3623 10.7145 3.83598 0.990189 0.803677 -0.25343 77278
36 66.6 6.10838E-05 0.00186622 0.00783395 94.0903 0.000374722 68.4822 0.000106138 0.329229 72.3975 5.10142 1.42467 32.7995 1.14583 -1.35507 10.7106 3.78915 1.02123 0.803563 -0.253337 77331
36 66.6 6.10838E-05 0.00186622 0.00783395 94.0903 0.000374722 68.4822 0.000106138 0.329229 72.3975 4.52157 1.45957 33.2184 1.30792 -1.34708 10.5453 3.83586 1.1368 0.797901 -0.238658 77385
41 66.67 0.000295436 0.0185729 0.0297101 20.6 0.00234249 1.36246 0.00128325 0.201858 30.1028 4.53862 1.69001 33.24 1.32266 -1.38156 10.5559 3.79817 1.16924 0.798233 -0.238551 77544
41 66.67 0.000295436 0.0185729 0.0297101 20.6 0.00234249 1.36246 0.00128325 0.201858 30.1028 4.44594 1.71663 33.3156 1.32909 -1.39208 10.5573 3.82873 1.15805 0.873155 0.738551 77596
38 66 0.000677564 0.0312772 0.0676293 4.43543 0.00220805 0.181588 0.00355581 0.186895 17.8979 4.54811 1.88619 33.2666 1.32735 -1.44213 10.5953 3.82399 1.13513 0.799567 -0.240354 77648
38 66 0.000677564 0.0312772 0.0676293 4.43543 0.00220805 0.181588 0.00355581 0.186895 17.8979 4.55005 1.91983 33.2713 1.33794 -1.46336 10.6007 3.82349 1.1534 0.79973 -0.240141 77701
18 75 0.000677564 0.0312772 0.0676293 4.43543 0.00220805 0.181588 0.00355581 0.186895 17.8979 4.66046 2.09356 33.222 1.3442 -1.4648 10.5957 3.85427 1.21201 0.799552 -0.239611 77860
18 75 0.000677564 0.0312772 0.0676293 4.43543 0.00220805 0.181588 0.00355581 0.186895 17.8979 4.67362 2.16565 33.2272 1.35211 -1.47398 10.5948 3.8308 1.20839 0.854852 0.894279 77912
19 75 0.0018088 0.0440569 0.0390981 1.37396 0.00130523 0.0451238 0.00473193 0.180611 8.29566 4.69316 2.10038 33.1991 1.3571 -1.46881 10.5862 3.83589 1.21026 0.799425 -0.238999 78072
19 75 0.00462191 0.0950485 0.0592632 0.602242 0.00249691 0.00843076 0.00848279 0.184514 0 4.71231 2.16181 33.1977 1.35722 -1.47271 10.589 3.849 1.22221 0.799303 -0.238684 78131
25 75 0.00239155 0.143488 0.225772 0.145588 0.0034649 0.0034415 0.0168747 0.188271 0 4.71759 2.18807 33.1994 1.36681 -1.47812 10.5837 3.8407 1.19901 0.79911 -0.237984 78184
25 75 0.00194864 0.164456 0.35054 0.110119 0.0037706 0.00256615 0.0210167 0.193418 0 4.71096 2.09615 33.1851 1.37108 -1.47848 10.5799 3.86132 1.18552 0.798972 -0.237595 78240
21 75 0.00200527 0.176399 0.389856 0.0963023 0.00379895 0.00220916 0.0225476 0.200664 0 4.81801 2.16718 33.1216 1.38107 -1.47518 10.5679 3.8237 1.17389 0.798658 -0.236721 78293
20 75 0.00200527 0.176399 0.389856 0.0963023 0.00379895 0.00220916 0.0225476 0.200664 0 4.81577 2.06944 33.1032 1.38328 -1.47193 10.5634 3.82902 1.14958 0.798387 -0.23619 78362
20 75 0.00200527 0.176399 0.389856 0.0963023 0.00379895 0.00220916 0.0225476 0.200664 0 4.72696 1.98949 33.1522 1.38352 -1.46307 10.5567 3.83418 1.14299 0.798352 -0.236211 78421
24 75 0.00200527 0.176399 0.389856 0.0963023 0.00379895 0.00220916 0.0225476 0.200664 0 4.69762 1.90721 33.1584 1.3762 -1.45419 10.5572 3.93234 1.12007 0.798213 -0.236051 78475
24 75 0.00200527 0.176399 0.389856 0.0963023 0.00379895 0.00220916 0.0225476 0.200664 0 4.67419 1.56397 33.119 1.35924 -1.41144 10.5424 3.84899 1.00322 0.79795 -0.237153 78526
28 75 0.00226401 0.181278 0.399122 1.21773 0.00368362 0.00207565 0.0122443 0.206301 0 4.63988 1.70784 33.1667 1.36489 -1.40868 10.535 3.67223 1.00519 0.797431 -0.235524 78577
28 75 0.00226401 0.181278 0.399122 1.21773 0.00368362 0.00207565 0.0122443 0.206301 0 4.6396 1.71088 33.1674 1.35138 -1.38678 10.5321 3.64889 1.03795 0.797353 -0.235567 78628
30 75 0.00273398 0.187344 0.405581 0.205239 0.00280921 0.00189745 0.0201756 0.238403 0 4.64257 2.65557 33.3679 1.34313 -1.37785 10.5336 3.84058 1.04385 0.869835 1.03093 78682
19 75 0.00325683 0.185905 0.403794 0.218389 0.00283702 0.00195421 0.0237013 0.241825 0 4.77863 2.36291 33.1934 1.44636 -1.57638 10.5807 3.55524 0.905596 0.846064 0.956205 78734
19 75 0.00619585 0.189015 0.385685 0.736417 0.00242643 0.00188807 0.0237368 0.26876 0 4.7658 2.38779 33.2086 1.4537 -1.5811 10.5773 3.54788 0.891271 0.848145 0.962378 78797
17 75 0.00557647 0.18987 0.411704 0.690864 0.00203504 0.00186521 0.024508 0.299141 0 4.70235 2.45482 33.2716 1.4352 -1.55051 10.572 3.45416 0.991398 0.798617 -0.234251 78954
17 75 0.00557647 0.18987 0.411704 0.690864 0.00203504 0.00186521 0.024508 0.299141 0 4.6552 2.50484 33.3194 1.44183 -1.54789 10.5637 3.45534 1.01174 0.861228 0.986839 79005
33 75 0.00250744 0.191771 0.424567 0.12292 0.00226714 0.00180824 0.0247234 0.276391 0 4.61401 2.52683 33.3561 1.4022 -1.78011 10.7805 3.47946 1.42945 0.87089 0.993642 79165
33 75 0.00217814 0.187469 0.411549 0.0950649 0.00278901 0.00190753 0.0245198 0.242351 0 4.60361 2.54077 33.3676 1.24153 -1.61446 10.8099 3.48862 1.42481 0.806432 -0.252962 79219
37 75 0.00217814 0.187469 0.411549 0.0950649 0.00278901 0.00190753 0.0245198 0.242351 0 4.59982 2.5486 33.3725 1.56188 -1.39147 10.3396 3.49044 1.42836 0.79012 -0.21496 79273
37 75 0.00217814 0.187469 0.411549 0.0950649 0.00278901 0.00190753 0.0245198 0.242351 0 4.57905 2.55541 33.3902 1.66457 -1.5009 10.3248 3.50744 1.42717 0.78953 -0.209342 79327
42 75 0.00217814 0.187469 0.411549 0.0950649 0.00278901 0.00190753 0.0245198 0.242351 0 4.56299 2.56674 33.4055 1.576 -1.39516 10.3294 3.51547 1.43311 0.789077 -0.207939 79378
40 75 0.00217814 0.187469 0.411549 0.0950649 0.00278901 0.00190753 0.0245198 0.242351 0 4.55186 2.57865 33.4172 1.74767 -1.6101 10.3299 3.51403 1.42834 0.789745 -0.205855 79430
40 75 0.00217814 0.187469 0.411549 0.0950649 0.00278901 0.00190753 0.0245198 0.242351 0 4.55443 2.58994 33.4181 1.54161 -1.39899 10.3633 3.53178 1.42616 0.791013 -0.217383 79483
40 75 0.00217814 0.187469 0.411549 0.0950649 0.00278901 0.00190753 0.0245198 0.242351 0 4.5534 2.60998 33.4242 1.35703 -1.71059 10.77 3.53403 1.4289 0.805234 -0.246702 79535
30 75 0.00217814 0.187469 0.411549 0.0950649 0.00278901 0.00190753 0.0245198 0.242351 0 4.55274 2.63538 33.4315 1.66661 -1.49749 10.3205 3.55196 1.43392 0.804616 -0.245553 79589
29 75 0.00217814 0.187469 0.411549 0.0950649 0.00278901 0.00190753 0.0245198 0.242351 0 4.39916 2.48912 33.5142 1.55423 -1.53479 10.4491 3.5195 1.03299 0.784569 -0.200826 79643
29 75 0.00217814 0.187469 0.411549 0.0950649 0.00278901 0.00190753 0.0245198 0.242351 0 4.41665 2.52355 33.509 1.53379 -1.57967 10.501 3.5536 1.04314 0.796026 -0.225881 79694
16 31.58 0.00217814 0.187469 0.411549 0.0950649 0.00278901 0.00190753 0.0245198 0.242351 0 4.42324 2.54996 33.5106 1.53486 -1.58107 10.5011 3.57428 1.05601 0.796023 -0.225875 79746
16 31.58 0.00217814 0.187469 0.411549 0.0950649 0.00278901 0.00190753 0.0245198 0.242351 0 4.42059 2.54798 33.5122 1.54185 -1.58078 10.4944 3.61822 1.06987 0.795782 -0.225137 79796
20 31.58 0.00217814 0.187469 0.411549 0.0950649 0.00278901 0.00190753 0.0245198 0.242351 0 4.32815 1.88752 33.4385 1.36277 -1.47861 10.588 3.64786 1.33444 0.799261 -0.238382 79965
20 31.58 0.00217814 0.187469 0.411549 0.0950649 0.00278901 0.00190753 0.0245198 0.242351 0 4.31596 1.87388 33.4458 1.46124 -1.39845 10.4369 3.63605 1.08535 0.793972 -0.225647 80017
25 31.58 0.00217814 0.187469 0.411549 0.0950649 0.00278901 0.00190753 0.0245198 0.242351 0 4.3805 1.80632 33.3822 1.61342 -1.38907 10.2915 3.65601 1.32547 0.793824 -0.225741 80071
25 31.58 0.327479 0.111388 0.00380166 61.3532 0.00319361 0.00759323 0.0014329 0.213178 -21.8479 4.36347 1.85084 33.4036 1.60697 -1.38289 10.293 3.62652 1.31967 0.788357 -0.209901 80126
21 31.58 0.327479 0.111388 0.00380166 61.3532 0.00319361 0.00759323 0.0014329 0.213178 -21.8479 4.53178 1.70136 33.247 1.32189 -1.6071 10.7243 3.66522 1.31227 0.793822 -0.225507 80177
27 31.5 0.327479 0.111388 0.00380166 61.3532 0.00319361 0.00759323 0.0014329 0.213178 -21.8479 4.5171 1.6349 33.2476 1.43448 -1.37507 10.4452 3.63379 1.01207 0.794135 -0.227274 80229
27 31.5 0.420756 0.124192 0.00241272 51.6993 0.00339148 0.00430498 0.00375291 0.151477 -20.5435 4.52616 1.7147 33.2535 1.44064 -1.37814 10.4416 3.62593 1.00667 0.862349 0.747875 80283
41 31.58 0.00507595 0.187272 0.390836 0.524073 0.00295588 0.00190765 0.0243916 0.233629 0 4.50045 1.90731 33.307 1.55431 -1.4331 10.3758 3.82432 1.04137 0.871273 0.795498 80443
41 31.58 0.00600242 0.189616 0.404575 0.774252 0.00272863 0.00186017 0.0247343 0.247695 0 4.51457 1.94127 33.3025 1.54823 -1.43126 10.3801 3.78531 1.03712 0.870256 0.814344 80497
43 31 0.00600242 0.189616 0.404575 0.774252 0.00272863 0.00186017 0.0247343 0.247695 0 4.52624 1.97505 33.3 1.54692 -1.43451 10.3836 3.77348 1.03809 0.869577 0.825665 80557
43 31 0.00600242 0.189616 0.404575 0.774252 0.00272863 0.00186017 0.0247343 0.247695 0 4.5235 2.01943 33.3108 1.54077 -1.43447 10.3892 3.70597 1.04716 0.869223 0.832247 80613
18 60 0.00391179 0.173547 0.383228 0.367038 0.00338554 0.00228232 0.0224335 0.20978 0 4.76162 2.61475 33.2679 1.50643 -1.65844 10.5857 3.73144 1.19939 0.853342 1.02395 80768
18 60 0.00391179 0.173547 0.383228 0.367038 0.00338554 0.00228232 0.0224335 0.20978 0 4.78848 2.68943 33.2678 1.50908 -1.66089 10.5851 3.71802 1.20257 0.799012 -0.231498 80820
20 60 0.00464689 0.172181 0.378273 0.549185 0.00327086 0.00232676 0.0220487 0.215595 0 4.7837 2.71338 33.2778 1.56983 -1.55673 10.4509 3.70775 1.0378 0.794195 -0.221364 80873
20 60 0.00763509 0.176495 0.3928 1.54626 0.00305683 0.00221455 0.0224968 0.228819 0 4.86317 2.83836 33.2543 1.57957 -1.5752 10.4555 3.75413 1.04903 0.794358 -0.221178 80925
29 60 0.00763509 0.176495 0.3928 1.54626 0.00305683 0.00221455 0.0224968 0.228819 0 4.91507 2.95575 33.2507 1.54154 -1.69335 10.5793 3.78328 1.17799 0.843226 1.10056 80982
22 60 0.00763509 0.176495 0.3928 1.54626 0.00305683 0.00221455 0.0224968 0.228819 0 4.92657 2.98685 33.2516 1.54491 -1.71309 10.5913 3.81981 1.18744 0.799212 -0.230138 81036
22 60 0.00763509 0.176495 0.3928 1.54626 0.00305683 0.00221455 0.0224968 0.228819 0 4.9402 3.00383 33.2469 1.63049 -1.50869 10.3609 3.81106 1.18699 0.798834 -0.229261 81087
16 60 0.00763509 0.176495 0.3928 1.54626 0.00305683 0.00221455 0.0224968 0.228819 0 4.94792 2.99842 33.2397 1.59321 -1.61118 10.4696 3.85373 1.06266 0.794863 -0.221347 81148
16 60 0.00763509 0.176495 0.3928 1.54626 0.00305683 0.00221455 0.0224968 0.228819 0 5.0197 3.01733 33.1943 1.58737 -1.61416 10.4772 3.85762 1.04169 0.77858 -0.177515 81200
26 60 0.0788499 0.17431 0.0529577 2.84523 0.00310133 0.00229525 0.0109798 0.227822 -15.3365 5.03345 3.04322 33.1924 1.50866 -1.62121 10.5555 3.85389 1.17739 0.797976 -0.229989 81254
26 60 0.0788499 0.17431 0.0529577 2.84523 0.00310133 0.00229525 0.0109798 0.227822 -15.3365 5.02456 3.03141 33.1951 1.62902 -1.52151 10.3714 3.87632 1.17663 0.791264 -0.213886 81309
33 60 0.023464 0.158206 0.0866442 0.954163 0.00281307 0.0028295 0.0124174 0.229328 -4.13343 5.02712 3.03801 33.1953 1.62674 -1.53077 10.3802 3.87888 1.17841 0.791587 -0.214526 81361
33 60 0.00487331 0.168874 0.206154 0.201486 0.00303563 0.00242264 0.0178522 0.223434 0 5.04964 3.04821 33.1826 1.63402 -1.53164 10.3742 3.87834 1.17959 0.791477 -0.214178 81419
30 60 0.00293103 0.17168 0.368874 0.199302 0.00284449 0.00234111 0.0219096 0.234373 0 5.04465 3.05264 33.1874 1.55948 -1.53207 10.4423 3.8482 1.17859 0.793892 -0.221349 81474
30 60 0.00325283 0.171529 0.374544 0.262479 0.00269539 0.00233858 0.0221526 0.241336 0 5.05246 3.05616 33.183 1.48737 -1.53294 10.5098 3.85577 1.17935 0.793706 -0.220784 81532
31 60 0.003921 0.168139 0.373787 0.419301 0.00272373 0.0024509 0.0217307 0.238137 0 5.06156 3.04388 33.1729 1.63812 -1.5338 10.3721 3.84498 1.17708 0.793684 -0.220689 81592
12 60 0.003921 0.168139 0.373787 0.419301 0.00272373 0.0024509 0.0217307 0.238137 0 5.02744 2.98699 33.1798 1.63534 -1.53423 10.3749 3.80895 1.18154 0.829721 1.12255 81643
12 60 0.003921 0.168139 0.373787 0.419301 0.00272373 0.0024509 0.0217307 0.238137 0 4.91102 2.67691 33.1755 1.52604 -1.42912 10.3988 3.80347 1.17435 0.83667 1.04452 81697
10 60 0.0030082 0.158908 0.358091 0.270226 0.00255822 0.00278949 0.0203679 0.242065 0 4.87611 2.7692 33.2255 1.58372 -1.5829 10.4574 3.86155 0.995214 0.842522 1.06744 81858
10 60 0.00405834 0.15985 0.357623 0.494371 0.00245644 0.00273204 0.0210063 0.243724 0 4.87975 2.77705 33.2251 1.58757 -1.58312 10.454 3.81436 1.00337 0.842249 1.06951 81913
14 60 0.0037045 0.153196 0.345154 0.439159 0.00262883 0.00300868 0.0200909 0.229869 0 4.50366 2.53871 33.4443 1.64363 -1.52368 10.3599 3.79995 1.06028 0.886951 0.991426 81968
14 60 0.00507424 0.159866 0.352727 0.770132 0.00285705 0.00275363 0.0207193 0.223632 0 4.5016 2.53519 33.445 1.64841 -1.52632 10.3575 3.79031 1.06951 0.887172 0.990286 82021
18 60 0.00457377 0.167194 0.314727 0.413695 0.00294734 0.00251247 0.0203568 0.225485 0 4.53523 2.58696 33.4322 1.65475 -1.52909 10.3538 3.80346 1.07108 0.885053 1.00556 82079
28 60 0.00506481 0.166719 0.314338 0.523796 0.00290768 0.00253301 0.0201404 0.228849 0 4.52324 2.58491 33.441 1.74007 -1.52791 10.2774 3.78509 1.14318 0.885159 1.00586 82133
28 60 0.0036573 0.17048 0.377101 0.353175 0.00263414 0.00242538 0.0215089 0.246914 0 4.46247 2.59275 33.4908 1.74841 -1.52729 10.2696 3.77387 1.14658 0.894466 1.00507 82189
36 60 0.00329238 0.178741 0.396497 0.265999 0.0020373 0.00220919 0.0222183 0.297315 0 4.42734 2.57943 33.5151 1.68302 -1.5622 10.3525 3.74412 1.06429 0.899572 0.999232 82241
36 60 0.00459589 0.18475 0.408611 0.521713 0.0015401 0.00206329 0.022918 0.357259 0 4.47972 2.61864 33.484 1.68315 -1.56802 10.3566 3.82401 1.0775 0.9027 0.99649 82294
34 60 0.00334265 0.188458 0.416549 0.255779 0.00134121 0.00199206 0.0232262 0.391826 0 4.94088 2.96186 33.2339 1.62552 -1.60384 10.4347 3.79861 1.0409 0.83881 1.11631 82346
34 60 0.00302106 0.189836 0.416269 0.204567 0.00117747 0.00197692 0.0233409 0.423246 0 4.94085 2.9602 33.2334 1.60923 -1.62845 10.4678 3.81604 1.00734 0.838782 1.11591 82399
28 60 0.00252584 0.192974 0.416942 0.138813 0.00109739 0.00195058 0.0234666 0.442926 0 4.91248 2.93262 33.2457 1.60219 -1.63298 10.4776 3.81106 1.03762 0.838987 1.11383 82450
28 60 0.00252584 0.192974 0.416942 0.138813 0.00109739 0.00195058 0.0234666 0.442926 0 4.77867 2.88863 33.3308 1.59364 -1.62597 10.4802 3.78372 1.0602 0.841502 1.10899 82502
23 60.002 0.00272763 0.195245 0.421417 0.16119 0.00107975 0.00192405 0.0235096 0.450912 0 4.78964 2.86551 33.316 1.6065 -1.62719 10.4693 3.77432 1.05621 0.855178 1.0944 82555
23 60.002 0.00360837 0.195312 0.415027 0.294104 0.00112045 0.00193313 0.0236678 0.436246 0 4.79505 2.85563 33.3091 1.59458 -1.62334 10.4774 3.73922 1.0575 0.795144 -0.221723 82607
23 60.002 0.00464875 0.194881 0.40994 0.48565 0.00115414 0.00190952 0.02379 0.428082 0 4.79996 2.83625 33.3 1.58101 -1.61706 10.4852 3.72972 1.05198 0.79543 -0.222794 82660
23 60.002 0.00423754 0.196386 0.412368 0.395664 0.000875893 0.00188585 0.0238805 0.506907 0 4.81997 2.82093 33.2809 1.55472 -1.60903 10.5035 3.69949 1.03513 0.796099 -0.225039 82713
23 31.58 0.00658491 0.19907 0.415862 1.01025 0.000596718 0.00186841 0.0238826 0.641351 0 4.81218 2.81596 33.2852 1.54607 -1.60396 10.5077 3.68836 1.04479 0.796256 -0.225676 82765
23 31.58 0.00851915 0.198356 0.410251 1.6854 0.000689606 0.00185634 0.0238763 0.588688 -0.212082 4.77043 2.81801 33.3166 1.5473 -1.60602 10.5081 3.6547 1.0333 0.796269 -0.22564 82818
23 31.58 0.0103679 0.197968 0.414994 2.60383 0.000657097 0.00185403 0.0239347 0.606976 -2.30445 4.74929 2.82161 33.3334 1.53937 -1.61187 10.5198 3.66981 1.04056 0.796409 -0.226037 82871
23 31.58 0.0203984 0.1966 0.417317 10.3631 0.000633327 0.00185774 0.0239142 0.620841 -9.31561 4.73354 2.82548 33.3463 1.61294 -1.61326 10.4531 3.6733 1.09236 0.794259 -0.219484 82922
23 31.58 0.0286428 0.195784 0.42074 19.6169 0.000618491 0.00186825 0.0238956 0.629158 -12.8291 4.7709 2.83602 33.3214 1.51903 -1.61536 10.5414 3.67622 1.04085 0.797471 -0.22876 82976
23 31.58 0.0257506 0.197292 0.419774 16.1576 0.000691831 0.00185818 0.0240233 0.587625 -11.7231 4.78893 2.8333 33.3073 1.51929 -1.59576 10.5265 3.691 1.01675 0.854416 1.08243 83027
23 31.58 0.0226893 0.198708 0.420886 12.8587 0.000882133 0.00185953 0.0239951 0.508904 -10.4432 4.24313 1.99895 33.5288 1.52869 -1.4607 10.419 3.84597 1.06519 0.793897 -0.223168 83083
23 31.5 0.0244651 0.20231 0.417043 14.864 0.00166918 0.0018828 0.0238286 0.346944 -11.1916 4.27409 2.02498 33.5089 1.52443 -1.46134 10.4234 3.83714 1.06204 0.908319 0.813625 83139
23 31.5 0.0250011 0.201781 0.416136 15.4177 0.00193507 0.00188432 0.0238148 0.317492 -11.4096 4.30089 2.06158 33.4947 1.51891 -1.46178 10.4288 3.77971 1.08277 0.905213 0.828431 83193
23 31.58 0.0219018 0.200415 0.417261 12.4228 0.00249795 0.00192007 0.0236751 0.271486 -10.0485 4.57404 1.81521 33.2342 1.44536 -1.44051 10.4818 3.64052 1.04033 0.858923 0.783101 83352
23 31.58 0.0177961 0.196597 0.410964 8.58187 0.003223 0.00199567 0.0232986 0.231218 -7.87038 4.56685 1.81342 33.2393 1.43087 -1.42004 10.4807 3.66391 1.00336 0.858972 0.783659 83405
23 66 0.0131456 0.196381 0.410639 4.69373 0.00350738 0.00199835 0.0233175 0.219475 -4.74571 4.56255 1.82259 33.2442 1.42901 -1.42084 10.483 3.68392 0.99713 0.858895 0.768343 83458
23 66 0.0108678 0.196322 0.40782 3.21803 0.00365491 0.00203013 0.0231654 0.213264 -2.7294 4.56878 1.83148 33.241 1.41831 -1.418 10.491 3.69189 0.998375 0.860045 0.787338 83527
23 66.6 0.00948315 0.195276 0.411824 2.37971 0.0038427 0.0019868 0.0233713 0.208093 -1.37035 4.46262 1.68165 33.2969 1.43344 -1.41069 10.4716 3.76121 1.00987 0.869995 0.742215 83630
23 66.6 0.00948315 0.195276 0.411824 2.37971 0.0038427 0.0019868 0.0233713 0.208093 -1.37035 4.4578 1.72449 33.3077 1.43546 -1.41957 10.476 3.71096 1.02126 0.869603 0.71782 83687
23 66.67 0.00624807 0.186688 0.387053 0.987666 0.00409984 0.00214942 0.0223175 0.196427 0 4.71296 2.67917 33.3212 1.41519 -1.49128 9.83434 3.84032 1.01132 0.860783 1.04013 83849
23 66.67 0.0109872 0.1804 0.350942 3.06688 0.00400101 0.00236023 0.0208514 0.195017 -2.18893 4.70327 2.70561 33.3356 1.41185 -1.48503 9.83277 3.80679 1.01407 0.862768 1.04663 83904
23 66.67 0.00542905 0.177631 0.377159 0.818453 0.00396418 0.00238406 0.0214437 0.196241 0 4.70892 2.72781 33.3374 1.41456 -1.49326 9.83646 3.74233 1.00643 0.862946 1.04671 83956
23 66.67 0.00542905 0.177631 0.377159 0.818453 0.00396418 0.00238406 0.0214437 0.196241 0 4.72287 2.73005 33.3276 1.41466 -1.49366 9.83666 3.72145 1.01043 0.862498 1.05278 84008
23 66.67 0.00542905 0.177631 0.377159 0.818453 0.00396418 0.00238406 0.0214437 0.196241 0 4.73209 2.76704 33.3309 1.41211 -1.49138 9.83736 3.65649 1.00952 0.860522 1.05941 84060
23 66.67 0.00542905 0.177631 0.377159 0.818453 0.00396418 0.00238406 0.0214437 0.196241 0 4.73811 2.76739 33.3265 1.40455 -1.48705 9.84129 3.63209 0.99591 0.799628 -0.236949 84112
23 66.67 0.00542905 0.177631 0.377159 0.818453 0.00396418 0.00238406 0.0214437 0.196241 0 4.78018 2.76365 33.2942 1.4124 -1.4873 9.83398 3.66682 0.993403 0.799371 -0.236231 84171
23 66.67 0.00542905 0.177631 0.377159 0.818453 0.00396418 0.00238406 0.0214437 0.196241 0 4.83082 2.7666 33.6028 1.39958 -1.47396 9.83609 3.70851 0.982244 0.851513 1.07719 84225
23 66.67 0.00291871 0.161827 0.339364 1.22539 0.00378647 0.0027689 0.0102605 0.197194 -1.09175 4.83868 2.7637 33.5963 1.39811 -1.47238 9.83629 3.71992 0.983029 0.79946 -0.237004 84278
23 66.67 0.00471379 0.154299 0.240505 0.338844 0.00369522 0.00302536 0.0157686 0.194372 0 4.83627 2.77567 33.6014 1.39734 -1.47479 9.83886 3.74174 0.980411 0.848979 1.07539 84331
23 66.67 0.00483422 0.151445 0.312906 0.68196 0.00362996 0.00317893 0.0177539 0.196293 0 5.24239 2.79617 33.3227 1.35683 -1.44762 9.85719 3.8263 1.01632 0.850524 1.07389 84392
23 61.86 0.00483422 0.151445 0.312906 0.68196 0.00362996 0.00317893 0.0177539 0.196293 0 5.16929 2.74401 33.3578 1.35568 -1.45793 9.86613 3.90327 0.984361 0.800509 -0.240374 84443
23 61.86 0.00483422 0.151445 0.312906 0.68196 0.00362996 0.00317893 0.0177539 0.196293 0 5.15018 2.73717 33.369 1.35181 -1.45595 9.86836 3.91628 0.987372 0.800587 -0.240654 84497
23 61.86 0.00483422 0.151445 0.312906 0.68196 0.00362996 0.00317893 0.0177539 0.196293 0 5.15965 2.79166 33.3774 1.41596 -1.44885 9.80149 3.95965 1.02478 0.814796 1.084 84548
23 61.86 0.00483422 0.151445 0.312906 0.68196 0.00362996 0.00317893 0.0177539 0.196293 0 5.13216 2.80224 33.3991 1.36364 -1.46141 9.86109 3.92888 0.999972 0.8177 1.08631 84602
23 61.86 0.00483422 0.151445 0.312906 0.68196 0.00362996 0.00317893 0.0177539 0.196293 0 5.11908 2.80341 33.4084 1.44011 -1.46255 9.78891 3.93792 1.01642 0.819031 1.08649 84655
23 61.86 0.00483422 0.151445 0.312906 0.68196 0.00362996 0.00317893 0.0177539 0.196293 0 5.08205 2.83291 33.4423 1.43767 -1.46644 9.79415 3.93671 1.02053 0.820731 1.09093 84706
23 61 0.00483422 0.151445 0.312906 0.68196 0.00362996 0.00317893 0.0177539 0.196293 0 5.08359 2.83709 33.4424 1.35636 -1.46841 9.87345 3.89679 1.01427 0.82327 1.09429 84759
23 61 0.00483422 0.151445 0.312906 0.68196 0.00362996 0.00317893 0.0177539 0.196293 0 5.06086 2.82056 33.4535 1.39456 -1.57734 9.92057 3.91529 1.01824 0.825328 1.09016 84810
23 61.86 0.00483422 0.151445 0.312906 0.68196 0.00362996 0.00317893 0.0177539 0.196293 0 4.91834 2.80629 33.5504 1.48268 -1.48618 9.76665 3.75592 0.94922 0.796973 -0.229537 85081
23 61 0.00483422 0.151445 0.312906 0.68196 0.00362996 0.00317893 0.0177539 0.196293 0 4.91176 2.73509 33.5353 1.53595 -1.3925 9.64775 3.84743 1.01953 0.792655 -0.220421 85139
23 61 0.00483422 0.151445 0.312906 0.68196 0.00362996 0.00317893 0.0177539 0.196293 0 4.79908 2.61002 33.5836 1.46374 -1.42338 9.73738 3.80137 0.980406 0.848352 1.03605 85203
23 61.8 0.00193876 0.119568 0.229997 0.224626 0.00366132 0.00476551 0.0181177 0.155062 0 4.12095 2.09433 33.9934 1.55678 -1.37148 9.61344 3.77263 0.975663 0.939568 0.831754 85375
23 60 0.00193876 0.119568 0.229997 0.224626 0.00366132 0.00476551 0.0181177 0.155062 0 5.91841 3.43832 33.0943 1.25545 -1.56868 10.0509 3.90594 1.00419 0.797766 -0.232617 85585
23 60 0.00193876 0.119568 0.229997 0.224626 0.00366132 0.00476551 0.0181177 0.155062 0 5.90949 3.4336 33.098 1.35835 -1.46766 9.87095 3.90328 1.00505 0.767363 1.20749 85636
23 60 0.00193876 0.119568 0.229997 0.224626 0.00366132 0.00476551 0.0181177 0.155062 0 5.91233 3.44821 33.1012 1.4205 -1.47685 9.81832 3.8953 1.00328 0.767869 1.20763 85688
23 60 0.00193876 0.119568 0.229997 0.224626 0.00366132 0.00476551 0.0181177 0.155062 0 5.94521 3.44595 33.0812 1.41232 -1.47854 9.82739 3.8537 0.999163 0.766388 1.20723 85741
23 60 0.00193876 0.119568 0.229997 0.224626 0.00366132 0.00476551 0.0181177 0.155062 0 3.95136 1.67156 34.0559 1.56458 -1.3127 9.56414 3.84905 0.944887 0.873733 0.974947 85794
23 60 0.00193876 0.119568 0.229997 0.224626 0.00366132 0.00476551 0.0181177 0.155062 0 3.9491 1.6757 34.0586 1.56869 -1.33242 9.57452 3.82389 0.927175 0.789556 -0.214019 85846
23 60 0.00193876 0.119568 0.229997 0.224626 0.00366132 0.00476551 0.0181177 0.155062 0 4.06643 1.81157 33.9823 1.56648 -1.3296 9.57449 3.60865 0.925141 0.789997 -0.214696 85898
23 60 0.00193876 0.119568 0.229997 0.224626 0.00366132 0.00476551 0.0181177 0.155062 0 4.10058 1.79205 33.9499 1.56373 -1.33034 9.57751 3.66992 0.946515 0.931804 0.72294 85952
23 60 0.00193876 0.119568 0.229997 0.224626 0.00366132 0.00476551 0.0181177 0.155062 0 4.10754 1.7875 33.9432 1.56276 -1.3311 9.57893 3.67819 0.942216 0.790053 -0.214892 86004
23 60 0.00193876 0.119568 0.229997 0.224626 0.00366132 0.00476551 0.0181177 0.155062 0 4.25692 1.85051 33.8314 1.56407 -1.33432 9.58005 3.82274 0.952894 0.93018 0.720338 86055
23 60 0.00193876 0.119568 0.229997 0.224626 0.00366132 0.00476551 0.0181177 0.155062 0 4.6977 2.61621 33.6606 1.60821 -1.43346 9.61199 3.71874 0.982909 0.864178 1.03033 86107
23 60 0.00193876 0.119568 0.229997 0.224626 0.00366132 0.00476551 0.0181177 0.155062 0 4.66729 2.63236 33.6878 1.52631 -1.44703 9.69677 3.77676 1.03846 0.868597 1.0337 86159
23 60 0.00193876 0.119568 0.229997 0.224626 0.00366132 0.00476551 0.0181177 0.155062 0 4.66123 2.62866 33.6914 1.49202 -1.34305 9.65216 3.82257 0.984365 0.792841 -0.222718 86218
23 73.17 0.00193876 0.119568 0.229997 0.224626 0.00366132 0.00476551 0.0181177 0.155062 0 4.65427 2.6417 33.7002 1.53345 -1.44267 9.68695 3.85428 0.982542 0.794087 -0.222799 86269
23 73.17 0.00193876 0.119568 0.229997 0.224626 0.00366132 0.00476551 0.0181177 0.155062 0 4.66016 2.65456 33.6992 1.53341 -1.47492 9.71098 3.88668 1.03946 0.794139 -0.222597 86320
23 73.17 0.0769368 0.0794367 0.00346287 29.9359 0.002191 0.0142814 0.00179019 0.210852 -4.9754 4.66292 2.65261 33.6966 1.53611 -1.48034 9.71254 3.92134 1.03117 0.795013 -0.224109 86373
23 73.17 0.0253431 0.0532107 0.00457341 12.1019 0.00154571 0.0317786 0.0021688 0.197348 0 4.68328 2.65703 33.6824 1.5447 -1.48754 9.70999 3.95516 1.02526 0.794919 -0.223565 86429
23 73.17 0.00742053 0.0379983 0.0146477 1.74664 0.00110359 0.0637299 0.00285455 0.192525 0 4.70149 2.66885 33.6719 1.54866 -1.49063 9.70865 3.98333 1.03474 0.794915 -0.223458 86484
23 73.17 0.010451 0.0766983 0.088928 2.87708 0.00198143 0.0137597 0.00813575 0.194005 0 4.71904 2.66669 33.6581 1.5499 -1.48493 9.70324 4.0456 1.02967 0.794807 -0.22324 86546
23 73.17 0.0122049 0.121679 0.269831 7.37963 0.00284753 0.00506644 0.015514 0.199666 -0.7938 4.72934 2.6656 33.6501 1.5498 -1.47881 9.69876 4.04226 1.05212 0.794511 -0.2227 86600
23 73.17 0.019758 0.170679 0.388127 11.747 0.00329374 0.00242575 0.0215083 0.218523 -8.23737 5.06436 2.49349 33.3651 1.44006 -1.39932 9.74175 4.01447 1.00109 0.796115 -0.230195 86653
23 73.17 0.015631 0.178869 0.408944 6.97077 0.0032166 0.0022122 0.0218917 0.231967 -6.26526 5.12267 2.58957 33.349 1.44008 -1.3902 9.73498 3.85823 1.00396 0.79617 -0.230339 86706
23 73.17 0.0190746 0.183293 0.417677 9.97213 0.00263249 0.00210495 0.0224819 0.26392 -8.71951 5.95552 3.04359 32.95 1.38965 -1.50539 9.86961 3.90828 0.864984 0.795874 -0.229826 86760
23 73.17 0.0278841 0.186284 0.417452 19.5687 0.00284617 0.00201455 0.0231828 0.250704 -12.6872 5.90381 3.04362 32.9798 1.27158 -1.39373 9.89942 3.80462 0.993252 0.801686 -0.245662 86813
23 73.17 0.0275966 0.185169 0.417042 19.4152 0.00257982 0.00204925 0.022923 0.266201 -12.5622 5.87088 3.04423 32.9992 1.29549 -1.4997 9.95695 3.7705 0.99725 0.803528 -0.247007 86865
23 73.17 0.0218623 0.184206 0.422138 12.8774 0.00232639 0.00211052 0.0221204 0.288544 -10.0918 5.80186 3.03393 33.0369 1.38232 -1.40345 9.7995 3.6923 0.986775 0.797565 -0.234339 86915
23 73.17 0.0218623 0.184206 0.422138 12.8774 0.00232639 0.00211052 0.0221204 0.288544 -10.0918 5.74129 3.03815 33.0744 1.37723 -1.40106 9.80259 3.64 0.995951 0.798313 -0.236295 86968
23 73.17 0.0195097 0.187223 0.423969 10.1133 0.0023316 0.00202687 0.0226143 0.288401 -8.90694 5.70996 3.03114 33.0913 1.71341 -1.29606 9.42065 3.61812 0.990189 0.784727 -0.203572 87022
23 73.17 0.0195097 0.187223 0.423969 10.1133 0.0023316 0.00202687 0.0226143 0.288401 -8.90694 5.65134 3.00867 33.1205 1.73159 -1.27097 9.38748 3.58489 0.993258 0.783598 -0.196635 87074
23 73.17 0.00571339 0.183479 0.420647 0.826282 0.00286289 0.00212298 0.0220376 0.253678 0 5.10074 2.92324 33.4552 1.4292 -1.47395 9.80786 3.53788 0.995502 0.798454 -0.234156 87126
23 71.43 0.00515915 0.187076 0.420099 0.623929 0.00333272 0.00198835 0.0232978 0.226774 0 5.0762 2.9143 33.4697 1.37456 -1.45953 9.84914 3.52002 0.994656 0.799918 -0.238708 87178
23 71.43 0.0049415 0.186554 0.415705 0.575397 0.00341118 0.00199635 0.0226148 0.223114 0 5.02014 2.91202 33.5083 1.48672 -1.45482 9.73932 3.48425 0.927307 0.799164 -0.23266 87233
23 71.43 0.00499726 0.187966 0.411713 0.572003 0.00341523 0.00194686 0.0234689 0.221991 0 4.99116 2.90782 33.5276 1.40907 -1.46599 9.82099 3.45837 0.991784 0.795996 -0.227887 87291
23 71.43 0.00657048 0.190087 0.417453 1.02337 0.00287819 0.00191841 0.0236372 0.249272 0 4.35019 2.54388 33.9125 1.61874 -1.4468 9.61227 3.42527 0.894252 0.790914 -0.213414 87346
23 71.43 0.00841757 0.19059 0.417664 1.73367 0.00276097 0.00190883 0.0237366 0.25602 -0.211769 4.38075 2.62715 33.9103 1.60861 -1.4432 9.61877 3.41309 0.902516 0.791578 -0.215326 87398
23 71.43 0.00916358 0.191073 0.418007 2.04563 0.00261598 0.00189769 0.0238594 0.263744 -1.00663 4.3952 2.6627 33.9085 1.60889 -1.45679 9.62851 3.40954 0.915102 0.791859 -0.215919 87449
23 71.43 0.0130787 0.19209 0.414472 4.18114 0.00264798 0.00187111 0.0241255 0.260683 -4.669 4.4344 2.73297 33.8968 1.60546 -1.46764 9.63964 3.42005 0.918142 0.904596 1.05269 87503
23 71.43 0.0256699 0.193883 0.419087 16.0864 0.00336076 0.00185992 0.0243099 0.226731 -11.7341 4.84901 2.88852 33.6245 1.56764 -1.46733 9.67384 3.42551 0.907343 0.793601 -0.220454 87558
23 71.43 0.0231743 0.194106 0.417341 13.4555 0.0034869 0.00187908 0.0242088 0.221394 -10.6441 4.87122 2.91779 33.6169 1.54342 -1.4665 9.69546 3.42545 0.925666 0.848488 1.1126 87612
23 71.43 0.0289185 0.194625 0.41883 20.1016 0.00338628 0.00187948 0.0242377 0.225 -12.9099 4.91228 2.942 33.5942 1.53566 -1.46819 9.70388 3.4828 0.920283 0.846807 1.115 87671
23 71.43 0.0263191 0.194734 0.419901 16.9332 0.00377236 0.00186341 0.024315 0.211027 -11.9001 4.92048 2.97064 33.5969 1.52725 -1.4724 9.71479 3.49474 0.930987 0.843704 1.12581 87724
23 71.4 0.0276803 0.193552 0.418817 18.6454 0.00371156 0.00187851 0.0242624 0.213034 -12.4075 4.92689 2.98526 33.5967 1.52233 -1.47837 9.72381 3.50752 0.940978 0.843236 1.12935 87775
23 71.4 0.0229307 0.193818 0.419341 13.2967 0.00358317 0.00188194 0.0241385 0.217929 -10.4722 4.91475 3.02223 33.6168 1.45092 -1.4832 9.79428 3.54048 0.969474 0.797965 -0.232455 87826
23 71.43 0.0212418 0.194997 0.421262 11.435 0.00384453 0.0018556 0.0243096 0.209987 -9.76079 5.00168 2.88454 33.5134 1.49765 -1.46833 9.73923 3.58595 0.929453 0.832893 1.10526 87941
23 71.43 0.0165248 0.194209 0.419362 7.08532 0.00390586 0.00187866 0.024155 0.207594 -7.14997 5.00689 2.92813 33.5224 1.49994 -1.47177 9.73968 3.57846 0.946133 0.796003 -0.227289 87994
23 63.83 0.0108559 0.194299 0.418087 3.03781 0.00380936 0.00190293 0.0239078 0.210594 -2.78349 5.01212 2.94608 33.524 1.5017 -1.47515 9.74057 3.5939 0.957537 0.796034 -0.227254 88044
23 63.83 0.0106593 0.196727 0.421504 2.88874 0.00369737 0.00186993 0.0239908 0.215937 -2.68275 5.01511 2.98131 33.5324 1.50192 -1.47686 9.74165 3.60138 0.942107 0.796152 -0.227572 88097
23 63.83 0.0106593 0.196727 0.421504 2.88874 0.00369737 0.00186993 0.0239908 0.215937 -2.68275 4.99758 2.99707 33.5496 1.49773 -1.48394 9.75087 3.63948 0.939336 0.796404 -0.227995 88147
23 63.83 0.0104967 0.198623 0.42127 2.80488 0.00353798 0.00187027 0.0240023 0.222163 -2.58699 5.01409 2.99515 33.5373 1.4889 -1.48428 9.75939 3.66259 0.963185 0.796712 -0.228862 88202
23 63.8 0.00960141 0.200892 0.420019 2.34473 0.00363092 0.00188686 0.023862 0.218303 -1.64868 5.04682 2.96796 33.5061 1.48153 -1.4771 9.76088 3.64095 0.992335 0.796692 -0.228994 88255
23 63.8 0.0118271 0.201044 0.420092 3.60939 0.0037255 0.00188351 0.0238786 0.215015 -3.82452 5.17804 3.0788 33.4487 1.40346 -1.47839 9.83574 3.72659 0.962642 0.799438 -0.23673 88310
23 63.83 0.0160352 0.201619 0.420403 6.707 0.00389649 0.00188412 0.0238438 0.209607 -6.93208 5.21998 3.09717 33.4257 1.52797 -1.48347 9.72241 3.73517 0.965473 0.795372 -0.225034 88468
23 63.83 0.020807 0.201756 0.420216 11.1631 0.00394895 0.00188164 0.0238957 0.207889 -9.63244 5.2482 3.10082 33.4078 1.52959 -1.48451 9.72168 3.76968 0.963668 0.795345 -0.224918 88521
23 63.83 0.020807 0.201756 0.420216 11.1631 0.00394895 0.00188164 0.0238957 0.207889 -9.63244 5.26145 3.0863 33.3944 1.53718 -1.48662 9.71625 3.78183 0.962665 0.795147 -0.224263 88574
23 63.83 0.0233021 0.200177 0.419503 13.8433 0.00398686 0.00188954 0.0238239 0.206653 -10.7875 5.27266 3.07537 33.3835 1.41408 -1.38335 9.75441 3.78698 0.958747 0.796588 -0.232082 88627
23 63.83 0.0233021 0.200177 0.419503 13.8433 0.00398686 0.00188954 0.0238239 0.206653 -10.7875 5.27596 3.05865 33.3762 1.52889 -1.49275 9.72852 3.78399 0.959973 0.795592 -0.225326 88677
23 63.8 0.0256214 0.200858 0.41944 16.4998 0.0040337 0.00189568 0.0237589 0.205141 -11.747 5.27854 3.05131 33.3722 1.40652 -1.38098 9.75982 3.78027 0.96422 0.796786 -0.232721 88731
23 63.8 0.0212726 0.205712 0.418548 11.7708 0.00407953 0.00190749 0.0236956 0.203385 -9.81664 5.29128 3.0461 33.3622 1.41123 -1.38491 9.75826 3.80021 0.964613 0.796727 -0.232419 88782
23 68.97 0.0222661 0.20989 0.419182 12.8039 0.00423053 0.00190208 0.023723 0.199093 -10.304 5.27847 2.97578 33.3497 1.39255 -1.45135 9.82569 3.81907 0.992223 0.799011 -0.236667 88946
23 68.97 0.0214705 0.20626 0.420024 11.85 0.00424312 0.00188295 0.0238584 0.199215 -9.97352 5.2897 2.99683 33.3485 1.38769 -1.45036 9.8296 3.83877 0.963001 0.806237 1.13106 88999
23 68.97 0.0165896 0.203958 0.421097 7.17582 0.00426878 0.00187792 0.0238705 0.198499 -7.32495 4.97852 2.63905 33.462 1.45304 -1.44931 9.76677 3.99631 0.962623 0.830769 1.04416 89051
23 68.97 0.0206472 0.204629 0.421841 10.9736 0.00430227 0.00187022 0.0239242 0.197792 -9.64894 4.95992 2.60125 33.4653 1.41554 -1.41715 9.77814 3.72318 0.951023 0.832108 1.03415 89104
23 6 0.0203902 0.20465 0.421134 10.7641 0.00430453 0.00188229 0.0238411 0.197484 -9.48469 4.94852 2.51641 33.4518 1.39696 -1.39208 9.7771 4.02097 0.996977 0.831781 1.0121 89156
23 6 0.0162851 0.202155 0.421272 6.94393 0.00430373 0.00188199 0.0238827 0.197536 -7.15047 6.14571 2.81495 32.7805 1.39317 -1.39479 9.78271 3.76152 1.01281 0.745454 1.08924 89208
23 68.97 0.00874376 0.197218 0.419959 1.94107 0.00440244 0.00189432 0.0238159 0.194339 -0.738533 6.00238 2.74233 32.8411 1.29209 -1.5096 9.96799 3.75853 0.698886 0.749777 1.09879 89470
23 68.97 0.00649849 0.196714 0.420416 1.03396 0.00442673 0.00188716 0.0239027 0.193714 0 5.81864 2.5081 32.8889 1.2007 -1.32295 9.91625 3.80422 0.891409 0.759299 1.02727 89521
23 68.97 0.00649849 0.196714 0.420416 1.03396 0.00442673 0.00188716 0.0239027 0.193714 0 5.77256 2.36628 32.8836 1.19178 -1.31258 9.91738 3.79301 0.890699 0.802345 -0.249903 89580
23 68.97 0.00444236 0.196975 0.420446 0.45895 0.00443571 0.00188486 0.0238387 0.193343 0 5.83172 2.43679 32.8648 1.18389 -1.3115 9.92443 3.76872 0.889287 0.802575 -0.250527 89642
23 68.97 0.00444236 0.196975 0.420446 0.45895 0.00443571 0.00188486 0.0238387 0.193343 0 5.8715 2.38097 32.8293 1.18862 -1.32166 9.92731 3.80555 0.903395 0.80266 -0.250441 89694
23 68 0.00439086 0.193817 0.42011 0.449258 0.00443184 0.00189552 0.0237441 0.193308 0 5.41075 2.21801 33.073 1.24908 -1.31435 9.86212 3.79059 0.908943 0.800488 -0.24499 89750
23 68 0.0047558 0.193473 0.420093 0.533768 0.00442835 0.001903 0.023674 0.193508 0 5.30503 2.18707 33.1344 1.23797 -1.3461 9.89668 3.81845 0.943957 0.801632 -0.247025 89804
23 66.6 0.00388769 0.19058 0.419522 0.347531 0.00443248 0.00190327 0.0236617 0.193128 0 5.24263 2.48174 33.2415 1.35743 -1.42316 9.83814 3.85253 0.914505 0.799556 -0.238965 89961
23 66.6 0.00427517 0.190573 0.418938 0.427691 0.00442576 0.0019158 0.0235145 0.193416 0 5.21714 2.4828 33.2588 1.35162 -1.41621 9.83851 3.87295 0.91829 0.799574 -0.239248 90014
23 66.67 0.00326277 0.188347 0.421785 0.240905 0.00441425 0.0019463 0.0234074 0.19363 0 5.13955 2.43692 33.3 1.32129 -1.43536 9.88234 3.84033 0.919835 0.801079 -0.242679 90171
23 66.67 0.00326277 0.188347 0.421785 0.240905 0.00441425 0.0019463 0.0234074 0.19363 0 5.10547 2.41812 33.3187 1.32167 -1.43885 9.88462 3.81285 0.917856 0.801118 -0.242723 90224
23 66 0.00326277 0.188347 0.421785 0.240905 0.00441425 0.0019463 0.0234074 0.19363 0 5.1645 2.39905 33.2742 1.32194 -1.44067 9.88574 3.80479 0.916823 0.801192 -0.242803 90279
23 66.6 0.00293978 0.18517 0.425757 0.195772 0.00439122 0.00202062 0.0225874 0.193296 0 5.20685 2.36009 33.2368 1.28941 -1.30533 9.81617 3.82025 0.990468 0.802994 0.981073 90441
23 66.6 0.00293978 0.18517 0.425757 0.195772 0.00439122 0.00202062 0.0225874 0.193296 0 4.85643 1.9942 33.4016 1.28472 -1.29459 9.81283 3.80825 0.920959 0.831765 0.867905 90499
31 60 0.195203 0.171408 0.00442439 37.7056 0.00434117 0.00236022 0.00471668 0.174914 -16.675 4.9313 1.96315 33.3426 0.000000061 -6.09479E-08 4.6319E-07 4.03809 0.000000046 0.822331 0.865289 90932
31 60 0.0107291 0.168828 0.0934852 0.669976 0.00423792 0.00247487 0.0134131 0.182399 0 5.98436 2.65375 32.8289 6.06619E-08 -0.000000061 4.62909E-07 3.90711 4.59229E-08 0.751695 1.05814 90996
31 60 0.00341656 0.173801 0.35491 0.221904 0.0047008 0.00227793 0.0241674 0.163261 0 6.12175 2.98371 32.8394 5.78596E-08 -0.000000068 4.54562E-07 3.86357 3.51373E-08 0.749872 1.09671 91047
31 60 0.00246417 0.163846 0.362352 0.133903 0.00422041 0.0025873 0.023497 0.163122 0 6.08717 3.01394 32.8671 5.96983E-08 -6.95593E-08 4.54229E-07 3.88479 0.000000032 0.751962 1.12712 91100
31 60 0.00239391 0.150889 0.353663 0.153172 0.00402109 0.00319794 0.0202595 0.174755 0 6.23939 3.05654 32.796 0.000000059 -6.93893E-08 0.000000454 3.87869 3.1602E-08 0.744231 1.13284 91153
31 60 0.00241025 0.152654 0.365925 0.17171 0.00378634 0.00319059 0.0187185 0.195812 0 6.21212 3.06609 32.8135 5.88485E-08 -6.91068E-08 4.54115E-07 3.84918 3.22068E-08 0.746327 1.13471 91206
31 60 0.00241025 0.152654 0.365925 0.17171 0.00378634 0.00319059 0.0187185 0.195812 0 6.22109 3.08555 32.8142 0.000000054 -0.000000064 4.55857E-07 3.78491 4.30528E-08 0.77879 1.18223 91259
31 60 0.00241025 0.152654 0.365925 0.17171 0.00378634 0.00319059 0.0187185 0.195812 0 6.22288 3.09374 32.8156 5.77648E-08 -6.74688E-08 0.000000455 3.74812 3.22901E-08 0.745502 1.13829 91313
31 60 0.00198857 0.12596 0.314021 0.183869 0.00310678 0.00496023 0.0148111 0.207768 0 4.89025 2.04899 33.3882 6.17658E-08 -6.04987E-08 4.64112E-07 3.75483 4.34391E-08 0.77879 1.18223 91369
31 60 0.00198857 0.12596 0.314021 0.183869 0.00310678 0.00496023 0.0148111 0.207768 0 4.86622 2.01686 33.399 6.22638E-08 -6.07323E-08 4.64208E-07 3.76317 4.51244E-08 0.83115 0.874821 91420
31 60 0.00198857 0.12596 0.314021 0.183869 0.00310678 0.00496023 0.0148111 0.207768 0 4.81759 2.01745 33.434 6.29347E-08 -0.000000061 4.64369E-07 3.70669 4.45252E-08 0.77879 1.18223 91471
31 60 0.00198857 0.12596 0.314021 0.183869 0.00310678 0.00496023 0.0148111 0.207768 0 4.75272 2.005 33.4787 6.28129E-08 -6.10643E-08 4.64244E-07 3.66087 4.47293E-08 0.77879 1.18223 91526
31 60 0.00198857 0.12596 0.314021 0.183869 0.00310678 0.00496023 0.0148111 0.207768 0 5.21491 2.1009 33.176 6.29025E-08 -6.11584E-08 4.64212E-07 3.86112 0.000000045 0.77879 1.18223 91579
31 60 0.00198857 0.12596 0.314021 0.183869 0.00310678 0.00496023 0.0148111 0.207768 0 5.25231 2.54063 33.2495 6.25801E-08 -6.14945E-08 4.63689E-07 3.51583 1.88125E-08 0.77879 1.18223 91631
31 60 0.00198857 0.12596 0.314021 0.183869 0.00310678 0.00496023 0.0148111 0.207768 0 5.20349 2.53556 33.2808 0.00000006 -6.31215E-08 4.60507E-07 3.48529 4.48712E-08 0.77879 1.18223 91686
31 68.18 0.00198857 0.12596 0.314021 0.183869 0.00310678 0.00496023 0.0148111 0.207768 0 5.14442 2.51457 33.3154 6.02492E-08 -6.30817E-08 4.60704E-07 3.51853 4.53266E-08 0.77879 1.18223 91738
31 68.18 0.00198857 0.12596 0.314021 0.183869 0.00310678 0.00496023 0.0148111 0.207768 0 5.08233 2.49188 33.3523 6.07991E-08 -6.31479E-08 0.000000461 3.57044 4.58603E-08 0.77879 1.18223 91789
31 68.18 0.00198857 0.12596 0.314021 0.183869 0.00310678 0.00496023 0.0148111 0.207768 0 5.04953 2.47572 33.371 6.07369E-08 -6.29493E-08 4.6114E-07 3.56488 4.62748E-08 0.820258 1.00486 91842
31 68.18 0.00198857 0.12596 0.314021 0.183869 0.00310678 0.00496023 0.0148111 0.207768 0 4.99922 2.43644 33.3965 6.1156E-08 -6.30557E-08 4.61306E-07 3.56608 4.50975E-08 0.824809 0.99323 91896
31 68.18 0.00198857 0.12596 0.314021 0.183869 0.00310678 0.00496023 0.0148111 0.207768 0 4.99306 2.42459 33.398 6.13446E-08 -6.28272E-08 4.61642E-07 3.54409 4.46612E-08 0.77879 1.18223 91961
31 68.18 0.00198857 0.12596 0.314021 0.183869 0.00310678 0.00496023 0.0148111 0.207768 0 4.99695 2.37283 33.3831 6.15697E-08 -6.28034E-08 4.61808E-07 3.63656 4.34573E-08 0.824782 0.979503 92014
31 68.18 0.00198857 0.12596 0.314021 0.183869 0.00310678 0.00496023 0.0148111 0.207768 0 5.00322 2.37075 33.3782 6.17316E-08 -6.25737E-08 4.62128E-07 3.68686 0.000000045 0.823188 0.976491 92066
31 68.18 0.00198857 0.12596 0.314021 0.183869 0.00310678 0.00496023 0.0148111 0.207768 0 5.07578 2.3939 33.3334 0.000000062 -6.26745E-08 4.62175E-07 3.68076 4.55011E-08 0.820765 0.981588 92120
31 68.18 0.00198857 0.12596 0.314021 0.183869 0.00310678 0.00496023 0.0148111 0.207768 0 5.1618 1.97662 33.1871 6.56795E-08 -6.01684E-08 4.66917E-07 3.65745 4.40849E-08 0.807051 0.95799 92171
31 68.18 0.00198857 0.12596 0.314021 0.183869 0.00310678 0.00496023 0.0148111 0.207768 0 5.03951 1.74167 33.2283 6.17298E-08 -5.67198E-08 4.67662E-07 3.74277 4.47834E-08 0.807676 0.814038 92223
31 68.18 0.00198857 0.12596 0.314021 0.183869 0.00310678 0.00496023 0.0148111 0.207768 0 5.04625 1.80053 33.2336 6.09083E-08 -5.66215E-08 4.67231E-07 3.74866 4.68526E-08 0.808163 0.829989 92274
31 68.18 0.00198857 0.12596 0.314021 0.183869 0.00310678 0.00496023 0.0148111 0.207768 0 5.02973 1.79781 33.2444 6.07447E-08 -5.67723E-08 0.000000467 3.79622 4.74375E-08 0.809705 0.828023 92325
31 68.18 0.000306264 0.203592 0.0362058 26.6315 0.000486483 1.97639 0.00109082 0.219251 41.5081 5.02235 1.85644 33.2597 6.07519E-08 -5.72422E-08 4.66545E-07 3.81919 4.86291E-08 0.81052 0.834868 92381
31 68.18 0.00191177 0.201998 0.026259 4.05018 0.0076516 0.123363 0.00307308 0.144916 11.4369 5.02128 1.89802 33.2679 6.11641E-08 -5.79087E-08 4.66177E-07 3.85086 4.92185E-08 0.812472 0.8538 92433
31 68.18 0.00383893 0.175512 0.248842 0.448687 0.0103724 0.00463736 0.0167686 0.152736 0 5.01243 1.97593 33.2885 6.14297E-08 -5.82431E-08 0.000000466 3.88354 5.02383E-08 0.814855 0.873754 92487
31 68.18 0.00383893 0.175512 0.248842 0.448687 0.0103724 0.00463736 0.0167686 0.152736 0 5.00855 2.00464 33.2966 6.17799E-08 -5.87061E-08 4.65816E-07 3.88791 0.000000052 0.815914 0.880411 92538
31 68.18 0.00383893 0.175512 0.248842 0.448687 0.0103724 0.00463736 0.0167686 0.152736 0 4.68126 1.636 33.4657 0 0 0 3.73516 0 0.843599 0.751314 92593
31 69.77 0.00383893 0.175512 0.248842 0.448687 0.0103724 0.00463736 0.0167686 0.152736 0 4.69686 1.54101 33.4397 6.49182E-08 -5.71636E-08 4.69273E-07 3.99529 0.00000005 0.843363 0.751191 92649
31 69.77 0.00383893 0.175512 0.248842 0.448687 0.0103724 0.00463736 0.0167686 0.152736 0 4.70258 1.57496 33.4406 6.52519E-08 -5.73208E-08 4.69337E-07 3.9388 5.15799E-08 0.839371 0.730605 92705
31 69.77 0.00383893 0.175512 0.248842 0.448687 0.0103724 0.00463736 0.0167686 0.152736 0 4.68728 1.58667 33.4536 6.52013E-08 -5.73479E-08 4.69279E-07 3.9607 5.14749E-08 0.841619 0.737952 92758
31 69.77 0.00383893 0.175512 0.248842 0.448687 0.0103724 0.00463736 0.0167686 0.152736 0 4.67139 1.688 33.4814 6.54737E-08 -5.75772E-08 4.69236E-07 3.79053 5.14255E-08 0.842431 0.740674 92810
31 69.77 0.020204 0.0974406 0.0361746 14.4165 0.00573098 0.0284373 0.00159673 0.172401 -18.1087 4.95211 2.72215 33.5029 6.77907E-08 -6.46525E-08 0.000000464 3.80963 0.000000052 0.835269 1.06458 92863
31 69.77 0.0066285 0.0675346 0.0488143 18.8984 0.00747888 0.0491432 0.00137592 0.17706 -9.52732 5.00056 2.59133 33.4341 6.74563E-08 -6.46645E-08 4.63798E-07 3.77399 5.1833E-08 0.827496 1.03265 92914
31 69.77 0.00531954 0.0780607 0.105065 2.78147 0.00345047 0.0284322 0.00529956 0.19814 0 4.99471 2.63094 33.4484 6.71336E-08 -6.46801E-08 4.63578E-07 3.76984 5.15911E-08 0.828856 1.04248 92965
31 69.77 0.0114493 0.117124 0.220918 9.25374 0.00339265 0.00834742 0.0119301 0.189365 0 5.01052 2.50851 33.4062 6.62844E-08 -6.44368E-08 4.63267E-07 3.9018 5.07817E-08 0.826516 1.01466 93018
31 69.77 0.00288002 0.158673 0.365084 0.249953 0.00382361 0.00296322 0.0193374 0.194481 0 5.03989 2.48713 33.3805 6.5518E-08 -0.000000064 4.63239E-07 3.90075 5.03131E-08 0.82334 1.00987 93072
31 69.77 0.00288002 0.158673 0.365084 0.249953 0.00382361 0.00296322 0.0193374 0.194481 0 5.09901 2.47097 33.3358 6.51358E-08 -6.37748E-08 4.63161E-07 3.88675 4.94122E-08 0.77879 1.18223 93130
31 69.77 0.00295134 0.171328 0.39916 0.226957 0.00410665 0.00247724 0.0203536 0.199314 0 5.11451 2.47582 33.3264 6.49108E-08 -6.36329E-08 4.63152E-07 3.89193 4.8781E-08 0.77879 1.18223 93183
31 69.77 0.00295134 0.171328 0.39916 0.226957 0.00410665 0.00247724 0.0203536 0.199314 0 5.14566 2.48092 33.3064 6.43204E-08 -6.35852E-08 4.62821E-07 3.88333 4.88954E-08 0.77879 1.18223 93237
31 69.77 0.00295134 0.171328 0.39916 0.226957 0.00410665 0.00247724 0.0203536 0.199314 0 4.70538 2.2158 33.5575 6.46996E-08 -6.36684E-08 0.000000463 3.74088 4.88942E-08 0.77879 1.18223 93290
31 69.77 0.00295134 0.171328 0.39916 0.226957 0.00410665 0.00247724 0.0203536 0.199314 0 4.52638 2.12123 33.6724 7.08333E-08 -6.37747E-08 4.66791E-07 3.84091 5.01516E-08 0.876156 0.878201 93341
31 69.77 0.00295134 0.171328 0.39916 0.226957 0.00410665 0.00247724 0.0203536 0.199314 0 4.51746 2.1262 33.6803 7.09113E-08 -6.38957E-08 4.66726E-07 3.83253 5.06062E-08 0.877538 0.878919 93392
31 69.77 0.00312352 0.164057 0.387714 9.38114 0.00394668 0.00273941 0.00620057 0.202952 -12.035 4.60159 2.17295 33.626 7.01196E-08 -6.42493E-08 4.65888E-07 3.9404 5.0335E-08 0.867098 0.899559 93448
31 69.77 0.00478007 0.158397 0.37498 3.79726 0.00382584 0.00295174 0.00752722 0.202881 -11.5817 4.65047 2.21728 33.5989 6.98397E-08 -6.45764E-08 4.654E-07 3.93752 5.03791E-08 0.861639 0.915938 93499
31 68.97 0.00284847 0.150317 0.381627 0.268474 0.00365279 0.00350374 0.01426 0.219652 0 4.70852 2.26909 33.5671 6.94554E-08 -6.47245E-08 0.000000465 3.95383 4.97448E-08 0.864022 0.914339 93549
31 68.97 0.0144665 0.157891 0.354846 6.37158 0.00381521 0.00302591 0.0172499 0.208007 -4.33733 4.83831 2.32187 33.484 6.9507E-08 -0.000000065 4.64821E-07 3.90538 4.9816E-08 0.840576 0.956241 93603
31 68.97 0.03378 0.154594 0.192716 11.2534 0.00374414 0.00308252 0.014827 0.200142 -10.7668 4.91678 2.33121 33.43 0 0 0 3.7952 0 0.842341 0.956182 93655
31 68.97 0.0226353 0.14258 0.248272 12.0643 0.00346739 0.00360878 0.0161562 0.196385 -7.3462 5.11527 2.18031 33.259 7.26114E-08 -6.15167E-08 4.70058E-07 3.91375 4.93158E-08 -19.4819 -3.43035 93709
31 68.97 0.0240785 0.143112 0.249371 13.53 0.00347818 0.00357579 0.0162191 0.196025 -8.078 5.04955 2.18511 33.3049 8.16578E-08 -7.05363E-08 4.67294E-07 3.94345 2.75878E-08 0.77879 1.18223 93761
31 68.97 0.0149196 0.144963 0.292433 7.1063 0.00351491 0.00346473 0.0174095 0.194843 -3.75116 5.05008 2.2201 33.312 6.72596E-08 -6.2644E-08 4.65583E-07 3.95294 4.98496E-08 0.816066 0.936624 93815
31 68.97 0.0182336 0.14936 0.30212 10.1458 0.00360699 0.00324561 0.0178716 0.194901 -6.12631 5.05015 2.22894 33.3139 6.65735E-08 -6.25324E-08 4.65252E-07 3.98223 5.01086E-08 0.77879 1.18223 93874
31 68.97 0.0166258 0.158982 0.358815 9.71319 0.00377408 0.00280758 0.0199849 0.195125 -5.98742 5.07066 2.2517 33.3047 6.62814E-08 -6.28262E-08 4.64788E-07 3.99055 4.94005E-08 0.77879 1.18223 93927
31 68.97 0.0170645 0.1682 0.376044 9.30477 0.00398138 0.00247741 0.0211409 0.193746 -6.64782 5.09066 2.282 33.2977 0.000000066 -6.32461E-08 4.64205E-07 3.97635 4.90508E-08 0.813423 0.954618 93981
31 68.97 0.0172922 0.16506 0.366764 9.78279 0.00391183 0.00258615 0.0207485 0.193622 -6.66027 5.09026 2.27584 33.2966 6.5936E-08 -6.32604E-08 4.64158E-07 4.00506 4.87419E-08 0.812622 0.955721 94033
31 68.97 0.0172922 0.16506 0.366764 9.78279 0.00391183 0.00258615 0.0207485 0.193622 -6.66027 5.09971 2.27667 33.2904 6.60849E-08 -6.35938E-08 4.63937E-07 3.98656 4.80812E-08 0.77879 1.18223 94086
31 68.97 0.0166861 0.154547 0.341977 10.3195 0.0036679 0.00305211 0.0193659 0.193526 -5.78035 5.09997 2.27638 33.2901 0.000000066 -6.37707E-08 4.6369E-07 3.95934 4.78066E-08 0.811679 0.956262 94140
31 68.97 0.0166861 0.154547 0.341977 10.3195 0.0036679 0.00305211 0.0193659 0.193526 -5.78035 3.81122 1.83888 34.2102 8.60739E-08 -6.72383E-08 4.73225E-07 3.74026 5.10548E-08 0.77879 1.18223 94195
31 68.97 0.0166861 0.154547 0.341977 10.3195 0.0036679 0.00305211 0.0193659 0.193526 -5.78035 3.79117 1.82703 34.226 0.000000086 -6.72462E-08 4.73178E-07 3.7908 5.19005E-08 0.990883 0.684806 94249
31 68.97 0.0121504 0.12571 0.24414 6.02794 0.00307106 0.0049338 0.0147781 0.192983 -1.01219 3.80088 1.82332 34.2165 8.56029E-08 -6.7315E-08 4.72852E-07 3.77955 5.07581E-08 0.77879 1.18223 94300
40 68.97 0.0121504 0.12571 0.24414 6.02794 0.00307106 0.0049338 0.0147781 0.192983 -1.01219 3.80861 1.81691 34.2083 8.46306E-08 -6.7263E-08 4.72282E-07 3.77809 5.0164E-08 0.98797 0.679799 94351
40 68.97 0.0121504 0.12571 0.24414 6.02794 0.00307106 0.0049338 0.0147781 0.192983 -1.01219 3.83442 1.83899 34.1895 8.35037E-08 -6.71881E-08 4.71635E-07 3.72547 4.93923E-08 0.984367 0.681066 94404
40 68.97 0.0121504 0.12571 0.24414 6.02794 0.00307106 0.0049338 0.0147781 0.192983 -1.01219 3.83361 1.84617 34.1916 8.31199E-08 -6.72009E-08 4.71378E-07 3.73095 4.97176E-08 0.77879 1.18223 94458
40 68.97 0.0121504 0.12571 0.24414 6.02794 0.00307106 0.0049338 0.0147781 0.192983 -1.01219 3.88536 1.88713 34.1536 0.000000082 -6.71322E-08 4.70734E-07 3.67611 0.000000049 0.980629 0.705692 94509
24 60 0.0121504 0.12571 0.24414 6.02794 0.00307106 0.0049338 0.0147781 0.192983 -1.01219 3.90621 1.92604 34.143 8.16364E-08 -6.73027E-08 4.70337E-07 3.64269 4.8707E-08 0.974985 0.720045 94562
24 60 0.0121504 0.12571 0.24414 6.02794 0.00307106 0.0049338 0.0147781 0.192983 -1.01219 3.95241 1.94404 34.1062 8.07742E-08 -6.6927E-08 4.70143E-07 3.62238 4.90726E-08 0.77879 1.18223 94616
24 60 0.0121504 0.12571 0.24414 6.02794 0.00307106 0.0049338 0.0147781 0.192983 -1.01219 4.52493 1.79755 33.6103 7.24876E-08 -6.28783E-08 4.68692E-07 3.84733 0.000000049 0.77879 1.18223 94672
24 60 0.0121504 0.12571 0.24414 6.02794 0.00307106 0.0049338 0.0147781 0.192983 -1.01219 4.44278 1.89136 33.691 7.20689E-08 -0.000000063 4.68336E-07 3.64375 4.87544E-08 0.77879 1.18223 94727
24 60 0.0121504 0.12571 0.24414 6.02794 0.00307106 0.0049338 0.0147781 0.192983 -1.01219 4.48028 1.9182 33.6669 7.13988E-08 -6.28044E-08 4.68068E-07 3.65327 4.76291E-08 0.877192 0.812604 94779
24 60 0.0211964 0.150972 0.0430406 1.58547 0.00365882 0.00335062 0.0090205 0.195389 -1.16891 4.53976 1.95014 33.6273 0.000000071 -6.27396E-08 4.67848E-07 3.66713 0.000000048 0.77879 1.18223 94834
24 60 0.0030403 0.151318 0.197117 0.181148 0.00378727 0.00326978 0.0139345 0.19613 0 4.63972 1.94489 33.5506 7.03638E-08 -6.2589E-08 4.67613E-07 3.77352 4.85372E-08 0.856549 0.836261 94889
24 60 0.00564304 0.143294 0.13829 0.276929 0.0039356 0.00367268 0.0124318 0.194217 0 4.70523 1.8667 33.4873 6.95893E-08 -6.23155E-08 4.67378E-07 3.80147 4.9207E-08 0.846486 0.819715 94942
24 60 0.00309777 0.157348 0.360805 0.300573 0.00389365 0.00293528 0.0192449 0.197174 0 4.6825 2.02756 33.5349 6.95311E-08 -6.20706E-08 4.67572E-07 3.68436 4.9151E-08 0.845452 0.82114 94994
24 60 0.00309777 0.157348 0.360805 0.300573 0.00389365 0.00293528 0.0192449 0.197174 0 4.70451 2.04311 33.5217 6.92285E-08 -0.000000062 4.67481E-07 3.74357 4.95757E-08 0.77879 1.18223 95045
24 60 0.00309777 0.157348 0.360805 0.300573 0.00389365 0.00293528 0.0192449 0.197174 0 4.75739 2.08246 33.4908 6.89373E-08 -6.18681E-08 4.67386E-07 3.75551 5.03861E-08 0.77879 1.18223 95100
24 60 0.00309777 0.157348 0.360805 0.300573 0.00389365 0.00293528 0.0192449 0.197174 0 4.79042 2.08602 33.4674 6.88926E-08 -6.1836E-08 4.67387E-07 3.77432 5.07464E-08 0.77879 1.18223 95153
24 60 0.00309777 0.157348 0.360805 0.300573 0.00389365 0.00293528 0.0192449 0.197174 0 4.85259 2.13113 33.4319 6.84844E-08 -6.19221E-08 0.000000467 3.77082 5.03243E-08 0.77879 1.18223 95207
24 76.92 0.00309777 0.157348 0.360805 0.300573 0.00389365 0.00293528 0.0192449 0.197174 0 4.80946 2.17165 33.4716 6.84043E-08 -0.000000062 4.66923E-07 3.79523 5.07576E-08 0.77879 1.18223 95258
24 76.92 0.00278924 0.120297 0.287551 1.05037 0.00321243 0.00555 0.00803194 0.199621 0 4.91919 2.06242 33.3704 0.000000068 -6.15455E-08 4.67068E-07 3.78392 5.05733E-08 0.77879 1.18223 95308
24 76.92 0.00474939 0.137285 0.309918 1.43456 0.0037112 0.00418786 0.00857307 0.194612 -5.48369 4.93302 2.13862 33.3763 6.74734E-08 -6.13437E-08 4.66949E-07 3.71557 5.01249E-08 0.77879 1.18223 95362
24 76.92 0.00469257 0.166987 0.344531 0.663271 0.00421939 0.0028187 0.0164639 0.191395 0 4.42385 2.27089 33.7857 7.73342E-08 -6.83804E-08 4.66578E-07 3.58752 4.67015E-08 0.77879 1.18223 95413
24 76.92 0.00469257 0.166987 0.344531 0.663271 0.00421939 0.0028187 0.0164639 0.191395 0 4.40428 2.22608 33.791 7.72062E-08 -6.72272E-08 4.67586E-07 3.62146 4.65529E-08 0.77879 1.18223 95465
24 76.92 0.00469257 0.166987 0.344531 0.663271 0.00421939 0.0028187 0.0164639 0.191395 0 4.40725 2.22109 33.7875 0.000000077 -6.7087E-08 4.67591E-07 3.62574 0.000000046 0.77879 1.18223 95519
24 76.92 0.00469257 0.166987 0.344531 0.663271 0.00421939 0.0028187 0.0164639 0.191395 0 4.41172 2.22125 33.784 7.66689E-08 -6.71655E-08 4.67302E-07 3.59159 4.55927E-08 0.77879 1.18223 95575
24 76.92 0.00469257 0.166987 0.344531 0.663271 0.00421939 0.0028187 0.0164639 0.191395 0 4.41858 2.2172 33.7776 7.61975E-08 -0.000000067 4.6714E-07 3.55699 4.51102E-08 0.77879 1.18223 95626
24 76.92 0.00469257 0.166987 0.344531 0.663271 0.00421939 0.0028187 0.0164639 0.191395 0 4.42073 2.21519 33.7755 7.60939E-08 -6.67613E-08 4.67318E-07 3.55133 4.53555E-08 0.77879 1.18223 95677
24 76.92 0.00469257 0.166987 0.344531 0.663271 0.00421939 0.0028187 0.0164639 0.191395 0 4.4307 2.21382 33.7673 7.58617E-08 -6.68059E-08 4.67128E-07 3.556 4.56797E-08 0.77879 1.18223 95732
24 76.92 0.00469257 0.166987 0.344531 0.663271 0.00421939 0.0028187 0.0164639 0.191395 0 5.26678 2.25363 33.1735 6.96209E-08 -6.38676E-08 4.65931E-07 3.50416 3.66283E-08 0.77879 1.18223 95785
24 76.92 0.00469257 0.166987 0.344531 0.663271 0.00421939 0.0028187 0.0164639 0.191395 0 5.272 2.25756 33.171 6.62339E-08 -0.00000006 4.67443E-07 3.54171 4.54736E-08 0.77879 1.18223 95836
24 76.92 0.00469257 0.166987 0.344531 0.663271 0.00421939 0.0028187 0.0164639 0.191395 0 5.22353 2.24195 33.1996 6.6146E-08 -6.02565E-08 4.67131E-07 3.58791 4.65563E-08 0.796996 0.954913 95895
24 76.92 0.00469257 0.166987 0.344531 0.663271 0.00421939 0.0028187 0.0164639 0.191395 0 5.17727 2.25106 33.2323 6.60838E-08 -6.03798E-08 0.000000467 3.63324 4.75052E-08 0.77879 1.18223 95946
24 76.92 0.00469257 0.166987 0.344531 0.663271 0.00421939 0.0028187 0.0164639 0.191395 0 5.16385 2.25138 33.2414 6.61452E-08 -6.0637E-08 4.66771E-07 3.62522 4.81947E-08 0.77879 1.18223 95999
24 76.92 0.00469257 0.166987 0.344531 0.663271 0.00421939 0.0028187 0.0164639 0.191395 0 5.13548 2.27518 33.2657 0.000000066 -6.07175E-08 4.66601E-07 3.62632 4.80625E-08 0.77879 1.18223 96050
24 76.92 0.00469257 0.166987 0.344531 0.663271 0.00421939 0.0028187 0.0164639 0.191395 0 5.09348 2.26013 33.291 6.59155E-08 -6.10889E-08 4.66197E-07 3.65314 5.0212E-08 0.77879 1.18223 96104
24 67.42 0.00469257 0.166987 0.344531 0.663271 0.00421939 0.0028187 0.0164639 0.191395 0 5.07981 2.24134 33.2962 6.64074E-08 -6.13432E-08 4.6627E-07 3.65703 5.02471E-08 0.813041 0.946471 96157
24 67.42 0.00469257 0.166987 0.344531 0.663271 0.00421939 0.0028187 0.0164639 0.191395 0 5.02759 2.1893 33.3209 6.66888E-08 -6.13405E-08 4.66452E-07 3.69753 5.06434E-08 0.77879 1.18223 96209
24 67.42 0.00469257 0.166987 0.344531 0.663271 0.00421939 0.0028187 0.0164639 0.191395 0 4.99969 2.17114 33.3364 6.75768E-08 -6.151E-08 4.66857E-07 3.69794 5.0754E-08 0.77879 1.18223 96263
24 67.42 0.0103596 0.888112 0.877514 6.88757 0.00905088 0.0133554 0.000774727 0.862541 -1.1579 5.6326 2.40776 32.9766 6.21843E-08 -6.08942E-08 0.000000464 3.67724 4.58949E-08 0.769908 1.00291 96317
24 67.42 0.00149815 1.60019 0.235718 2.87191 0.00588646 0.00688721 0.00533751 0.20666 0 5.67007 2.41169 32.9548 6.19342E-08 -6.10878E-08 4.63662E-07 3.70121 4.73376E-08 0.767435 1.00448 96367
24 67.42 0.00149815 1.60019 0.235718 2.87191 0.00588646 0.00688721 0.00533751 0.20666 0 5.56675 2.4389 33.024 6.25013E-08 -6.13097E-08 4.63814E-07 3.6873 4.72462E-08 0.774958 1.00855 96420
24 67.42 0.00129385 0.687951 0.179711 0.522007 0.00218725 0.0159519 0.00886763 0.193194 2.23578 5.50144 2.41936 33.0601 6.25952E-08 -6.11393E-08 0.000000464 3.76478 4.74205E-08 0.777614 1.00633 96475
24 67.42 0.00129385 0.687951 0.179711 0.522007 0.00218725 0.0159519 0.00886763 0.193194 2.23578 5.47531 2.39579 33.0711 6.30995E-08 -6.15105E-08 0.000000464 3.73582 4.74636E-08 0.781095 0.996909 96529
24 67.42 0.00129385 0.687951 0.179711 0.522007 0.00218725 0.0159519 0.00886763 0.193194 2.23578 4.5748 2.05387 33.6212 7.43498E-08 -6.27772E-08 0.00000047 3.72071 5.05462E-08 0.867789 0.8624 96583
24 67.42 0.00129385 0.687951 0.179711 0.522007 0.00218725 0.0159519 0.00886763 0.193194 2.23578 4.58084 2.07804 33.6216 7.44844E-08 -6.3095E-08 4.69759E-07 3.69014 5.15819E-08 0.8665 0.868403 96635
24 67.42 0.00129385 0.687951 0.179711 0.522007 0.00218725 0.0159519 0.00886763 0.193194 2.23578 4.58712 2.07966 33.6172 7.38347E-08 -6.29133E-08 4.69517E-07 3.71813 5.1219E-08 0.77879 1.18223 96690
24 67.42 0.00129385 0.687951 0.179711 0.522007 0.00218725 0.0159519 0.00886763 0.193194 2.23578 4.59798 2.11037 33.6154 7.34E-08 -0.000000063 4.69156E-07 3.69684 5.22219E-08 0.77879 1.18223 96752
24 67.42 0.00129385 0.687951 0.179711 0.522007 0.00218725 0.0159519 0.00886763 0.193194 2.23578 4.69057 2.11983 33.5478 0.000000073 -6.28325E-08 4.69088E-07 3.71418 5.25807E-08 0.77879 1.18223 96805
24 67.42 0.000738899 0.653797 0.114545 1.43351 0.00151755 0.0507413 0.00342037 0.191179 1.61892 4.65382 2.15551 33.5829 7.26679E-08 -6.28041E-08 4.68877E-07 3.72016 5.27582E-08 0.861656 0.897531 96857
24 67.42 0.000738899 0.653797 0.114545 1.43351 0.00151755 0.0507413 0.00342037 0.191179 1.61892 4.6383 2.1531 33.594 7.23544E-08 -6.2576E-08 4.68893E-07 3.70687 5.3774E-08 0.77879 1.18223 96911
24 67.42 0.000506103 0.173568 0.0703555 3.93134 0.000949549 0.168181 0.00247018 0.193699 11.6251 4.71932 2.15101 33.5331 7.21118E-08 -6.25538E-08 4.6876E-07 3.70909 5.42544E-08 0.77879 1.18223 96969
24 67.42 0.00168279 0.306536 0.147895 0.809796 0.00181593 0.0266087 0.00689556 0.194219 0.375306 4.68502 2.19482 33.568 7.15085E-08 -6.23599E-08 4.68559E-07 3.70646 5.51526E-08 0.77879 1.18223 97019
24 67.42 0.00168279 0.306536 0.147895 0.809796 0.00181593 0.0266087 0.00689556 0.194219 0.375306 4.77027 2.19521 33.5052 7.10848E-08 -6.20788E-08 4.68554E-07 3.71578 5.58178E-08 0.77879 1.18223 97071
24 67.42 0.00168279 0.306536 0.147895 0.809796 0.00181593 0.0266087 0.00689556 0.194219 0.375306 4.75224 2.19595 33.5186 0.000000071 -6.22492E-08 4.68369E-07 3.71211 5.53213E-08 0.77879 1.18223 97126
24 61.86 0.00168279 0.306536 0.147895 0.809796 0.00181593 0.0266087 0.00689556 0.194219 0.375306 4.70834 2.22757 33.5579 7.08212E-08 -6.2187E-08 4.68284E-07 3.73084 5.6818E-08 0.77879 1.18223 97178
24 61.86 0.00168279 0.306536 0.147895 0.809796 0.00181593 0.0266087 0.00689556 0.194219 0.375306 4.69096 2.2411 33.5739 7.27478E-08 -6.54989E-08 4.6638E-07 3.70898 4.68988E-08 0.77879 1.18223 97232
24 61.86 0.00168279 0.306536 0.147895 0.809796 0.00181593 0.0266087 0.00689556 0.194219 0.375306 4.68867 2.24649 33.5768 7.28987E-08 -6.54228E-08 4.66548E-07 3.71481 4.68348E-08 0.77879 1.18223 97285
24 61.86 0.00168279 0.306536 0.147895 0.809796 0.00181593 0.0266087 0.00689556 0.194219 0.375306 4.68019 2.2491 33.5837 7.28686E-08 -6.52846E-08 4.6666E-07 3.68769 4.61652E-08 0.77879 1.18223 97340
24 61.86 0.00168279 0.306536 0.147895 0.809796 0.00181593 0.0266087 0.00689556 0.194219 0.375306 4.70269 2.23146 33.563 7.27771E-08 -6.50561E-08 4.66818E-07 3.67959 4.62331E-08 0.77879 1.18223 97401
24 61.86 0.00168279 0.306536 0.147895 0.809796 0.00181593 0.0266087 0.00689556 0.194219 0.375306 4.71228 2.23121 33.5558 7.27779E-08 -6.49466E-08 4.66922E-07 3.67659 4.66122E-08 0.77879 1.18223 97454
24 61.86 0.00168279 0.306536 0.147895 0.809796 0.00181593 0.0266087 0.00689556 0.194219 0.375306 4.62849 2.23946 33.6204 0.000000073 -0.000000065 0.000000467 3.70984 4.64612E-08 0.77879 1.18223 97508
24 61.86 0.00168279 0.306536 0.147895 0.809796 0.00181593 0.0266087 0.00689556 0.194219 0.375306 4.73867 2.23062 33.5362 0.000000073 -6.49132E-08 4.67096E-07 3.66664 4.6542E-08 0.77879 1.18223 97569
24 61.86 0.00168279 0.306536 0.147895 0.809796 0.00181593 0.0266087 0.00689556 0.194219 0.375306 4.73808 2.22087 33.5344 7.32434E-08 -6.51083E-08 4.67065E-07 3.68133 4.68103E-08 0.77879 1.18223 97620
24 61.86 0.00168279 0.306536 0.147895 0.809796 0.00181593 0.0266087 0.00689556 0.194219 0.375306 4.74988 2.22618 33.5269 7.35043E-08 -6.51068E-08 4.67233E-07 3.67593 0.000000047 0.84921 0.924979 97672
24 61.86 0.00168279 0.306536 0.147895 0.809796 0.00181593 0.0266087 0.00689556 0.194219 0.375306 5.01309 2.10926 33.3143 7.06333E-08 -6.38688E-08 4.66574E-07 3.70864 4.63613E-08 0.817323 0.90889 97726
24 61.86 0.00168279 0.306536 0.147895 0.809796 0.00181593 0.0266087 0.00689556 0.194219 0.375306 5.03909 2.10801 33.2961 7.04912E-08 -6.37518E-08 4.66595E-07 3.73812 4.58228E-08 0.814671 0.910012 97786
24 61.86 0.00168279 0.306536 0.147895 0.809796 0.00181593 0.0266087 0.00689556 0.194219 0.375306 4.96647 2.22076 33.3702 7.03965E-08 -6.37014E-08 4.66582E-07 3.68445 0.000000047 0.824289 0.93572 97842
24 61.86 0.00168279 0.306536 0.147895 0.809796 0.00181593 0.0266087 0.00689556 0.194219 0.375306 4.99063 2.21237 33.3515 7.05316E-08 -6.40731E-08 4.66317E-07 3.70488 4.61934E-08 0.82158 0.934737 97895
24 69.77 0.000960866 0.0923087 0.185052 0.679363 0.00181962 0.025171 0.00625512 0.237206 9.37525 5.00868 2.21332 33.3392 7.07806E-08 -6.41068E-08 4.66443E-07 3.70276 4.60505E-08 0.820656 0.935312 97948
24 69.77 0.000960866 0.0923087 0.185052 0.679363 0.00181962 0.025171 0.00625512 0.237206 9.37525 5.42324 2.33185 33.0896 6.70873E-08 -6.33968E-08 4.64762E-07 3.70714 4.44135E-08 0.784173 0.980825 98000
24 69.77 0.000960866 0.0923087 0.185052 0.679363 0.00181962 0.025171 0.00625512 0.237206 9.37525 5.45292 2.33571 33.0717 0.000000067 -6.3302E-08 4.64827E-07 3.71365 0.000000045 0.781921 0.982534 98051
24 69.77 0.000960866 0.0923087 0.185052 0.679363 0.00181962 0.025171 0.00625512 0.237206 9.37525 5.38528 2.34248 33.1162 0.000000067 -6.31172E-08 0.000000465 3.698 4.62849E-08 0.787359 0.982247 98108
24 69.77 0.000960866 0.0923087 0.185052 0.679363 0.00181962 0.025171 0.00625512 0.237206 9.37525 5.35159 2.35633 33.141 6.72147E-08 -6.28765E-08 4.65335E-07 3.70331 4.64262E-08 0.790329 0.984558 98163
24 69.77 0.000960866 0.0923087 0.185052 0.679363 0.00181962 0.025171 0.00625512 0.237206 9.37525 5.29877 2.37062 33.1785 6.71041E-08 -6.26323E-08 4.65495E-07 3.70559 4.73774E-08 0.788556 0.986869 98217
24 69.77 0.000960866 0.0923087 0.185052 0.679363 0.00181962 0.025171 0.00625512 0.237206 9.37525 5.32502 2.37792 33.1631 6.71632E-08 -6.23232E-08 4.65825E-07 3.7176 4.85102E-08 0.792888 0.988929 98271
24 69.77 0.000960866 0.0923087 0.185052 0.679363 0.00181962 0.025171 0.00625512 0.237206 9.37525 5.36271 2.39284 33.1421 6.70841E-08 -6.25551E-08 4.65556E-07 3.70614 4.92203E-08 0.789976 0.993468 98329
24 69.77 0.000960866 0.0923087 0.185052 0.679363 0.00181962 0.025171 0.00625512 0.237206 9.37525 5.4015 2.4082 33.1207 6.75264E-08 -6.23383E-08 0.000000466 3.71687 5.01495E-08 0.787056 0.998028 98380
24 69.77 0.000167187 0.0196156 0.00767046 54.9918 0.000233131 8.8498 0.000331323 0.244816 40.4026 5.42133 2.41604 33.1099 6.76217E-08 -6.22635E-08 4.66174E-07 3.72685 5.07021E-08 0.785593 1.00031 98430
24 69.77 0.0231793 0.422983 0.00165397 20.749 0.00479922 0.121617 0.000525073 0.179683 -0.0447693 5.36528 2.43203 33.1495 6.77334E-08 -6.22972E-08 4.66213E-07 3.72369 5.04728E-08 0.77879 1.18223 98482
24 69.77 0.0104912 0.154164 0.129742 2.43534 0.00426533 0.00763222 0.00882991 0.189521 -0.463661 5.01854 2.56606 33.415 7.02686E-08 -6.63412E-08 0.000000464 3.69069 4.42398E-08 0.77879 1.18223 98534
24 69.77 0.0104912 0.154164 0.129742 2.43534 0.00426533 0.00763222 0.00882991 0.189521 -0.463661 5.03059 2.45356 33.3788 0 0 0 3.71266 0 0.825116 1.02673 98585
24 69.77 0.0104912 0.154164 0.129742 2.43534 0.00426533 0.00763222 0.00882991 0.189521 -0.463661 5.02193 2.48018 33.3913 0.000000073 -6.34371E-08 4.68512E-07 3.69078 0.000000054 0.77879 1.18223 98640
24 69.77 0.0104912 0.154164 0.129742 2.43534 0.00426533 0.00763222 0.00882991 0.189521 -0.463661 4.92988 2.61865 33.4912 7.24558E-08 -6.28745E-08 4.68675E-07 3.72657 5.33866E-08 0.77879 1.18223 98694
24 69.77 0.0104912 0.154164 0.129742 2.43534 0.00426533 0.00763222 0.00882991 0.189521 -0.463661 5.02139 2.61496 33.4256 7.54513E-08 -6.85809E-08 4.65189E-07 3.71288 4.66578E-08 0.77879 1.18223 98745
24 69.77 0.0104912 0.154164 0.129742 2.43534 0.00426533 0.00763222 0.00882991 0.189521 -0.463661 5.09983 2.64548 33.3791 7.44796E-08 -6.82195E-08 4.64911E-07 3.72755 4.69185E-08 0.77879 1.18223 98796
24 69.77 0.0104912 0.154164 0.129742 2.43534 0.00426533 0.00763222 0.00882991 0.189521 -0.463661 4.83625 2.91084 33.6404 7.40661E-08 -6.80539E-08 4.64805E-07 3.70892 4.55074E-08 0.77879 1.18223 98851
24 69.77 0.0104912 0.154164 0.129742 2.43534 0.00426533 0.00763222 0.00882991 0.189521 -0.463661 4.99771 2.7136 33.4683 0.000000074 -6.80577E-08 4.64741E-07 3.49178 4.4939E-08 0.77879 1.18223 98904
24 65.93 0.0104912 0.154164 0.129742 2.43534 0.00426533 0.00763222 0.00882991 0.189521 -0.463661 4.95542 2.76301 33.5118 7.44411E-08 -6.88306E-08 4.64309E-07 3.41755 4.38058E-08 0.77879 1.18223 98955
24 65.93 0.0104912 0.154164 0.129742 2.43534 0.00426533 0.00763222 0.00882991 0.189521 -0.463661 4.94094 2.76521 33.5227 7.45249E-08 -0.000000069 4.64208E-07 3.41224 4.43452E-08 0.77879 1.18223 99007
24 65.93 0.0104912 0.154164 0.129742 2.43534 0.00426533 0.00763222 0.00882991 0.189521 -0.463661 4.93662 2.78446 33.5312 7.45257E-08 -6.94219E-08 4.63804E-07 3.35651 4.34451E-08 0.77879 1.18223 99061
24 65.93 0.0104912 0.154164 0.129742 2.43534 0.00426533 0.00763222 0.00882991 0.189521 -0.463661 4.91013 2.80519 33.5561 7.47103E-08 -6.91841E-08 4.64146E-07 3.3447 4.31576E-08 0.841682 1.08484 99117
24 65.93 0.0104912 0.154164 0.129742 2.43534 0.00426533 0.00763222 0.00882991 0.189521 -0.463661 4.91082 2.83231 33.5633 7.48026E-08 -6.9439E-08 0.000000464 3.31746 0.000000043 0.842137 1.09165 99169
24 65.93 0.0104912 0.154164 0.129742 2.43534 0.00426533 0.00763222 0.00882991 0.189521 -0.463661 4.8345 2.24553 33.4696 7.1191E-08 -6.31088E-08 4.67648E-07 3.29795 4.3105E-08 0.839481 0.93531 99223
24 65.93 0.0104912 0.154164 0.129742 2.43534 0.00426533 0.00763222 0.00882991 0.189521 -0.463661 4.84067 2.21736 33.4589 7.15811E-08 -6.31488E-08 4.67859E-07 3.30892 4.26632E-08 0.838191 0.927982 99274
24 65.93 0.0104912 0.154164 0.129742 2.43534 0.00426533 0.00763222 0.00882991 0.189521 -0.463661 4.85187 2.22758 33.4531 7.16361E-08 -6.3269E-08 4.6778E-07 3.30525 4.33874E-08 0.837105 0.931401 99325
24 65.93 0.0104912 0.154164 0.129742 2.43534 0.00426533 0.00763222 0.00882991 0.189521 -0.463661 4.84315 2.23032 33.46 7.18136E-08 -6.34563E-08 4.67716E-07 3.33407 4.31491E-08 0.837648 0.930942 99380
24 65.93 0.00309297 0.155529 0.513601 0.349259 0.0039196 0.0047244 0.00922889 0.309894 0 4.84187 2.22254 33.4592 0.000000072 -6.33066E-08 0.000000468 3.35954 0.000000043 0.838158 0.929463 99432
24 65.93 0.00309297 0.155529 0.513601 0.349259 0.0039196 0.0047244 0.00922889 0.309894 0 4.72531 2.90487 33.7212 7.24504E-08 -6.37498E-08 4.67844E-07 3.54557 4.39189E-08 0.838505 0.927284 99483
24 65.93 0.00309297 0.155529 0.513601 0.349259 0.0039196 0.0047244 0.00922889 0.309894 0 4.98524 2.75344 33.488 7.839E-08 -6.68697E-08 4.68678E-07 3.55224 4.75216E-08 0.832186 1.07291 99534
24 65.93 0.00309297 0.155529 0.513601 0.349259 0.0039196 0.0047244 0.00922889 0.309894 0 4.96105 2.79379 33.5164 7.6875E-08 -6.71615E-08 4.67438E-07 3.55388 4.85045E-08 0.835646 1.08262 99588
24 65.93 0.00309297 0.155529 0.513601 0.349259 0.0039196 0.0047244 0.00922889 0.309894 0 4.95969 2.80963 33.5218 7.66495E-08 -6.72124E-08 4.67246E-07 3.55437 4.94478E-08 0.836106 1.08654 99639
24 65.93 0.00309297 0.155529 0.513601 0.349259 0.0039196 0.0047244 0.00922889 0.309894 0 4.85078 2.84329 33.61 7.69253E-08 -6.73418E-08 4.67299E-07 3.54382 5.10962E-08 0.849482 1.09371 99692
24 65.93 0.00309297 0.155529 0.513601 0.349259 0.0039196 0.0047244 0.00922889 0.309894 0 4.8279 2.74286 33.5983 7.69248E-08 -6.73574E-08 4.67284E-07 3.53828 5.06331E-08 0.850242 1.06758 99743
24 65.93 0.00309297 0.155529 0.513601 0.349259 0.0039196 0.0047244 0.00922889 0.309894 0 4.75382 3.0008 33.7289 7.67256E-08 -6.75678E-08 0.000000467 3.57336 5.07591E-08 0.86433 1.13172 99793
24 63.83 0.00309297 0.155529 0.513601 0.349259 0.0039196 0.0047244 0.00922889 0.309894 0 4.89749 2.79048 33.561 7.64236E-08 -6.74069E-08 4.66918E-07 3.57709 5.08913E-08 0.842865 1.08096 99845
24 63.83 0.00309297 0.155529 0.513601 0.349259 0.0039196 0.0047244 0.00922889 0.309894 0 4.8774 2.83212 33.5874 7.65257E-08 -6.7465E-08 4.66928E-07 3.57388 5.1482E-08 0.846065 1.09121 99897
24 63.83 0.00309297 0.155529 0.513601 0.349259 0.0039196 0.0047244 0.00922889 0.309894 0 4.96182 2.85561 33.5334 7.63024E-08 -6.74232E-08 4.66825E-07 3.55314 5.13907E-08 0.835792 1.09507 99954
24 63.83 0.00309297 0.155529 0.513601 0.349259 0.0039196 0.0047244 0.00922889 0.309894 0 4.96281 2.86751 33.5361 7.61314E-08 -6.72894E-08 4.66843E-07 3.54647 5.23724E-08 0.83688 1.10086 100004
24 63.83 0.00309297 0.155529 0.513601 0.349259 0.0039196 0.0047244 0.00922889 0.309894 0 4.96493 2.89159 33.5415 0.000000076 -6.7373E-08 4.66669E-07 3.53112 5.22888E-08 0.83711 1.10677 100058
24 63.83 0.00309297 0.155529 0.513601 0.349259 0.0039196 0.0047244 0.00922889 0.309894 0 4.96721 2.91607 33.5471 7.61533E-08 -6.75504E-08 4.6661E-07 3.54064 5.37133E-08 0.837221 1.10975 100114
24 63.83 0.00309297 0.155529 0.513601 0.349259 0.0039196 0.0047244 0.00922889 0.309894 0 4.96841 2.92847 33.5499 7.6387E-08 -6.77222E-08 4.66597E-07 3.53955 5.38188E-08 0.837433 1.11577 100170
24 63.83 0.00309297 0.155529 0.513601 0.349259 0.0039196 0.0047244 0.00922889 0.309894 0 4.95527 2.84004 33.5336 7.81148E-08 -7.16842E-08 0.000000464 3.5721 4.41482E-08 0.77879 1.18223 100222
24 63.83 0.00309297 0.155529 0.513601 0.349259 0.0039196 0.0047244 0.00922889 0.309894 0 4.95569 2.84663 33.5352 7.77323E-08 -7.12323E-08 4.64135E-07 3.56212 4.48098E-08 0.77879 1.18223 100273
24 63.83 0.00309297 0.155529 0.513601 0.349259 0.0039196 0.0047244 0.00922889 0.309894 0 4.95659 2.85976 33.5383 7.7496E-08 -7.08306E-08 4.64364E-07 3.56736 4.54394E-08 0.77879 1.18223 100325
24 63.83 0.00309297 0.155529 0.513601 0.349259 0.0039196 0.0047244 0.00922889 0.309894 0 4.87392 2.1675 33.4243 7.14493E-08 -0.000000061 4.69808E-07 3.5257 4.82181E-08 0.77879 1.18223 100383
24 63.83 0.00309297 0.155529 0.513601 0.349259 0.0039196 0.0047244 0.00922889 0.309894 0 4.96118 2.07547 33.3436 7.14326E-08 -6.06624E-08 4.70115E-07 3.56133 4.91979E-08 0.77879 1.18223 100433
24 63.83 0.000380563 1.40981 0.04137 13.7809 0.000681546 0.719429 0.00157561 0.194974 31.9819 4.95684 2.01042 33.3337 7.15838E-08 -6.07656E-08 4.70114E-07 3.59064 0.000000049 0.77879 1.18223 100485
24 63.83 0.000380563 1.40981 0.04137 13.7809 0.000681546 0.719429 0.00157561 0.194974 31.9819 4.97015 2.04795 33.3318 7.17319E-08 -6.12169E-08 4.69781E-07 3.59403 4.79147E-08 0.77879 1.18223 100538
24 63.83 0.000380563 1.40981 0.04137 13.7809 0.000681546 0.719429 0.00157561 0.194974 31.9819 4.98329 2.13254 33.3398 7.18581E-08 -6.1532E-08 4.69564E-07 3.54853 4.82562E-08 0.77879 1.18223 100591
24 70.59 0.000380563 1.40981 0.04137 13.7809 0.000681546 0.719429 0.00157561 0.194974 31.9819 4.98746 2.06584 33.3233 7.21127E-08 -6.16401E-08 4.69624E-07 3.59142 4.88601E-08 0.819128 0.895945 100647
24 70.59 0.000380563 1.40981 0.04137 13.7809 0.000681546 0.719429 0.00157561 0.194974 31.9819 5.00403 2.12459 33.3237 7.17173E-08 -6.15461E-08 4.69461E-07 3.54997 4.76848E-08 0.81854 0.912406 100700
24 70.59 0.000380563 1.40981 0.04137 13.7809 0.000681546 0.719429 0.00157561 0.194974 31.9819 4.86122 1.49655 33.3148 7.1661E-08 -6.07097E-08 4.70216E-07 3.55046 4.72275E-08 0.820306 0.732132 100753
24 70.59 0.000380563 1.40981 0.04137 13.7809 0.000681546 0.719429 0.00157561 0.194974 31.9819 4.88696 1.50329 33.2976 7.14109E-08 -5.7893E-08 4.72719E-07 3.67285 4.45908E-08 0.817819 0.736666 100804
24 70.59 0.000380563 1.40981 0.04137 13.7809 0.000681546 0.719429 0.00157561 0.194974 31.9819 4.89069 1.50424 33.2951 0.000000071 -5.72193E-08 4.73072E-07 3.66109 4.63307E-08 0.817349 0.737218 100856
24 70.59 0.000380563 1.40981 0.04137 13.7809 0.000681546 0.719429 0.00157561 0.194974 31.9819 4.89709 1.56875 33.3 7.11086E-08 -5.71137E-08 4.73263E-07 3.54846 4.67576E-08 0.818219 0.755317 100908
24 70.59 0.000380563 1.40981 0.04137 13.7809 0.000681546 0.719429 0.00157561 0.194974 31.9819 4.89574 1.53358 33.2957 7.12314E-08 -5.70508E-08 4.73401E-07 3.65449 4.70759E-08 0.81759 0.745717 100961
24 70.59 0.000380563 1.40981 0.04137 13.7809 0.000681546 0.719429 0.00157561 0.194974 31.9819 4.8939 1.53409 33.2971 7.12324E-08 -5.70954E-08 4.7336E-07 3.6553 4.70692E-08 0.817789 0.745665 101022
24 70.59 0.000380563 1.40981 0.04137 13.7809 0.000681546 0.719429 0.00157561 0.194974 31.9819 4.90647 1.52735 33.2873 0.000000071 -5.68634E-08 4.73457E-07 3.64575 4.74257E-08 0.816369 0.745134 101073
24 70.59 0.000380563 1.40981 0.04137 13.7809 0.000681546 0.719429 0.00157561 0.194974 31.9819 5.06115 2.20588 33.3013 7.23849E-08 -6.12944E-08 4.70124E-07 3.59939 4.52875E-08 0.81666 0.746633 101124
24 70.59 0.000380563 1.40981 0.04137 13.7809 0.000681546 0.719429 0.00157561 0.194974 31.9819 5.00977 2.62107 33.4353 7.65532E-08 -6.76078E-08 4.66811E-07 3.59144 4.61921E-08 0.827054 1.04033 101184
24 70.59 0.000380563 1.40981 0.04137 13.7809 0.000681546 0.719429 0.00157561 0.194974 31.9819 5.02325 2.6334 33.429 7.64362E-08 -6.78077E-08 4.66547E-07 3.59303 4.74278E-08 0.825843 1.0437 101238
24 70.59 0.000380563 1.40981 0.04137 13.7809 0.000681546 0.719429 0.00157561 0.194974 31.9819 5.03418 2.68541 33.4351 7.60724E-08 -0.000000068 4.66126E-07 3.60786 4.77141E-08 0.825741 1.0502 101289
24 70.59 0.000380563 1.40981 0.04137 13.7809 0.000681546 0.719429 0.00157561 0.194974 31.9819 4.94365 2.75121 33.5169 7.64697E-08 -6.77982E-08 4.66577E-07 3.62313 4.94104E-08 0.834608 1.07028 101345
24 70.59 0.000380563 1.40981 0.04137 13.7809 0.000681546 0.719429 0.00157561 0.194974 31.9819 4.93123 2.6644 33.5023 7.62317E-08 -6.76485E-08 4.66567E-07 3.58355 4.93644E-08 0.836517 1.04956 101397
24 70.59 0.000380563 1.40981 0.04137 13.7809 0.000681546 0.719429 0.00157561 0.194974 31.9819 4.93192 2.72104 33.517 7.62991E-08 -6.78321E-08 4.66437E-07 3.58259 4.98587E-08 0.837042 1.05789 101451
24 70.59 0.000380563 1.40981 0.04137 13.7809 0.000681546 0.719429 0.00157561 0.194974 31.9819 4.93173 2.74546 33.5239 7.62406E-08 -0.000000068 4.66268E-07 3.60538 4.97323E-08 0.838025 1.07011 101503
24 70.59 0.000380563 1.40981 0.04137 13.7809 0.000681546 0.719429 0.00157561 0.194974 31.9819 4.93146 2.79584 33.5381 7.66474E-08 -6.85649E-08 0.000000466 3.62219 4.97761E-08 0.838528 1.07638 101555
24 70.59 0.000380563 1.40981 0.04137 13.7809 0.000681546 0.719429 0.00157561 0.194974 31.9819 4.93135 2.84824 33.553 7.65812E-08 -6.89013E-08 4.65606E-07 3.6135 4.9708E-08 0.839555 1.08924 101606
24 65.22 0.000380563 1.40981 0.04137 13.7809 0.000681546 0.719429 0.00157561 0.194974 31.9819 4.93137 2.8752 33.5608 7.66214E-08 -6.91477E-08 4.65398E-07 3.592 4.99158E-08 0.840078 1.09583 101657
24 65.22 0.000380563 1.40981 0.04137 13.7809 0.000681546 0.719429 0.00157561 0.194974 31.9819 4.93143 2.90265 33.5688 0.000000077 -6.92312E-08 4.65547E-07 3.58586 5.07411E-08 0.841134 1.10928 101708
24 65.22 0.000380563 1.40981 0.04137 13.7809 0.000681546 0.719429 0.00157561 0.194974 31.9819 4.91548 2.84234 33.5628 7.69082E-08 -6.91467E-08 4.65582E-07 3.62003 5.09128E-08 0.841664 1.11613 101759
24 65.22 0.000380563 1.40981 0.04137 13.7809 0.000681546 0.719429 0.00157561 0.194974 31.9819 4.91597 2.87461 33.5717 7.69281E-08 -6.94151E-08 4.65341E-07 3.62142 5.01505E-08 0.842372 1.10224 101811
24 65.22 0.000380563 1.40981 0.04137 13.7809 0.000681546 0.719429 0.00157561 0.194974 31.9819 4.91449 2.92179 33.5866 7.71796E-08 -6.95004E-08 4.6542E-07 3.58481 4.99494E-08 0.77879 1.18223 101866
24 65.22 0.000380563 1.40981 0.04137 13.7809 0.000681546 0.719429 0.00157561 0.194974 31.9819 4.89677 2.85384 33.5796 7.72567E-08 -6.9505E-08 4.65465E-07 3.62955 5.01482E-08 0.844011 1.11979 101918
24 65.22 0.000380563 1.40981 0.04137 13.7809 0.000681546 0.719429 0.00157561 0.194974 31.9819 4.82298 2.87733 33.6403 7.72133E-08 -6.9289E-08 4.65642E-07 3.68899 0.00000005 0.844804 1.10394 101972
24 65.22 0.000380563 1.40981 0.04137 13.7809 0.000681546 0.719429 0.00157561 0.194974 31.9819 4.77704 2.83732 33.6626 7.73679E-08 -0.000000069 0.000000466 3.66263 4.9623E-08 0.77879 1.18223 102036
24 65.22 0.000380563 1.40981 0.04137 13.7809 0.000681546 0.719429 0.00157561 0.194974 31.9819 4.77866 2.83993 33.6622 7.74295E-08 -0.000000069 4.66091E-07 3.65787 4.96806E-08 0.77879 1.18223 102087
24 65.22 0.000380563 1.40981 0.04137 13.7809 0.000681546 0.719429 0.00157561 0.194974 31.9819 4.78445 2.84606 33.6597 7.72388E-08 -6.88265E-08 4.66095E-07 3.64401 5.0661E-08 0.77879 1.18223 102141
24 65.22 0.000380563 1.40981 0.04137 13.7809 0.000681546 0.719429 0.00157561 0.194974 31.9819 4.77627 2.84709 33.666 7.76311E-08 -6.85835E-08 4.66575E-07 3.65953 5.04998E-08 0.77879 1.18223 102195
24 65.22 0.000380563 1.40981 0.04137 13.7809 0.000681546 0.719429 0.00157561 0.194974 31.9819 4.76859 2.84189 33.6702 7.75147E-08 -6.85382E-08 4.66543E-07 3.65991 5.13761E-08 0.77879 1.18223 102246
24 65.22 0.000380563 1.40981 0.04137 13.7809 0.000681546 0.719429 0.00157561 0.194974 31.9819 4.73403 2.80256 33.6847 7.76211E-08 -6.84342E-08 4.6671E-07 3.65053 5.16498E-08 0.86102 1.08728 102300
24 65.22 0.000380563 1.40981 0.04137 13.7809 0.000681546 0.719429 0.00157561 0.194974 31.9819 4.7231 2.77447 33.6849 7.75572E-08 -6.83452E-08 4.66753E-07 3.66196 5.22759E-08 0.864188 1.07368 102354
24 65.22 0.000380563 1.40981 0.04137 13.7809 0.000681546 0.719429 0.00157561 0.194974 31.9819 4.74284 2.21537 33.5297 0.000000077 -6.74609E-08 4.67203E-07 3.56087 5.10654E-08 0.866042 1.06995 102409
24 65.22 0.000380563 1.40981 0.04137 13.7809 0.000681546 0.719429 0.00157561 0.194974 31.9819 4.70853 1.99936 33.51 7.28697E-08 -6.1602E-08 4.70142E-07 3.63237 4.83129E-08 0.849233 0.857913 102460
24 65.22 0.000380563 1.40981 0.04137 13.7809 0.000681546 0.719429 0.00157561 0.194974 31.9819 4.74141 1.95512 33.4772 7.23835E-08 -0.000000061 4.70439E-07 3.69745 4.88188E-08 0.77879 1.18223 102515
24 61.86 0.000380563 1.40981 0.04137 13.7809 0.000681546 0.719429 0.00157561 0.194974 31.9819 4.72258 1.93225 33.4867 7.22726E-08 -6.07687E-08 4.7055E-07 3.72095 0.00000005 0.77879 1.18223 102567
24 61.86 0.000380563 1.40981 0.04137 13.7809 0.000681546 0.719429 0.00157561 0.194974 31.9819 4.71788 1.89405 33.483 7.25383E-08 -6.06971E-08 4.70787E-07 3.6667 4.99151E-08 0.845613 0.828673 102620
24 61.86 0.000380563 1.40981 0.04137 13.7809 0.000681546 0.719429 0.00157561 0.194974 31.9819 4.69442 1.90087 33.5016 0.000000073 -6.07825E-08 0.000000471 3.72463 0.00000005 0.77879 1.18223 102670
24 61.86 0.000380563 1.40981 0.04137 13.7809 0.000681546 0.719429 0.00157561 0.194974 31.9819 4.69332 1.94503 33.5107 7.31029E-08 -6.0635E-08 4.71205E-07 3.61073 4.99412E-08 0.77879 1.18223 102723
24 61.86 0.000380563 1.40981 0.04137 13.7809 0.000681546 0.719429 0.00157561 0.194974 31.9819 4.6801 1.87426 33.5073 7.30624E-08 -6.03558E-08 4.71443E-07 3.63148 4.97019E-08 0.77879 1.18223 102776
24 61.86 0.000380563 1.40981 0.04137 13.7809 0.000681546 0.719429 0.00157561 0.194974 31.9819 4.66768 1.81068 33.505 7.3097E-08 -6.01256E-08 4.71683E-07 3.65479 0.00000005 0.849726 0.809882 102826
24 61.86 0.000380563 1.40981 0.04137 13.7809 0.000681546 0.719429 0.00157561 0.194974 31.9819 4.69616 1.84145 33.4894 7.33526E-08 -6.04151E-08 4.71572E-07 3.77172 5.05781E-08 0.77879 1.18223 102879
24 61.86 0.000380563 1.40981 0.04137 13.7809 0.000681546 0.719429 0.00157561 0.194974 31.9819 4.76228 1.53808 33.3916 7.2274E-08 -5.9584E-08 4.7167E-07 3.65023 4.80829E-08 0.77879 1.18223 102938
24 61.86 0.000380563 1.40981 0.04137 13.7809 0.000681546 0.719429 0.00157561 0.194974 31.9819 4.74203 1.23761 33.3669 7.08171E-08 -0.000000056 4.74121E-07 3.66982 4.92181E-08 0.827682 0.657915 102992
24 61.86 0.000380563 1.40981 0.04137 13.7809 0.000681546 0.719429 0.00157561 0.194974 31.9819 4.68597 1.77634 33.4854 7.01812E-08 -0.000000056 4.73707E-07 3.64189 4.95416E-08 0.77879 1.18223 103047
24 61.86 0.00129322 52.4556 0.113885 1.56223 0.00906536 0.0283549 0.0122503 0.103406 13.1747 4.57059 1.50343 33.5282 7.01601E-08 -5.73641E-08 4.72423E-07 3.63751 5.13184E-08 0.77879 1.18223 103098
24 61.86 0.00129322 52.4556 0.113885 1.56223 0.00906536 0.0283549 0.0122503 0.103406 13.1747 4.56818 1.45622 33.5233 0.00000007 -5.76381E-08 4.72077E-07 3.66013 5.15002E-08 0.77879 1.18223 103149
24 61.86 4.32287 95.2715 0.411935 51.9291 0.957133 5.31759E-06 15.9196 0.000768763 -19.2232 4.54946 1.37904 33.5269 6.9312E-08 -5.72344E-08 0.000000472 3.64859 5.03353E-08 0.77879 1.18223 103200
24 61.86 0.00284316 0.174506 0.310715 0.210177 0.00517933 0.00305865 0.0225089 0.14954 0 4.53057 1.29961 33.5311 6.74516E-08 -5.65429E-08 4.71474E-07 3.67045 0.000000048 0.77879 1.18223 103251
24 61.86 0.00177441 0.134832 0.292124 0.182 0.00326429 0.00455316 0.0165708 0.185503 0 4.52832 1.37846 33.5429 6.71808E-08 -5.66476E-08 4.71202E-07 3.64535 4.84939E-08 0.77879 1.18223 103306
24 61.86 0.00177441 0.134832 0.292124 0.182 0.00326429 0.00455316 0.0165708 0.185503 0 4.51642 1.41804 33.5572 6.70798E-08 -5.68977E-08 4.70901E-07 3.64279 4.94611E-08 0.77879 1.18223 103357
24 61.86 0.00177441 0.134832 0.292124 0.182 0.00326429 0.00455316 0.0165708 0.185503 0 4.50655 1.37895 33.5595 6.6703E-08 -5.69356E-08 4.70625E-07 3.66197 0.000000049 0.77879 1.18223 103409
45 61.86 0.00177441 0.134832 0.292124 0.182 0.00326429 0.00455316 0.0165708 0.185503 0 4.48096 1.19924 33.557 6.58202E-08 -5.63475E-08 4.70619E-07 3.6564 4.78415E-08 0.77879 1.18223 103463
45 61.86 0.00177441 0.134832 0.292124 0.182 0.00326429 0.00455316 0.0165708 0.185503 0 4.37133 1.05231 33.6263 6.49038E-08 -5.3098E-08 4.73107E-07 3.64515 4.9569E-08 0.77879 1.18223 103515
45 61.86 0.00177441 0.134832 0.292124 0.182 0.00326429 0.00455316 0.0165708 0.185503 0 4.35575 1.09398 33.6427 6.45378E-08 -5.31988E-08 4.72779E-07 3.63437 4.88198E-08 0.77879 1.18223 103566
45 61.86 0.00177441 0.134832 0.292124 0.182 0.00326429 0.00455316 0.0165708 0.185503 0 4.42327 1.12692 33.5935 6.40662E-08 -5.36201E-08 4.7208E-07 3.63589 4.92907E-08 0.859966 0.570044 103619
