0 0 0.0323102 0.385032 0.792807 6.87825 0.0319337 0.000149261 1.47739 0.0255785 -19.4469 7.59348 8.57179 37.1151 1.16923 -8.10407 32.4426 3.20985 3.01271 0.465391 0.584208 485029
0 0 0.0323102 0.385032 0.792807 6.87825 0.0319337 0.000149261 1.47739 0.0255785 -19.4469 7.60429 8.59634 37.1143 1.17577 -8.12325 32.4347 3.20384 3.01936 0.42247 0.467261 485080
0 0 0.0323102 0.385032 0.792807 6.87825 0.0319337 0.000149261 1.47739 0.0255785 -19.4469 7.67974 8.50757 36.9739 1.18935 -8.13775 32.4202 3.2553 3.04122 0.428704 0.376483 485131
0 0 0.0323102 0.385032 0.792807 6.87825 0.0319337 0.000149261 1.47739 0.0255785 -19.4469 7.68324 8.49959 36.9655 1.12211 -8.0749 32.4917 3.25996 3.08378 0.428642 0.377289 485182
0 0 0.0323102 0.385032 0.792807 6.87825 0.0319337 0.000149261 1.47739 0.0255785 -19.4469 7.68607 8.49941 36.9619 1.10453 -8.07096 32.5095 3.26662 3.05807 0.436712 0.379722 485232
0 0 0.0323102 0.385032 0.792807 6.87825 0.0319337 0.000149261 1.47739 0.0255785 -19.4469 7.69099 8.50987 36.9612 1.11026 -8.06491 32.5043 3.25297 3.04795 0.437364 0.381406 485284
0 0 0.0323102 0.385032 0.792807 6.87825 0.0319337 0.000149261 1.47739 0.0255785 -19.4469 7.60224 8.52421 37.0791 1.22737 -8.04754 32.3907 3.22373 3.04072 0.43916 0.3743 485334
0 0 0.0323102 0.385032 0.792807 6.87825 0.0319337 0.000149261 1.47739 0.0255785 -19.4469 7.60287 8.5253 37.0789 1.23064 -8.06695 32.3858 3.22651 3.03408 0.439615 0.374059 485385
0 0 0.0323102 0.385032 0.792807 6.87825 0.0319337 0.000149261 1.47739 0.0255785 -19.4469 7.60823 8.52165 37.0702 1.23287 -8.07009 32.3834 3.22372 3.02617 0.433339 0.368881 485435
0 0 0.0323102 0.385032 0.792807 6.87825 0.0319337 0.000149261 1.47739 0.0255785 -19.4469 7.61354 8.52066 37.063 1.2267 -8.05207 32.391 3.23237 3.00728 0.432005 0.3685 485487
0 0 0.0323102 0.385032 0.792807 6.87825 0.0319337 0.000149261 1.47739 0.0255785 -19.4469 7.61518 8.53492 37.0684 1.22101 -8.06106 32.3957 3.1956 3.02737 0.428309 0.374565 485538
0 0 0.0323102 0.385032 0.792807 6.87825 0.0319337 0.000149261 1.47739 0.0255785 -19.4469 7.61879 8.53552 37.0641 1.21948 -8.08978 32.3947 3.21163 3.00519 0.42956 0.375226 485590
0 0 0.0323102 0.385032 0.792807 6.87825 0.0319337 0.000149261 1.47739 0.0255785 -19.4469 7.61928 8.54305 37.0674 1.20556 -8.08194 32.4089 3.20913 3.00215 0.429838 0.374988 485640
0 0 0.0323102 0.385032 0.792807 6.87825 0.0319337 0.000149261 1.47739 0.0255785 -19.4469 7.60521 8.5368 37.0819 1.21044 -8.09699 32.4029 3.18281 2.99088 0.429505 0.375753 485690
0 0 0.0323102 0.385032 0.792807 6.87825 0.0319337 0.000149261 1.47739 0.0255785 -19.4469 7.80468 8.51021 36.8238 1.03602 -8.12474 32.5739 3.17025 3.00953 0.430035 0.376776 485740
0 0 0.0323102 0.385032 0.792807 6.87825 0.0319337 0.000149261 1.47739 0.0255785 -19.4469 7.7924 8.50132 36.834 1.01539 -8.11322 32.5958 3.19438 3.01313 0.428898 0.376423 485792
0 0 0.0323102 0.385032 0.792807 6.87825 0.0319337 0.000149261 1.47739 0.0255785 -19.4469 7.79857 8.49116 36.8216 1.03651 -8.09852 32.5756 3.17253 3.01129 0.450918 0.382704 485844
0 0 0.0323102 0.385032 0.792807 6.87825 0.0319337 0.000149261 1.47739 0.0255785 -19.4469 7.81036 8.43817 36.7816 1.01599 -8.07102 32.5988 3.17021 2.97961 0.451774 0.379203 485896
0 0 0.0323102 0.385032 0.792807 6.87825 0.0319337 0.000149261 1.47739 0.0255785 -19.4469 7.75932 8.42616 36.8366 1.06151 -8.04577 32.5549 3.21317 2.98103 0.451349 0.377754 485948
0 0 0.0323102 0.385032 0.792807 6.87825 0.0319337 0.000149261 1.47739 0.0255785 -19.4469 7.71832 8.32199 36.8358 1.0706 -7.94197 32.5558 3.20027 3.00259 0.453272 0.376218 485998
0 0 0.0323102 0.385032 0.792807 6.87825 0.0319337 0.000149261 1.47739 0.0255785 -19.4469 7.67154 8.2923 36.8785 1.11366 -7.90701 32.5163 3.21654 2.96674 0.453805 0.373854 486050
0 0 0.0323102 0.385032 0.792807 6.87825 0.0319337 0.000149261 1.47739 0.0255785 -19.4469 7.82658 8.29496 36.6948 1.04433 -7.89542 32.5873 3.24002 3.00557 0.447355 0.361535 486100
0 0 0.0323102 0.385032 0.792807 6.87825 0.0319337 0.000149261 1.47739 0.0255785 -19.4469 7.69862 8.06439 36.7428 1.06182 -7.84977 32.5747 3.21306 3.00131 0.444958 0.353411 486153
0 0 0.0323102 0.385032 0.792807 6.87825 0.0319337 0.000149261 1.47739 0.0255785 -19.4469 7.77628 8.00063 36.6242 0.887246 -7.8273 32.7575 3.30291 3.08042 0.457296 0.361424 486205
0 0 0.0323102 0.385032 0.792807 6.87825 0.0319337 0.000149261 1.47739 0.0255785 -19.4469 7.73541 7.98336 36.6648 1.02486 -7.7845 32.6199 3.26586 3.02507 0.452418 0.353856 486257
0 0 0.0323102 0.385032 0.792807 6.87825 0.0319337 0.000149261 1.47739 0.0255785 -19.4469 7.66973 7.96209 36.7337 1.05725 -7.71466 32.5958 3.28652 3.05895 0.459505 0.337553 486309
0 0 0.0323102 0.385032 0.792807 6.87825 0.0319337 0.000149261 1.47739 0.0255785 -19.4469 7.67212 7.92514 36.7155 0.992404 -7.62752 32.674 3.35837 3.15585 0.455159 0.341275 486362
0 0 0.0323102 0.385032 0.792807 6.87825 0.0319337 0.000149261 1.47739 0.0255785 -19.4469 7.78159 7.98047 36.6096 0.975259 -7.60845 32.6945 3.36569 3.10656 0.454147 0.326402 486415
0 0 0.0323102 0.385032 0.792807 6.87825 0.0319337 0.000149261 1.47739 0.0255785 -19.4469 7.81464 8.0666 36.6075 0.88896 -7.67048 32.776 3.36676 3.10878 0.455508 0.31633 486466
0 0 0.0323102 0.385032 0.792807 6.87825 0.0319337 0.000149261 1.47739 0.0255785 -19.4469 8.00785 8.97519 36.8309 0.939445 -7.7144 32.717 3.51239 3.12548 0.458195 0.317703 486517
0 0 0.0323102 0.385032 0.792807 6.87825 0.0319337 0.000149261 1.47739 0.0255785 -19.4469 8.03562 9.03064 36.83 0.987399 -8.69345 32.5963 3.46758 3.14504 0.467471 0.322106 486569
0 0 0.0323102 0.385032 0.792807 6.87825 0.0319337 0.000149261 1.47739 0.0255785 -19.4469 8.03766 9.04942 36.8383 0.984725 -8.67474 32.5994 3.4218 3.13817 0.463991 0.326765 486621
0 0 0.0323102 0.385032 0.792807 6.87825 0.0319337 0.000149261 1.47739 0.0255785 -19.4469 8.04541 9.06278 36.837 0.997487 -8.68092 32.5862 3.42782 3.16979 0.458515 0.4165 486671
0 0 0.0323102 0.385032 0.792807 6.87825 0.0319337 0.000149261 1.47739 0.0255785 -19.4469 8.17239 8.9132 36.6098 0.902792 -8.59776 32.6856 3.41747 3.19717 0.456074 0.453655 486721
0 0 0.0323102 0.385032 0.792807 6.87825 0.0319337 0.000149261 1.47739 0.0255785 -19.4469 8.25543 9.05227 36.5943 0.895881 -8.56238 32.6938 3.56118 3.26433 0.455981 0.451867 486773
0 0 0.0323102 0.385032 0.792807 6.87825 0.0319337 0.000149261 1.47739 0.0255785 -19.4469 8.25721 9.02757 36.5786 0.793637 -8.83862 32.7984 3.55856 3.40715 0.461317 0.454305 486824
0 0 0.0323102 0.385032 0.792807 6.87825 0.0319337 0.000149261 1.47739 0.0255785 -19.4469 8.22569 8.97905 36.5866 0.853845 -8.69076 32.7351 3.64515 3.14074 0.475448 0.449089 486875
0 0 0.0323102 0.385032 0.792807 6.87825 0.0319337 0.000149261 1.47739 0.0255785 -19.4469 8.20217 8.98123 36.6137 0.877855 -8.63846 32.7108 3.73704 3.14199 0.475191 0.45214 486925
0 0 0.0323102 0.385032 0.792807 6.87825 0.0319337 0.000149261 1.47739 0.0255785 -19.4469 7.9073 8.83366 36.8706 0.939223 -8.59916 32.6477 3.38221 3.13008 0.477811 0.462075 486977
0 0 0.0323102 0.385032 0.792807 6.87825 0.0319337 0.000149261 1.47739 0.0255785 -19.4469 7.83736 8.82452 36.9493 1.07558 -8.53449 32.5108 3.40907 3.14255 0.474181 0.452023 487029
0 0 0.0323102 0.385032 0.792807 6.87825 0.0319337 0.000149261 1.47739 0.0255785 -19.4469 7.73517 8.86646 37.0981 1.25615 -8.5479 32.3333 3.40609 3.12124 0.461999 0.43424 487079
0 0 0.0323102 0.385032 0.792807 6.87825 0.0319337 0.000149261 1.47739 0.0255785 -19.4469 7.69359 8.83612 37.133 1.28704 -8.5153 32.3048 3.46672 3.13185 0.452724 0.426832 487129
0 0 0.0323102 0.385032 0.792807 6.87825 0.0319337 0.000149261 1.47739 0.0255785 -19.4469 7.71295 8.85635 37.1202 1.28345 -8.47891 32.3095 3.49355 3.16574 0.43567 0.429417 487180
0 0 0.0323102 0.385032 0.792807 6.87825 0.0319337 0.000149261 1.47739 0.0255785 -19.4469 7.71752 8.82478 37.0966 1.26068 -8.46234 32.3319 3.55918 3.19406 0.428485 0.428743 487231
0 0 0.0323102 0.385032 0.792807 6.87825 0.0319337 0.000149261 1.47739 0.0255785 -19.4469 7.76357 8.81293 37.0329 1.2737 -8.48241 32.3187 3.56468 3.27253 0.424809 0.42409 487283
0 0 0.0323102 0.385032 0.792807 6.87825 0.0319337 0.000149261 1.47739 0.0255785 -19.4469 7.98818 8.4413 36.5776 1.26797 -8.4758 32.3244 3.45615 3.26315 0.427066 0.42015 487334
0 0 0.0323102 0.385032 0.792807 6.87825 0.0319337 0.000149261 1.47739 0.0255785 -19.4469 8.04983 7.73292 36.215 0.583322 -7.47119 33.1429 3.55105 3.31818 0.428021 0.420507 487385
0 0 0.0323102 0.385032 0.792807 6.87825 0.0319337 0.000149261 1.47739 0.0255785 -19.4469 8.26445 7.61694 35.9516 0.477769 -7.43354 33.2721 3.50224 3.3418 0.434151 0.42551 487437
0 0 0.0323102 0.385032 0.792807 6.87825 0.0319337 0.000149261 1.47739 0.0255785 -19.4469 8.31728 7.52491 35.8684 0.355532 -7.33156 33.4377 3.50766 3.33099 0.459483 0.418813 487487
0 0 0.0323102 0.385032 0.792807 6.87825 0.0319337 0.000149261 1.47739 0.0255785 -19.4469 8.34368 7.41967 35.8092 0.321233 -7.29359 33.4873 3.46424 3.36602 0.506279 0.299924 487539
0 0 0.0323102 0.385032 0.792807 6.87825 0.0319337 0.000149261 1.47739 0.0255785 -19.4469 8.36517 7.22618 35.7313 0.257134 -7.0843 33.6128 3.47726 3.34061 0.523706 0.295175 487590
0 0 0.0323102 0.385032 0.792807 6.87825 0.0319337 0.000149261 1.47739 0.0255785 -19.4469 8.44663 7.13298 35.6275 0.218356 -7.00574 33.681 3.46457 3.34795 0.536789 0.276068 487643
0 0 0.0323102 0.385032 0.792807 6.87825 0.0319337 0.000149261 1.47739 0.0255785 -19.4469 8.48154 7.16109 35.602 0.186363 -6.99278 33.7254 3.45284 3.34769 0.538992 0.272361 487695
0 0 0.0323102 0.385032 0.792807 6.87825 0.0319337 0.000149261 1.47739 0.0255785 -19.4469 8.46464 7.22416 35.6353 0.181307 -7.01592 33.7261 3.46437 3.29244 0.554064 0.243942 487747
0 0 0.0323102 0.385032 0.792807 6.87825 0.0319337 0.000149261 1.47739 0.0255785 -19.4469 8.49845 7.28062 35.6192 0.163415 -7.04563 33.742 3.46865 3.3115 0.558598 0.240483 487798
0 0 0.0323102 0.385032 0.792807 6.87825 0.0319337 0.000149261 1.47739 0.0255785 -19.4469 9.50373 7.15979 34.7425 0.114265 -7.0365 33.8085 3.60986 3.29086 0.559659 0.238355 487849
0 0 0.0323102 0.385032 0.792807 6.87825 0.0319337 0.000149261 1.47739 0.0255785 -19.4469 10.2749 6.9975 34.1758 -0.896843 -7.11316 35.3603 3.46709 3.30425 0.557007 0.251792 487900
0 0 0.0323102 0.385032 0.792807 6.87825 0.0319337 0.000149261 1.47739 0.0255785 -19.4469 10.3729 7.00971 34.1175 -0.886796 -7.16396 35.3266 3.35986 3.30708 0.560361 0.250104 487950
0 0 0.0323102 0.385032 0.792807 6.87825 0.0319337 0.000149261 1.47739 0.0255785 -19.4469 10.4417 7.05904 34.0861 -0.911133 -7.25663 35.3455 3.36799 3.34913 0.698859 0.263503 488002
0 0 0.0323102 0.385032 0.792807 6.87825 0.0319337 0.000149261 1.47739 0.0255785 -19.4469 8.95782 8.26363 35.5421 -0.934846 -7.28753 35.3813 3.42955 3.33797 0.714116 0.257484 488052
0 0 0.0323102 0.385032 0.792807 6.87825 0.0319337 0.000149261 1.47739 0.0255785 -19.4469 7.60218 8.81896 37.2393 1.46775 -8.45091 32.3897 3.58947 3.21106 0.717118 0.276472 488106
0 0 0.0323102 0.385032 0.792807 6.87825 0.0319337 0.000149261 1.47739 0.0255785 -19.4469 7.62668 8.97487 37.2985 1.4409 -8.47137 32.4134 3.60587 3.25747 0.719425 0.282924 488156
0 0 0.0323102 0.385032 0.792807 6.87825 0.0319337 0.000149261 1.47739 0.0255785 -19.4469 7.65559 9.05763 37.311 1.43138 -8.54806 32.4191 3.59133 3.257 0.57133 0.365263 488207
0 0 0.0323102 0.385032 0.792807 6.87825 0.0319337 0.000149261 1.47739 0.0255785 -19.4469 7.70642 9.25589 37.3695 1.43947 -8.59416 32.41 3.61093 3.24374 0.414364 0.423454 488257
0 0 0.0323102 0.385032 0.792807 6.87825 0.0319337 0.000149261 1.47739 0.0255785 -19.4469 8.19619 9.4197 36.8779 1.11645 -8.9562 32.7154 3.6213 3.33899 0.413692 0.433063 488309
0 0 0.0323102 0.385032 0.792807 6.87825 0.0319337 0.000149261 1.47739 0.0255785 -19.4469 8.22168 9.47983 36.8865 0.904516 -9.08649 32.9338 3.56332 3.26779 0.412316 0.440666 488362
0 0 0.0323102 0.385032 0.792807 6.87825 0.0319337 0.000149261 1.47739 0.0255785 -19.4469 8.28878 9.59699 36.8854 0.860496 -9.12653 32.9812 3.47714 3.23836 0.449373 0.488853 488413
0 0 0.0323102 0.385032 0.792807 6.87825 0.0319337 0.000149261 1.47739 0.0255785 -19.4469 8.30622 9.6505 36.9005 0.787747 -9.25073 33.0636 3.43892 3.15674 0.455315 0.494629 488464
0 0 0.0323102 0.385032 0.792807 6.87825 0.0319337 0.000149261 1.47739 0.0255785 -19.4469 8.32051 9.72912 36.9365 0.778983 -9.30995 33.076 3.38881 3.12257 0.462885 0.50272 488516
0 0 0.0323102 0.385032 0.792807 6.87825 0.0319337 0.000149261 1.47739 0.0255785 -19.4469 8.33891 9.72664 36.914 0.710812 -9.33479 33.1516 3.36992 3.08096 0.465371 0.508563 488568
0 0 0.0323102 0.385032 0.792807 6.87825 0.0319337 0.000149261 1.47739 0.0255785 -19.4469 8.38306 9.7072 36.8517 0.638259 -9.33524 33.232 3.34253 3.06278 0.465588 0.519604 488619
0 0 0.0323102 0.385032 0.792807 6.87825 0.0319337 0.000149261 1.47739 0.0255785 -19.4469 8.65868 9.77003 36.5967 0.598947 -9.34179 33.2766 3.40063 3.06812 0.467524 0.525384 488672
0 0 0.0323102 0.385032 0.792807 6.87825 0.0319337 0.000149261 1.47739 0.0255785 -19.4469 8.71954 9.80178 36.5544 0.426915 -9.56788 33.4922 3.4019 3.05118 0.474361 0.522963 488723
0 0 0.0323102 0.385032 0.792807 6.87825 0.0319337 0.000149261 1.47739 0.0255785 -19.4469 8.74802 9.7852 36.5147 0.433446 -9.55801 33.4836 3.36966 3.06493 0.481637 0.524358 488775
0 0 0.0323102 0.385032 0.792807 6.87825 0.0319337 0.000149261 1.47739 0.0255785 -19.4469 8.7652 9.75556 36.4785 0.386406 -9.50318 33.5348 3.35974 3.1242 0.498901 0.538021 488827
0 0 0.0323102 0.385032 0.792807 6.87825 0.0319337 0.000149261 1.47739 0.0255785 -19.4469 8.76134 9.68177 36.4361 0.378939 -9.47626 33.5416 3.37716 3.12444 0.507709 0.550535 488877
0 0 0.0323102 0.385032 0.792807 6.87825 0.0319337 0.000149261 1.47739 0.0255785 -19.4469 8.77917 9.67722 36.4154 0.352894 -9.431 33.5694 3.37613 3.13319 0.509913 0.548042 488927
0 0 0.0323102 0.385032 0.792807 6.87825 0.0319337 0.000149261 1.47739 0.0255785 -19.4469 8.81625 9.67215 36.3754 0.338183 -9.44024 33.5879 3.3682 3.12728 0.514361 0.540819 488979
0 0 0.0323102 0.385032 0.792807 6.87825 0.0319337 0.000149261 1.47739 0.0255785 -19.4469 8.76922 9.65129 36.4093 0.319637 -9.43495 33.61 3.43859 3.15202 0.51565 0.535817 489032
0 0 0.0323102 0.385032 0.792807 6.87825 0.0319337 0.000149261 1.47739 0.0255785 -19.4469 7.14959 9.17999 38.1044 2.04239 -8.98375 31.8861 3.37772 3.17274 0.519452 0.536856 489084
0 0 0.0323102 0.385032 0.792807 6.87825 0.0319337 0.000149261 1.47739 0.0255785 -19.4469 7.04729 9.16436 38.2538 2.04798 -8.59787 31.8849 3.47761 3.08132 0.520802 0.53676 489137
0 0 0.0323102 0.385032 0.792807 6.87825 0.0319337 0.000149261 1.47739 0.0255785 -19.4469 7.047 9.18907 38.2722 2.0073 -8.66542 31.9161 3.48343 3.10004 0.517375 0.533116 489189
0 0 0.0323102 0.385032 0.792807 6.87825 0.0319337 0.000149261 1.47739 0.0255785 -19.4469 7.02495 9.20859 38.3221 1.99719 -8.68146 31.924 3.51783 3.10667 0.347901 0.435829 489240
0 0 0.0323102 0.385032 0.792807 6.87825 0.0319337 0.000149261 1.47739 0.0255785 -19.4469 7.00928 9.223 38.3583 1.9993 -8.7076 31.9218 3.55114 3.13294 0.337861 0.430336 489290
0 0 0.0323102 0.385032 0.792807 6.87825 0.0319337 0.000149261 1.47739 0.0255785 -19.4469 7.01762 9.36475 38.453 2.07839 -8.87653 31.8565 3.49567 3.10836 0.336863 0.433506 489341
0 0 0.0323102 0.385032 0.792807 6.87825 0.0319337 0.000149261 1.47739 0.0255785 -19.4469 7.01086 9.38133 38.4773 2.08372 -8.87298 31.8522 3.46814 3.11221 0.33221 0.431596 489393
0 0 0.0323102 0.385032 0.792807 6.87825 0.0319337 0.000149261 1.47739 0.0255785 -19.4469 7.01364 9.39414 38.4828 2.06583 -8.88629 31.8665 3.45572 3.0832 0.327945 0.45123 489444
0 0 0.0323102 0.385032 0.792807 6.87825 0.0319337 0.000149261 1.47739 0.0255785 -19.4469 7.00813 9.40319 38.4993 2.08261 -8.90356 31.8532 3.3773 3.05515 0.321755 0.449342 489494
0 0 0.0323102 0.385032 0.792807 6.87825 0.0319337 0.000149261 1.47739 0.0255785 -19.4469 7.03529 9.4277 38.4735 2.06908 -8.94332 31.8642 3.3998 3.00025 0.323882 0.45313 489546
0 0 0.0323102 0.385032 0.792807 6.87825 0.0319337 0.000149261 1.47739 0.0255785 -19.4469 7.0541 9.42721 38.4419 2.05318 -8.94514 31.877 3.30616 3.01662 0.323326 0.454348 489598
0 0 0.0323102 0.385032 0.792807 6.87825 0.0319337 0.000149261 1.47739 0.0255785 -19.4469 7.04573 9.41826 38.4487 2.06256 -8.95002 31.8695 3.32094 2.97657 0.324306 0.460237 489648
0 0 0.0323102 0.385032 0.792807 6.87825 0.0319337 0.000149261 1.47739 0.0255785 -19.4469 8.49052 9.55721 36.6388 2.05168 -8.95417 31.8783 3.35324 2.98097 0.327027 0.462745 489700
0 0 0.0323102 0.385032 0.792807 6.87825 0.0319337 0.000149261 1.47739 0.0255785 -19.4469 8.76547 9.58352 36.3718 0.449768 -9.45372 33.4559 3.13562 2.99889 0.326646 0.460804 489750
0 0 0.0323102 0.385032 0.792807 6.87825 0.0319337 0.000149261 1.47739 0.0255785 -19.4469 8.75014 9.61414 36.4057 0.466532 -9.44936 33.4359 3.13503 3.01764 0.328399 0.46267 489802
0 0 0.0323102 0.385032 0.792807 6.87825 0.0319337 0.000149261 1.47739 0.0255785 -19.4469 8.73434 9.64104 36.438 0.454293 -9.45435 33.4506 3.16149 3.02954 0.50032 0.545619 489856
0 0 0.0323102 0.385032 0.792807 6.87825 0.0319337 0.000149261 1.47739 0.0255785 -19.4469 8.73526 9.67619 36.4588 0.450354 -9.48237 33.4574 3.18314 3.04416 0.514944 0.535244 489910
0 0 0.0323102 0.385032 0.792807 6.87825 0.0319337 0.000149261 1.47739 0.0255785 -19.4469 8.68892 9.69261 36.5162 0.467845 -9.50267 33.4385 3.20315 3.06379 0.511328 0.537986 489962
0 0 0.0323102 0.385032 0.792807 6.87825 0.0319337 0.000149261 1.47739 0.0255785 -19.4469 8.66756 9.6822 36.5316 0.472869 -9.49849 33.4323 3.2053 3.05472 0.510739 0.538657 490012
0 0 0.0323102 0.385032 0.792807 6.87825 0.0319337 0.000149261 1.47739 0.0255785 -19.4469 8.67862 9.68205 36.5201 0.478966 -9.48282 33.4239 3.20955 3.05803 0.509542 0.539651 490065
0 0 0.0323102 0.385032 0.792807 6.87825 0.0319337 0.000149261 1.47739 0.0255785 -19.4469 0 0 0 0.701924 -9.38814 33.1646 0 3.03263 0.506505 0.539603 490115
0 0 0.0323102 0.385032 0.792807 6.87825 0.0319337 0.000149261 1.47739 0.0255785 -19.4469 11.7213 4.53104 33.2126 0 0 0 1.17945 0 0.504683 0.539295 490167
0 0 0.0323102 0.385032 0.792807 6.87825 0.0319337 0.000149261 1.47739 0.0255785 -19.4469 8.5853 9.67309 36.6112 1.27863 -8.98574 32.5575 3.1899 2.12152 0.119141 0.952127 490219
0 0 0.0323102 0.385032 0.792807 6.87825 0.0319337 0.000149261 1.47739 0.0255785 -19.4469 8.44722 9.67646 36.7611 1.0534 -9.47307 32.7995 3.23789 3.13492 0.696225 0.429877 490269
0 0 0.0323102 0.385032 0.792807 6.87825 0.0319337 0.000149261 1.47739 0.0255785 -19.4469 8.36377 9.70361 36.8709 0.985798 -9.45385 32.8671 3.26972 3.15109 0.453201 0.340197 490320
0 0 0.0323102 0.385032 0.792807 6.87825 0.0319337 0.000149261 1.47739 0.0255785 -19.4469 8.67717 9.76996 36.5775 0.683331 -9.60395 33.2019 3.44239 3.07306 0.461945 0.526629 490372
0 0 0.0323102 0.385032 0.792807 6.87825 0.0319337 0.000149261 1.47739 0.0255785 -19.4469 8.76832 9.8121 36.5114 0.653038 -9.64842 33.2398 3.25529 3.13365 0.461289 0.545508 490425
0 0 0.0323102 0.385032 0.792807 6.87825 0.0319337 0.000149261 1.47739 0.0255785 -19.4469 8.71736 9.84753 36.5864 0.668739 -9.6642 33.2238 3.26576 3.17021 0.484343 0.559871 490476
0 0 0.0323102 0.385032 0.792807 6.87825 0.0319337 0.000149261 1.47739 0.0255785 -19.4469 8.68911 9.84624 36.6148 0.654898 -9.64636 33.2375 3.25997 3.14033 0.500058 0.564796 490527
0 0 0.0323102 0.385032 0.792807 6.87825 0.0319337 0.000149261 1.47739 0.0255785 -19.4469 8.628 9.89034 36.708 0.654425 -9.64295 33.2377 3.22185 3.0849 0.499385 0.566273 490577
0 0 0.0323102 0.385032 0.792807 6.87825 0.0319337 0.000149261 1.47739 0.0255785 -19.4469 8.61181 9.8989 36.731 0.702707 -9.68918 33.1887 3.22711 3.07386 0.494123 0.566087 490627
0 0 0.0323102 0.385032 0.792807 6.87825 0.0319337 0.000149261 1.47739 0.0255785 -19.4469 8.55387 9.94215 36.8226 0.706976 -9.71108 33.1862 3.23442 3.06924 0.493307 0.565281 490677
0 0 0.0323102 0.385032 0.792807 6.87825 0.0319337 0.000149261 1.47739 0.0255785 -19.4469 7.47974 10.2207 38.4395 2.30757 -9.91086 31.7343 3.23875 2.95957 0.487636 0.5634 490729
0 0 0.0323102 0.385032 0.792807 6.87825 0.0319337 0.000149261 1.47739 0.0255785 -19.4469 7.47647 10.2619 38.4834 2.27157 -9.92338 31.7633 3.26605 2.98343 0.484123 0.56782 490780
0 0 0.0323102 0.385032 0.792807 6.87825 0.0319337 0.000149261 1.47739 0.0255785 -19.4469 7.47369 10.2746 38.4998 2.22794 -9.95189 31.8004 3.2738 2.98059 0.369305 0.525173 490831
0 0 0.0323102 0.385032 0.792807 6.87825 0.0319337 0.000149261 1.47739 0.0255785 -19.4469 7.59768 10.2817 38.3135 2.02514 -9.96911 31.9641 3.28231 2.95255 0.36363 0.530665 490883
0 0 0.0323102 0.385032 0.792807 6.87825 0.0319337 0.000149261 1.47739 0.0255785 -19.4469 7.5792 10.3071 38.3653 2.04466 -9.96944 31.9482 3.28667 2.93992 0.330658 0.589078 490934
0 0 0.0323102 0.385032 0.792807 6.87825 0.0319337 0.000149261 1.47739 0.0255785 -19.4469 7.58819 10.3016 38.3464 2.049 -9.99113 31.9473 3.24388 2.94237 0.346118 0.598847 490986
0 0 0.0323102 0.385032 0.792807 6.87825 0.0319337 0.000149261 1.47739 0.0255785 -19.4469 7.59323 10.3009 38.338 2.04436 -9.98548 31.9504 3.28183 2.95958 0.346072 0.593343 491037
0 0 0.0323102 0.385032 0.792807 6.87825 0.0319337 0.000149261 1.47739 0.0255785 -19.4469 7.60403 10.3157 38.3352 2.05109 -9.99443 31.946 3.32107 2.98432 0.345711 0.593686 491087
0 0 0.0323102 0.385032 0.792807 6.87825 0.0319337 0.000149261 1.47739 0.0255785 -19.4469 7.62899 10.2806 38.2651 2.04703 -9.9748 31.9469 3.34943 3.01964 0.345372 0.595747 491137
0 0 0.0323102 0.385032 0.792807 6.87825 0.0319337 0.000149261 1.47739 0.0255785 -19.4469 7.62112 10.2652 38.2629 2.04899 -9.97135 31.9449 3.36884 3.07636 0.346725 0.596136 491187
0 0 0.0323102 0.385032 0.792807 6.87825 0.0319337 0.000149261 1.47739 0.0255785 -19.4469 7.61937 10.2489 38.2507 2.04678 -9.96757 31.9463 3.4011 3.09317 0.348394 0.596369 491237
0 0 0.0323102 0.385032 0.792807 6.87825 0.0319337 0.000149261 1.47739 0.0255785 -19.4469 7.62921 10.2512 38.238 2.03521 -9.94941 31.9536 3.4436 3.05937 0.350661 0.594613 491290
0 0 0.0323102 0.385032 0.792807 6.87825 0.0319337 0.000149261 1.47739 0.0255785 -19.4469 8.16472 10.2296 37.4883 2.04319 -9.95872 31.9482 3.45092 3.09101 0.351035 0.593575 491344
0 0 0.0323102 0.385032 0.792807 6.87825 0.0319337 0.000149261 1.47739 0.0255785 -19.4469 8.16383 10.2524 37.5078 1.47239 -10.0558 32.4549 3.4459 3.12769 0.352108 0.593488 491394
0 0 0.0323102 0.385032 0.792807 6.87825 0.0319337 0.000149261 1.47739 0.0255785 -19.4469 8.14909 10.2576 37.5305 1.4583 -10.0616 32.4687 3.41112 3.12172 0.402281 0.617011 491444
0 0 0.0323102 0.385032 0.792807 6.87825 0.0319337 0.000149261 1.47739 0.0255785 -19.4469 8.14163 10.2633 37.5445 1.45629 -10.0794 32.473 3.46409 3.11641 0.414506 0.610638 491495
0 0 0.0323102 0.385032 0.792807 6.87825 0.0319337 0.000149261 1.47739 0.0255785 -19.4469 8.13708 10.2589 37.5467 1.4629 -10.0711 32.4658 3.4458 3.1352 0.415001 0.610438 491545
0 0 0.0323102 0.385032 0.792807 6.87825 0.0319337 0.000149261 1.47739 0.0255785 -19.4469 8.09159 10.2184 37.5717 1.43879 -10.0431 32.4844 3.49188 3.11903 0.413392 0.609631 491596
0 0 0.0323102 0.385032 0.792807 6.87825 0.0319337 0.000149261 1.47739 0.0255785 -19.4469 8.06989 10.1982 37.5831 1.49643 -9.9923 32.4244 3.44594 3.16687 0.412864 0.61051 491649
0 0 0.0323102 0.385032 0.792807 6.87825 0.0319337 0.000149261 1.47739 0.0255785 -19.4469 8.05851 10.1884 37.5898 1.47622 -9.95657 32.4386 3.42682 3.09905 0.410601 0.604915 491699
0 0 0.0323102 0.385032 0.792807 6.87825 0.0319337 0.000149261 1.47739 0.0255785 -19.4469 8.01527 10.1256 37.5952 1.45607 -9.72281 32.4314 3.57938 3.06958 0.409689 0.601718 491751
0 0 0.0323102 0.385032 0.792807 6.87825 0.0319337 0.000149261 1.47739 0.0255785 -19.4469 5.58538 5.71498 39.3827 1.53968 -9.73425 32.356 3.55096 3.1225 0.407844 0.598184 491801
0 0 0.0323102 0.385032 0.792807 6.87825 0.0319337 0.000149261 1.47739 0.0255785 -19.4469 5.6199 5.37452 39.2578 3.30184 -4.96962 31.7704 3.63183 3.12798 0.406611 0.591355 491852
0 0 0.0323102 0.385032 0.792807 6.87825 0.0319337 0.000149261 1.47739 0.0255785 -19.4469 5.64515 5.3785 39.2027 3.32006 -4.96196 31.7615 3.65911 3.11924 0.232186 0.473252 491902
0 0 0.0323102 0.385032 0.792807 6.87825 0.0319337 0.000149261 1.47739 0.0255785 -19.4469 5.6649 5.39052 39.161 3.32542 -4.97951 31.7507 3.62244 3.13689 0.263523 0.00692828 491954
0 0 0.0323102 0.385032 0.792807 6.87825 0.0319337 0.000149261 1.47739 0.0255785 -19.4469 5.66911 5.40313 39.1532 3.33284 -4.98457 31.7438 3.60821 3.14339 0.275679 0.000271616 492005
0 0 0.0323102 0.385032 0.792807 6.87825 0.0319337 0.000149261 1.47739 0.0255785 -19.4469 6.71863 6.66788 37.5479 3.26111 -5.16779 31.718 3.29935 2.99175 0.276853 0.00231956 492062
0 0 0.0323102 0.385032 0.792807 6.87825 0.0319337 0.000149261 1.47739 0.0255785 -19.4469 8.53932 8.94762 36.2433 3.57168 -4.20469 31.9434 2.50292 3.08509 0.277729 0.00500849 492113
0 0 0.0323102 0.385032 0.792807 6.87825 0.0319337 0.000149261 1.47739 0.0255785 -19.4469 8.60402 9.48337 36.4749 1.1267 -9.25171 32.7133 3.31601 2.53814 0.361246 0.13698 492163
0 0 0.0323102 0.385032 0.792807 6.87825 0.0319337 0.000149261 1.47739 0.0255785 -19.4469 8.40587 9.52617 36.7106 0.963789 -9.38394 32.8852 3.2974 3.04175 0.358158 0.145593 492214
0 0 0.0323102 0.385032 0.792807 6.87825 0.0319337 0.000149261 1.47739 0.0255785 -19.4469 8.34238 9.55754 36.8001 0.93505 -9.37302 32.9143 3.30737 3.07731 0.490487 0.507144 492264
0 0 0.0323102 0.385032 0.792807 6.87825 0.0319337 0.000149261 1.47739 0.0255785 -19.4469 8.25753 9.59888 36.922 0.943885 -9.35764 32.9042 3.34343 3.09178 0.472368 0.529956 492314
0 0 0.0323102 0.385032 0.792807 6.87825 0.0319337 0.000149261 1.47739 0.0255785 -19.4469 8.21463 9.6139 36.9811 0.976948 -9.36158 32.8703 3.38419 3.10318 0.466778 0.528879 492366
0 0 0.0323102 0.385032 0.792807 6.87825 0.0319337 0.000149261 1.47739 0.0255785 -19.4469 8.14219 9.58662 37.0475 1.0246 -9.36678 32.8218 3.36404 3.14269 0.463218 0.52576 492418
0 0 0.0323102 0.385032 0.792807 6.87825 0.0319337 0.000149261 1.47739 0.0255785 -19.4469 7.72125 9.0081 37.1975 1.084 -8.60522 32.7516 3.35576 3.12667 0.456039 0.522939 492468
0 0 0.0323102 0.385032 0.792807 6.87825 0.0319337 0.000149261 1.47739 0.0255785 -19.4469 7.7122 9.03904 37.2274 1.10428 -8.61345 32.731 3.30798 3.08468 0.452952 0.524609 492521
0 0 0.0323102 0.385032 0.792807 6.87825 0.0319337 0.000149261 1.47739 0.0255785 -19.4469 8.38177 9.38499 36.6505 1.13581 -8.63794 32.699 3.33428 3.06198 0.430319 0.471664 492572
0 0 0.0323102 0.385032 0.792807 6.87825 0.0319337 0.000149261 1.47739 0.0255785 -19.4469 8.67368 9.29603 36.2959 0.462821 -9.13258 33.4232 3.22436 3.03112 0.428653 0.427179 492624
0 0 0.0323102 0.385032 0.792807 6.87825 0.0319337 0.000149261 1.47739 0.0255785 -19.4469 8.70035 9.36064 36.3058 0.462921 -9.1819 33.4249 3.26196 3.09462 0.426534 0.428875 492676
0 0 0.0323102 0.385032 0.792807 6.87825 0.0319337 0.000149261 1.47739 0.0255785 -19.4469 8.74923 9.36349 36.2592 0.438579 -9.18242 33.4535 3.28521 3.10761 0.470558 0.482862 492727
0 0 0.0323102 0.385032 0.792807 6.87825 0.0319337 0.000149261 1.47739 0.0255785 -19.4469 8.84756 9.30254 36.1299 0.312639 -9.14736 33.6027 3.38135 3.22624 0.513691 0.498356 492777
0 0 0.0323102 0.385032 0.792807 6.87825 0.0319337 0.000149261 1.47739 0.0255785 -19.4469 8.86115 9.29307 36.1118 0.307778 -9.11956 33.6076 3.39838 3.25876 0.515733 0.503291 492828
0 0 0.0323102 0.385032 0.792807 6.87825 0.0319337 0.000149261 1.47739 0.0255785 -19.4469 8.85293 9.32306 36.1361 0.334543 -9.12866 33.5755 3.5116 3.36741 0.521125 0.506558 492879
0 0 0.0323102 0.385032 0.792807 6.87825 0.0319337 0.000149261 1.47739 0.0255785 -19.4469 8.87682 9.32051 36.112 0.332395 -9.14175 33.5785 3.54345 3.42427 0.534391 0.498663 492931
0 0 0.0323102 0.385032 0.792807 6.87825 0.0319337 0.000149261 1.47739 0.0255785 -19.4469 8.96001 9.34193 36.0456 0.303016 -9.17321 33.6153 3.57553 3.46609 0.534257 0.49938 492984
0 0 0.0323102 0.385032 0.792807 6.87825 0.0319337 0.000149261 1.47739 0.0255785 -19.4469 8.92695 9.38151 36.0984 0.312885 -9.20664 33.6047 3.67635 3.5372 0.53361 0.502536 493034
0 0 0.0323102 0.385032 0.792807 6.87825 0.0319337 0.000149261 1.47739 0.0255785 -19.4469 8.9149 9.3961 36.118 0.33576 -9.21313 33.5773 3.67997 3.55295 0.538471 0.508274 493084
0 0 0.0323102 0.385032 0.792807 6.87825 0.0319337 0.000149261 1.47739 0.0255785 -19.4469 8.89498 9.45718 36.1715 0.376779 -9.23606 33.5291 3.68504 3.58058 0.537016 0.510518 493136
0 0 0.0323102 0.385032 0.792807 6.87825 0.0319337 0.000149261 1.47739 0.0255785 -19.4469 8.9061 9.56055 36.2209 0.467899 -9.43237 33.4331 3.70578 3.57666 0.536282 0.511813 493188
0 0 0.0323102 0.385032 0.792807 6.87825 0.0319337 0.000149261 1.47739 0.0255785 -19.4469 8.88517 9.60625 36.2681 0.466347 -9.40682 33.4331 3.74066 3.56207 0.530574 0.517296 493238
0 0 0.0323102 0.385032 0.792807 6.87825 0.0319337 0.000149261 1.47739 0.0255785 -19.4469 8.88878 9.62404 36.2753 0.484659 -9.39952 33.4112 3.73954 3.58332 0.528013 0.524324 493288
0 0 0.0323102 0.385032 0.792807 6.87825 0.0319337 0.000149261 1.47739 0.0255785 -19.4469 8.89894 9.64126 36.2759 0.509867 -9.42803 33.384 3.75045 3.59948 0.521791 0.540072 493340
0 0 0.0323102 0.385032 0.792807 6.87825 0.0319337 0.000149261 1.47739 0.0255785 -19.4469 8.89111 9.64985 36.2886 0.528823 -9.43573 33.3627 3.75869 3.58663 0.521503 0.540789 493392
0 0 0.0323102 0.385032 0.792807 6.87825 0.0319337 0.000149261 1.47739 0.0255785 -19.4469 8.90928 9.65662 36.2752 0.529524 -9.44817 33.3628 3.77451 3.60358 0.520319 0.543889 493443
0 0 0.0323102 0.385032 0.792807 6.87825 0.0319337 0.000149261 1.47739 0.0255785 -19.4469 8.99113 9.72969 36.2413 0.472879 -9.50006 33.4324 3.81012 3.60326 0.519028 0.544403 493493
0 0 0.0323102 0.385032 0.792807 6.87825 0.0319337 0.000149261 1.47739 0.0255785 -19.4469 9.04722 9.81067 36.2382 0.460221 -9.57517 33.4537 3.80292 3.60704 0.51951 0.547523 493544
0 0 0.0323102 0.385032 0.792807 6.87825 0.0319337 0.000149261 1.47739 0.0255785 -19.4469 9.31036 10.1676 36.2245 0.46546 -9.98789 33.4959 3.85529 3.64397 0.522055 0.551249 493595
0 0 0.0323102 0.385032 0.792807 6.87825 0.0319337 0.000149261 1.47739 0.0255785 -19.4469 9.39552 10.2405 36.1965 0.465646 -10.1644 33.5232 3.89728 3.67931 0.526855 0.563219 493648
0 0 0.0323102 0.385032 0.792807 6.87825 0.0319337 0.000149261 1.47739 0.0255785 -19.4469 9.53648 10.3675 36.1582 0.473403 -10.3339 33.5444 3.88798 3.71916 0.531387 0.58447 493701
0 0 0.0323102 0.385032 0.792807 6.87825 0.0319337 0.000149261 1.47739 0.0255785 -19.4469 9.58457 10.4033 36.141 0.4689 -10.3918 33.561 3.9158 3.74916 0.538192 0.628788 493754
0 0 0.0323102 0.385032 0.792807 6.87825 0.0319337 0.000149261 1.47739 0.0255785 -19.4469 9.51435 10.3342 36.1548 0.46345 -10.3719 33.5635 3.95508 3.79185 0.540139 0.650919 493807
0 0 0.0323102 0.385032 0.792807 6.87825 0.0319337 0.000149261 1.47739 0.0255785 -19.4469 9.46492 10.2645 36.1511 0.437725 -10.2355 33.5687 3.95982 3.82057 0.545777 0.664779 493858
0 0 0.0323102 0.385032 0.792807 6.87825 0.0319337 0.000149261 1.47739 0.0255785 -19.4469 9.45981 10.234 36.1352 0.430447 -10.2106 33.573 3.95788 3.81894 0.542657 0.664125 493911
0 0 0.0323102 0.385032 0.792807 6.87825 0.0319337 0.000149261 1.47739 0.0255785 -19.4469 9.42295 10.1552 36.1156 0.408206 -10.1341 33.5866 4.01622 3.82978 0.542139 0.657439 493962
0 0 0.0323102 0.385032 0.792807 6.87825 0.0319337 0.000149261 1.47739 0.0255785 -19.4469 9.37425 10.033 36.0796 0.359982 -9.97506 33.6201 4.04182 3.842 0.543624 0.644836 494014
0 0 0.0323102 0.385032 0.792807 6.87825 0.0319337 0.000149261 1.47739 0.0255785 -19.4469 9.35208 10.0559 36.1139 0.357772 -9.95386 33.6198 4.03194 3.80669 0.543119 0.641014 494066
0 0 0.0323102 0.385032 0.792807 6.87825 0.0319337 0.000149261 1.47739 0.0255785 -19.4469 9.33208 9.99601 36.0935 0.366874 -9.9167 33.6035 4.06706 3.8721 0.544886 0.628024 494118
0 0 0.0323102 0.385032 0.792807 6.87825 0.0319337 0.000149261 1.47739 0.0255785 -19.4469 9.32439 9.96909 36.0834 0.370299 -9.89683 33.5967 4.05363 3.83554 0.545665 0.618786 494169
0 0 0.0323102 0.385032 0.792807 6.87825 0.0319337 0.000149261 1.47739 0.0255785 -19.4469 7.58851 10.1356 38.1959 2.29872 -9.78609 31.7282 4.16058 3.61786 0.544255 0.609073 494219
0 0 0.0323102 0.385032 0.792807 6.87825 0.0319337 0.000149261 1.47739 0.0255785 -19.4469 7.56627 10.1144 38.2105 2.28957 -9.75556 31.7323 4.15841 3.66437 0.544515 0.607784 494272
0 0 0.0323102 0.385032 0.792807 6.87825 0.0319337 0.000149261 1.47739 0.0255785 -19.4469 7.55105 10.1354 38.252 2.24938 -9.75881 31.7636 4.11659 3.62439 0.476229 0.570481 494322
0 0 0.0323102 0.385032 0.792807 6.87825 0.0319337 0.000149261 1.47739 0.0255785 -19.4469 7.55155 10.1378 38.2534 2.25935 -9.76035 31.7561 4.12896 3.60211 0.346961 0.579488 494373
0 0 0.0323102 0.385032 0.792807 6.87825 0.0319337 0.000149261 1.47739 0.0255785 -19.4469 7.54995 10.1524 38.2688 2.25253 -9.76784 31.762 4.11083 3.57603 0.346523 0.578062 494423
0 0 0.0323102 0.385032 0.792807 6.87825 0.0319337 0.000149261 1.47739 0.0255785 -19.4469 7.55069 10.1501 38.2656 2.24433 -9.75027 31.7667 4.08087 3.53619 0.345214 0.577432 494473
0 0 0.0323102 0.385032 0.792807 6.87825 0.0319337 0.000149261 1.47739 0.0255785 -19.4469 7.54336 10.1522 38.2786 2.22565 -9.74432 31.7807 4.0235 3.51109 0.345258 0.577973 494524
0 0 0.0323102 0.385032 0.792807 6.87825 0.0319337 0.000149261 1.47739 0.0255785 -19.4469 7.59777 10.4658 38.4884 2.39173 -10.1014 31.693 3.87666 3.36852 0.344533 0.576663 494575
0 0 0.0323102 0.385032 0.792807 6.87825 0.0319337 0.000149261 1.47739 0.0255785 -19.4469 7.72506 10.6433 39.1279 2.39185 -10.0978 31.6925 3.87807 3.31576 0.34413 0.576459 494625
0 0 0.0323102 0.385032 0.792807 6.87825 0.0319337 0.000149261 1.47739 0.0255785 -19.4469 7.71823 10.6579 39.153 2.38886 -10.1462 31.7011 3.81256 3.2479 0.332886 0.60796 494676
0 0 0.0323102 0.385032 0.792807 6.87825 0.0319337 0.000149261 1.47739 0.0255785 -19.4469 7.70712 10.6379 39.1504 2.3877 -10.1377 31.7008 3.75663 3.20228 0.332769 0.617687 494729
0 0 0.0323102 0.385032 0.792807 6.87825 0.0319337 0.000149261 1.47739 0.0255785 -19.4469 7.69125 10.6491 39.1864 2.38067 -10.1249 31.7044 3.69347 3.18849 0.331256 0.625013 494778
0 0 0.0323102 0.385032 0.792807 6.87825 0.0319337 0.000149261 1.47739 0.0255785 -19.4469 7.69191 10.6415 39.1778 2.38589 -10.1277 31.7009 3.69144 3.1728 0.331436 0.625476 494832
0 0 0.0323102 0.385032 0.792807 6.87825 0.0319337 0.000149261 1.47739 0.0255785 -19.4469 7.67756 10.6261 39.185 2.37108 -10.0933 31.7076 3.66979 3.13774 0.329283 0.624205 494883
0 0 0.0323102 0.385032 0.792807 6.87825 0.0319337 0.000149261 1.47739 0.0255785 -19.4469 8.27665 10.3938 38.1435 2.38192 -10.0996 31.7002 3.64553 3.12153 0.329062 0.623391 494936
0 0 0.0323102 0.385032 0.792807 6.87825 0.0319337 0.000149261 1.47739 0.0255785 -19.4469 8.36877 10.3239 37.9761 1.39746 -9.88681 32.5034 3.63763 3.16521 0.328999 0.621413 494986
0 0 0.0323102 0.385032 0.792807 6.87825 0.0319337 0.000149261 1.47739 0.0255785 -19.4469 8.3138 10.3191 38.0386 1.40169 -9.85639 32.496 3.56861 3.16984 0.328881 0.62013 495038
0 0 0.0323102 0.385032 0.792807 6.87825 0.0319337 0.000149261 1.47739 0.0255785 -19.4469 8.76526 10.2509 37.4751 1.40544 -9.85705 32.4925 3.7024 3.18735 0.405155 0.637506 495089
0 0 0.0323102 0.385032 0.792807 6.87825 0.0319337 0.000149261 1.47739 0.0255785 -19.4469 8.72783 10.245 37.5108 0.993289 -9.86969 32.8869 3.58344 3.2313 0.422745 0.600342 495139
0 0 0.0323102 0.385032 0.792807 6.87825 0.0319337 0.000149261 1.47739 0.0255785 -19.4469 8.71467 10.2611 37.5365 0.995124 -9.86573 32.8846 3.60531 3.23433 0.445755 0.607356 495191
0 0 0.0323102 0.385032 0.792807 6.87825 0.0319337 0.000149261 1.47739 0.0255785 -19.4469 8.72614 10.2691 37.5299 0.99561 -9.87019 32.8846 3.62244 3.26982 0.470778 0.602521 495241
0 0 0.0323102 0.385032 0.792807 6.87825 0.0319337 0.000149261 1.47739 0.0255785 -19.4469 8.82569 10.2145 37.3858 0.995 -9.87525 32.8859 3.71444 3.28577 0.470244 0.603895 495293
0 0 0.0323102 0.385032 0.792807 6.87825 0.0319337 0.000149261 1.47739 0.0255785 -19.4469 9.27012 10.3187 37.019 1.27544 -8.5862 32.5491 3.77198 1.52315 0.469453 0.604311 495347
0 0 0.0323102 0.385032 0.792807 6.87825 0.0319337 0.000149261 1.47739 0.0255785 -19.4469 8.01954 4.83471 36.4901 -1.21243 -6.3373 36.6254 3.69079 3.25388 0.469693 0.604562 495399
0 0 0.0323102 0.385032 0.792807 6.87825 0.0319337 0.000149261 1.47739 0.0255785 -19.4469 9.29014 10.1838 36.9104 0 0 0 3.67427 0 0.520696 0.614692 495452
0 0 0.0323102 0.385032 0.792807 6.87825 0.0319337 0.000149261 1.47739 0.0255785 -19.4469 9.07635 10.1876 37.1152 1.00442 -9.86729 32.8751 3.77638 3.43542 0.533675 0.22732 495505
0 0 0.0323102 0.385032 0.792807 6.87825 0.0319337 0.000149261 1.47739 0.0255785 -19.4469 9.01154 10.2189 37.2001 0.935258 -9.85904 32.9462 3.77004 3.48859 0.482905 -0.182486 495557
0 0 0.0323102 0.385032 0.792807 6.87825 0.0319337 0.000149261 1.47739 0.0255785 -19.4469 8.99702 10.2225 37.2169 0.868603 -9.836 33.0139 3.79434 3.47901 0.507837 0.626166 495608
0 0 0.0323102 0.385032 0.792807 6.87825 0.0319337 0.000149261 1.47739 0.0255785 -19.4469 8.99895 10.2245 37.2164 0.849558 -9.8308 33.0337 3.8346 3.52672 0.494435 0.615352 495658
0 0 0.0323102 0.385032 0.792807 6.87825 0.0319337 0.000149261 1.47739 0.0255785 -19.4469 8.20355 10.1557 38.0477 0.827664 -9.81425 33.0552 4.02775 3.55004 0.493694 0.609115 495709
0 0 0.0323102 0.385032 0.792807 6.87825 0.0319337 0.000149261 1.47739 0.0255785 -19.4469 8.18808 10.1514 38.0635 1.58918 -9.61734 32.2861 3.97823 3.54725 0.494786 0.607727 495761
0 0 0.0323102 0.385032 0.792807 6.87825 0.0319337 0.000149261 1.47739 0.0255785 -19.4469 8.20041 10.1617 38.0561 1.55115 -9.61319 32.3201 4.02192 3.54706 0.490074 0.602643 495814
0 0 0.0323102 0.385032 0.792807 6.87825 0.0319337 0.000149261 1.47739 0.0255785 -19.4469 8.1903 10.1651 38.0712 1.53291 -9.62287 32.3375 4.00076 3.54896 0.436353 0.565293 495865
0 0 0.0323102 0.385032 0.792807 6.87825 0.0319337 0.000149261 1.47739 0.0255785 -19.4469 8.20921 10.1631 38.0463 1.52408 -9.61746 32.3451 4.02169 3.59112 0.414628 0.576957 495917
0 0 0.0323102 0.385032 0.792807 6.87825 0.0319337 0.000149261 1.47739 0.0255785 -19.4469 8.20961 10.1627 38.0455 1.50593 -9.60918 32.3609 4.03249 3.59017 0.415511 0.57548 495968
0 0 0.0323102 0.385032 0.792807 6.87825 0.0319337 0.000149261 1.47739 0.0255785 -19.4469 7.66376 9.81355 38.4984 1.52423 -9.58432 32.3421 4.00521 3.59914 0.41583 0.57573 496019
0 0 0.0323102 0.385032 0.792807 6.87825 0.0319337 0.000149261 1.47739 0.0255785 -19.4469 7.66872 9.80228 38.4829 1.88988 -9.17642 31.9989 4.01955 3.59919 0.41707 0.575761 496069
0 0 0.0323102 0.385032 0.792807 6.87825 0.0319337 0.000149261 1.47739 0.0255785 -19.4469 7.68314 9.80379 38.4639 1.87895 -9.17966 32.0081 4.06597 3.59614 0.39378 0.547121 496122
0 0 0.0323102 0.385032 0.792807 6.87825 0.0319337 0.000149261 1.47739 0.0255785 -19.4469 7.67459 9.77164 38.4516 1.88641 -9.19214 32.0023 4.05386 3.59818 0.373301 0.515173 496173
0 0 0.0323102 0.385032 0.792807 6.87825 0.0319337 0.000149261 1.47739 0.0255785 -19.4469 7.66966 9.76939 38.4568 1.87553 -9.17894 32.011 4.09225 3.63169 0.373813 0.514923 496225
0 0 0.0323102 0.385032 0.792807 6.87825 0.0319337 0.000149261 1.47739 0.0255785 -19.4469 7.67153 9.75467 38.4432 1.86569 -9.18401 32.0194 4.09083 3.6349 0.374842 0.516622 496278
0 0 0.0323102 0.385032 0.792807 6.87825 0.0319337 0.000149261 1.47739 0.0255785 -19.4469 7.6813 9.76785 38.4395 1.85576 -9.18529 32.0279 4.08248 3.6394 0.375096 0.514457 496330
0 0 0.0323102 0.385032 0.792807 6.87825 0.0319337 0.000149261 1.47739 0.0255785 -19.4469 7.65112 9.76852 38.4821 1.85263 -9.19142 32.0307 4.06716 3.60729 0.374875 0.513444 496383
0 0 0.0323102 0.385032 0.792807 6.87825 0.0319337 0.000149261 1.47739 0.0255785 -19.4469 7.61184 9.83509 38.5886 1.98833 -9.2518 31.9202 4.01086 3.63535 0.375927 0.513229 496432
0 0 0.0323102 0.385032 0.792807 6.87825 0.0319337 0.000149261 1.47739 0.0255785 -19.4469 7.61538 9.83289 38.5818 1.95672 -9.2616 31.9466 3.99276 3.5514 0.373599 0.512387 496484
0 0 0.0323102 0.385032 0.792807 6.87825 0.0319337 0.000149261 1.47739 0.0255785 -19.4469 7.6147 9.84376 38.5912 1.95683 -9.25565 31.9463 3.93087 3.49696 0.373647 0.512145 496534
0 0 0.0323102 0.385032 0.792807 6.87825 0.0319337 0.000149261 1.47739 0.0255785 -19.4469 7.62489 9.83831 38.5724 1.94978 -9.27346 31.9529 3.91224 3.45953 0.364584 0.521424 496586
0 0 0.0323102 0.385032 0.792807 6.87825 0.0319337 0.000149261 1.47739 0.0255785 -19.4469 7.62592 9.85608 38.5847 1.95154 -9.27385 31.9514 3.8836 3.42885 0.365469 0.520708 496638
0 0 0.0323102 0.385032 0.792807 6.87825 0.0319337 0.000149261 1.47739 0.0255785 -19.4469 7.6257 9.84643 38.5775 1.94449 -9.27056 31.9571 3.9046 3.40201 0.36631 0.521213 496688
0 0 0.0323102 0.385032 0.792807 6.87825 0.0319337 0.000149261 1.47739 0.0255785 -19.4469 7.68459 9.83474 38.4853 1.92768 -9.26876 31.971 3.89521 3.38293 0.367437 0.522634 496741
0 0 0.0323102 0.385032 0.792807 6.87825 0.0319337 0.000149261 1.47739 0.0255785 -19.4469 8.90805 9.98951 37.1501 1.01735 -9.68012 32.8413 3.78601 3.44112 0.366126 0.521904 496794
0 0 0.0323102 0.385032 0.792807 6.87825 0.0319337 0.000149261 1.47739 0.0255785 -19.4469 8.88256 10.0738 37.2313 0.8484 -9.74485 33.0251 3.76287 3.4165 0.366544 0.521972 496846
0 0 0.0323102 0.385032 0.792807 6.87825 0.0319337 0.000149261 1.47739 0.0255785 -19.4469 8.87422 10.0971 37.2553 0.850212 -9.75008 33.0237 3.79739 3.40595 0.464049 0.589181 496897
0 0 0.0323102 0.385032 0.792807 6.87825 0.0319337 0.000149261 1.47739 0.0255785 -19.4469 8.85991 10.0994 37.2714 0.851179 -9.75364 33.0231 3.7926 3.43215 0.487583 0.589558 496950
0 0 0.0323102 0.385032 0.792807 6.87825 0.0319337 0.000149261 1.47739 0.0255785 -19.4469 7.77423 10.0815 38.5534 1.79809 -9.63836 32.1045 3.93584 3.35233 0.491001 0.589904 497000
0 0 0.0323102 0.385032 0.792807 6.87825 0.0319337 0.000149261 1.47739 0.0255785 -19.4469 7.78691 10.0876 38.5407 2.03646 -9.56781 31.8997 3.91832 3.41676 0.490207 0.590405 497053
0 0 0.0323102 0.385032 0.792807 6.87825 0.0319337 0.000149261 1.47739 0.0255785 -19.4469 7.49448 10.0242 38.9157 2.02153 -9.57792 31.9126 3.79581 3.40438 0.408309 0.539523 497104
0 0 0.0323102 0.385032 0.792807 6.87825 0.0319337 0.000149261 1.47739 0.0255785 -19.4469 7.32974 9.9697 39.1282 2.48664 -9.40864 31.5406 3.91706 3.3726 0.369101 0.560958 497154
0 0 0.0323102 0.385032 0.792807 6.87825 0.0319337 0.000149261 1.47739 0.0255785 -19.4469 7.32787 9.98974 39.1487 2.46727 -9.40071 31.5545 3.90639 3.34628 0.369795 0.56308 497207
0 0 0.0323102 0.385032 0.792807 6.87825 0.0319337 0.000149261 1.47739 0.0255785 -19.4469 7.3322 9.97286 39.127 2.46801 -9.40428 31.5541 3.94058 3.33626 0.324575 0.536973 497258
0 0 0.0323102 0.385032 0.792807 6.87825 0.0319337 0.000149261 1.47739 0.0255785 -19.4469 7.34191 9.98679 39.1234 2.46124 -9.41421 31.5597 3.93746 3.35417 0.320148 0.533911 497308
0 0 0.0323102 0.385032 0.792807 6.87825 0.0319337 0.000149261 1.47739 0.0255785 -19.4469 7.33584 9.97737 39.125 2.46213 -9.41831 31.5593 3.97571 3.35991 0.320169 0.533871 497361
0 0 0.0323102 0.385032 0.792807 6.87825 0.0319337 0.000149261 1.47739 0.0255785 -19.4469 7.31542 9.95279 39.1367 2.46205 -9.40414 31.5585 3.90031 3.38338 0.321086 0.533646 497412
0 0 0.0323102 0.385032 0.792807 6.87825 0.0319337 0.000149261 1.47739 0.0255785 -19.4469 7.09448 9.7172 39.3021 2.61455 -9.10088 31.4352 3.92369 3.35389 0.32099 0.535263 497464
0 0 0.0323102 0.385032 0.792807 6.87825 0.0319337 0.000149261 1.47739 0.0255785 -19.4469 7.08312 9.71082 39.3162 2.63181 -9.08564 31.4225 3.90828 3.35025 0.321461 0.534182 497516
0 0 0.0323102 0.385032 0.792807 6.87825 0.0319337 0.000149261 1.47739 0.0255785 -19.4469 7.07588 9.70316 39.3221 2.62858 -9.08336 31.4247 3.91151 3.33133 0.30252 0.495631 497567
0 0 0.0323102 0.385032 0.792807 6.87825 0.0319337 0.000149261 1.47739 0.0255785 -19.4469 7.06058 9.70589 39.3508 2.64579 -9.08317 31.4125 3.858 3.30896 0.303671 0.493996 497620
0 0 0.0323102 0.385032 0.792807 6.87825 0.0319337 0.000149261 1.47739 0.0255785 -19.4469 7.0809 9.70843 39.3179 2.65175 -9.09447 31.4085 3.83823 3.26034 0.302394 0.492817 497674
0 0 0.0323102 0.385032 0.792807 6.87825 0.0319337 0.000149261 1.47739 0.0255785 -19.4469 7.0809 9.70843 39.3179 2.65175 -9.09447 31.4085 3.83823 3.26034 0.302394 0.492817 497727
0 0 0.0323102 0.385032 0.792807 6.87825 0.0319337 0.000149261 1.47739 0.0255785 -19.4469 7.0809 9.70843 39.3179 2.65175 -9.09447 31.4085 3.83823 3.26034 0.302394 0.492817 497778
0 0 0.0323102 0.385032 0.792807 6.87825 0.0319337 0.000149261 1.47739 0.0255785 -19.4469 7.0809 9.70843 39.3179 2.65175 -9.09447 31.4085 3.83823 3.26034 0.302394 0.492817 497830
0 0 0.0323102 0.385032 0.792807 6.87825 0.0319337 0.000149261 1.47739 0.0255785 -19.4469 7.0809 9.70843 39.3179 2.65175 -9.09447 31.4085 3.83823 3.26034 0.302394 0.492817 497880
0 0 0.0323102 0.385032 0.792807 6.87825 0.0319337 0.000149261 1.47739 0.0255785 -19.4469 7.0809 9.70843 39.3179 2.65175 -9.09447 31.4085 3.83823 3.26034 0.302394 0.492817 497931
0 0 0.0323102 0.385032 0.792807 6.87825 0.0319337 0.000149261 1.47739 0.0255785 -19.4469 7.0809 9.70843 39.3179 2.65175 -9.09447 31.4085 3.83823 3.26034 0.302394 0.492817 497981
0 0 0.0323102 0.385032 0.792807 6.87825 0.0319337 0.000149261 1.47739 0.0255785 -19.4469 7.0809 9.70843 39.3179 2.65175 -9.09447 31.4085 3.83823 3.26034 0.302394 0.492817 498034
0 0 0.0323102 0.385032 0.792807 6.87825 0.0319337 0.000149261 1.47739 0.0255785 -19.4469 7.0809 9.70843 39.3179 2.65175 -9.09447 31.4085 3.83823 3.26034 0.302394 0.492817 498085
0 0 0.0323102 0.385032 0.792807 6.87825 0.0319337 0.000149261 1.47739 0.0255785 -19.4469 7.0809 9.70843 39.3179 2.65175 -9.09447 31.4085 3.83823 3.26034 0.302394 0.492817 498136
0 0 0.0323102 0.385032 0.792807 6.87825 0.0319337 0.000149261 1.47739 0.0255785 -19.4469 7.0809 9.70843 39.3179 2.65175 -9.09447 31.4085 3.83823 3.26034 0.302394 0.492817 498190
0 0 0.0323102 0.385032 0.792807 6.87825 0.0319337 0.000149261 1.47739 0.0255785 -19.4469 7.0809 9.70843 39.3179 2.65175 -9.09447 31.4085 3.83823 3.26034 0.302394 0.492817 498240
0 0 0.0323102 0.385032 0.792807 6.87825 0.0319337 0.000149261 1.47739 0.0255785 -19.4469 7.0809 9.70843 39.3179 2.65175 -9.09447 31.4085 3.83823 3.26034 0.302394 0.492817 498292
0 0 0.0323102 0.385032 0.792807 6.87825 0.0319337 0.000149261 1.47739 0.0255785 -19.4469 7.0809 9.70843 39.3179 2.65175 -9.09447 31.4085 3.83823 3.26034 0.302394 0.492817 498343
0 0 0.0323102 0.385032 0.792807 6.87825 0.0319337 0.000149261 1.47739 0.0255785 -19.4469 7.0809 9.70843 39.3179 2.65175 -9.09447 31.4085 3.83823 3.26034 0.302394 0.492817 498396
0 0 0.0323102 0.385032 0.792807 6.87825 0.0319337 0.000149261 1.47739 0.0255785 -19.4469 7.0809 9.70843 39.3179 2.65175 -9.09447 31.4085 3.83823 3.26034 0.302394 0.492817 498446
0 0 0.0323102 0.385032 0.792807 6.87825 0.0319337 0.000149261 1.47739 0.0255785 -19.4469 7.0809 9.70843 39.3179 2.65175 -9.09447 31.4085 3.83823 3.26034 0.302394 0.492817 498498
0 0 0.0323102 0.385032 0.792807 6.87825 0.0319337 0.000149261 1.47739 0.0255785 -19.4469 7.0809 9.70843 39.3179 2.65175 -9.09447 31.4085 3.83823 3.26034 0.302394 0.492817 498550
0 0 0.0323102 0.385032 0.792807 6.87825 0.0319337 0.000149261 1.47739 0.0255785 -19.4469 7.0809 9.70843 39.3179 2.65175 -9.09447 31.4085 3.83823 3.26034 0.302394 0.492817 498603
0 0 0.0323102 0.385032 0.792807 6.87825 0.0319337 0.000149261 1.47739 0.0255785 -19.4469 7.0809 9.70843 39.3179 2.65175 -9.09447 31.4085 3.83823 3.26034 0.302394 0.492817 498712
0 0 0.0323102 0.385032 0.792807 6.87825 0.0319337 0.000149261 1.47739 0.0255785 -19.4469 7.0809 9.70843 39.3179 2.65175 -9.09447 31.4085 3.83823 3.26034 0.302394 0.492817 498802
0 0 0.0323102 0.385032 0.792807 6.87825 0.0319337 0.000149261 1.47739 0.0255785 -19.4469 7.0809 9.70843 39.3179 2.65175 -9.09447 31.4085 3.83823 3.26034 0.302394 0.492817 498858
0 0 0.0323102 0.385032 0.792807 6.87825 0.0319337 0.000149261 1.47739 0.0255785 -19.4469 7.0809 9.70843 39.3179 2.65175 -9.09447 31.4085 3.83823 3.26034 0.302394 0.492817 498908
0 0 0.0323102 0.385032 0.792807 6.87825 0.0319337 0.000149261 1.47739 0.0255785 -19.4469 7.0809 9.70843 39.3179 2.65175 -9.09447 31.4085 3.83823 3.26034 0.302394 0.492817 498962
0 0 0.0323102 0.385032 0.792807 6.87825 0.0319337 0.000149261 1.47739 0.0255785 -19.4469 7.0809 9.70843 39.3179 2.65175 -9.09447 31.4085 3.83823 3.26034 0.302394 0.492817 499014
0 0 0.0323102 0.385032 0.792807 6.87825 0.0319337 0.000149261 1.47739 0.0255785 -19.4469 7.0809 9.70843 39.3179 2.65175 -9.09447 31.4085 3.83823 3.26034 0.302394 0.492817 499065
0 0 0.0323102 0.385032 0.792807 6.87825 0.0319337 0.000149261 1.47739 0.0255785 -19.4469 7.0809 9.70843 39.3179 2.65175 -9.09447 31.4085 3.83823 3.26034 0.302394 0.492817 499115
0 0 0.0323102 0.385032 0.792807 6.87825 0.0319337 0.000149261 1.47739 0.0255785 -19.4469 7.0809 9.70843 39.3179 2.65175 -9.09447 31.4085 3.83823 3.26034 0.302394 0.492817 499165
0 0 0.0323102 0.385032 0.792807 6.87825 0.0319337 0.000149261 1.47739 0.0255785 -19.4469 7.0809 9.70843 39.3179 2.65175 -9.09447 31.4085 3.83823 3.26034 0.302394 0.492817 499216
0 0 0.0323102 0.385032 0.792807 6.87825 0.0319337 0.000149261 1.47739 0.0255785 -19.4469 7.0809 9.70843 39.3179 2.65175 -9.09447 31.4085 3.83823 3.26034 0.302394 0.492817 499268
0 0 0.0323102 0.385032 0.792807 6.87825 0.0319337 0.000149261 1.47739 0.0255785 -19.4469 7.0809 9.70843 39.3179 2.65175 -9.09447 31.4085 3.83823 3.26034 0.302394 0.492817 499322
0 0 0.0323102 0.385032 0.792807 6.87825 0.0319337 0.000149261 1.47739 0.0255785 -19.4469 7.0809 9.70843 39.3179 2.65175 -9.09447 31.4085 3.83823 3.26034 0.302394 0.492817 499373
0 0 0.0323102 0.385032 0.792807 6.87825 0.0319337 0.000149261 1.47739 0.0255785 -19.4469 7.0809 9.70843 39.3179 2.65175 -9.09447 31.4085 3.83823 3.26034 0.302394 0.492817 499427
0 0 0.0323102 0.385032 0.792807 6.87825 0.0319337 0.000149261 1.47739 0.0255785 -19.4469 7.0809 9.70843 39.3179 2.65175 -9.09447 31.4085 3.83823 3.26034 0.302394 0.492817 499481
0 0 0.0323102 0.385032 0.792807 6.87825 0.0319337 0.000149261 1.47739 0.0255785 -19.4469 7.0809 9.70843 39.3179 2.65175 -9.09447 31.4085 3.83823 3.26034 0.302394 0.492817 499531
0 0 0.0323102 0.385032 0.792807 6.87825 0.0319337 0.000149261 1.47739 0.0255785 -19.4469 7.0809 9.70843 39.3179 2.65175 -9.09447 31.4085 3.83823 3.26034 0.302394 0.492817 499582
0 0 0.0323102 0.385032 0.792807 6.87825 0.0319337 0.000149261 1.47739 0.0255785 -19.4469 7.0809 9.70843 39.3179 2.65175 -9.09447 31.4085 3.83823 3.26034 0.302394 0.492817 499632
0 0 0.0323102 0.385032 0.792807 6.87825 0.0319337 0.000149261 1.47739 0.0255785 -19.4469 7.0809 9.70843 39.3179 2.65175 -9.09447 31.4085 3.83823 3.26034 0.302394 0.492817 499684
0 0 0.0323102 0.385032 0.792807 6.87825 0.0319337 0.000149261 1.47739 0.0255785 -19.4469 7.0809 9.70843 39.3179 2.65175 -9.09447 31.4085 3.83823 3.26034 0.302394 0.492817 499739
0 0 0.0323102 0.385032 0.792807 6.87825 0.0319337 0.000149261 1.47739 0.0255785 -19.4469 7.0809 9.70843 39.3179 2.65175 -9.09447 31.4085 3.83823 3.26034 0.302394 0.492817 499790
0 0 0.0323102 0.385032 0.792807 6.87825 0.0319337 0.000149261 1.47739 0.0255785 -19.4469 7.0809 9.70843 39.3179 2.65175 -9.09447 31.4085 3.83823 3.26034 0.302394 0.492817 499843
0 0 0.0323102 0.385032 0.792807 6.87825 0.0319337 0.000149261 1.47739 0.0255785 -19.4469 7.0809 9.70843 39.3179 2.65175 -9.09447 31.4085 3.83823 3.26034 0.302394 0.492817 499899
0 0 0.0323102 0.385032 0.792807 6.87825 0.0319337 0.000149261 1.47739 0.0255785 -19.4469 7.0809 9.70843 39.3179 2.65175 -9.09447 31.4085 3.83823 3.26034 0.302394 0.492817 499953
0 0 0.0323102 0.385032 0.792807 6.87825 0.0319337 0.000149261 1.47739 0.0255785 -19.4469 7.0809 9.70843 39.3179 2.65175 -9.09447 31.4085 3.83823 3.26034 0.302394 0.492817 500007
0 0 0.0323102 0.385032 0.792807 6.87825 0.0319337 0.000149261 1.47739 0.0255785 -19.4469 7.0809 9.70843 39.3179 2.65175 -9.09447 31.4085 3.83823 3.26034 0.302394 0.492817 500060
0 0 0.0323102 0.385032 0.792807 6.87825 0.0319337 0.000149261 1.47739 0.0255785 -19.4469 7.0809 9.70843 39.3179 2.65175 -9.09447 31.4085 3.83823 3.26034 0.302394 0.492817 500111
0 0 0.0323102 0.385032 0.792807 6.87825 0.0319337 0.000149261 1.47739 0.0255785 -19.4469 7.0809 9.70843 39.3179 2.65175 -9.09447 31.4085 3.83823 3.26034 0.302394 0.492817 500163
0 0 0.0323102 0.385032 0.792807 6.87825 0.0319337 0.000149261 1.47739 0.0255785 -19.4469 7.0809 9.70843 39.3179 2.65175 -9.09447 31.4085 3.83823 3.26034 0.302394 0.492817 500216
0 0 0.0323102 0.385032 0.792807 6.87825 0.0319337 0.000149261 1.47739 0.0255785 -19.4469 7.0809 9.70843 39.3179 2.65175 -9.09447 31.4085 3.83823 3.26034 0.302394 0.492817 500269
0 0 0.0323102 0.385032 0.792807 6.87825 0.0319337 0.000149261 1.47739 0.0255785 -19.4469 7.0809 9.70843 39.3179 2.65175 -9.09447 31.4085 3.83823 3.26034 0.302394 0.492817 500319
0 0 0.0323102 0.385032 0.792807 6.87825 0.0319337 0.000149261 1.47739 0.0255785 -19.4469 7.0809 9.70843 39.3179 2.65175 -9.09447 31.4085 3.83823 3.26034 0.302394 0.492817 500369
0 0 0.0323102 0.385032 0.792807 6.87825 0.0319337 0.000149261 1.47739 0.0255785 -19.4469 7.0809 9.70843 39.3179 2.65175 -9.09447 31.4085 3.83823 3.26034 0.302394 0.492817 500421
0 0 0.0323102 0.385032 0.792807 6.87825 0.0319337 0.000149261 1.47739 0.0255785 -19.4469 7.0809 9.70843 39.3179 2.65175 -9.09447 31.4085 3.83823 3.26034 0.302394 0.492817 500472
0 0 0.0323102 0.385032 0.792807 6.87825 0.0319337 0.000149261 1.47739 0.0255785 -19.4469 7.0809 9.70843 39.3179 2.65175 -9.09447 31.4085 3.83823 3.26034 0.302394 0.492817 500527
0 0 0.0323102 0.385032 0.792807 6.87825 0.0319337 0.000149261 1.47739 0.0255785 -19.4469 7.0809 9.70843 39.3179 2.65175 -9.09447 31.4085 3.83823 3.26034 0.302394 0.492817 500580
0 0 0.0323102 0.385032 0.792807 6.87825 0.0319337 0.000149261 1.47739 0.0255785 -19.4469 7.0809 9.70843 39.3179 2.65175 -9.09447 31.4085 3.83823 3.26034 0.302394 0.492817 500639
0 0 0.0323102 0.385032 0.792807 6.87825 0.0319337 0.000149261 1.47739 0.0255785 -19.4469 7.0809 9.70843 39.3179 2.65175 -9.09447 31.4085 3.83823 3.26034 0.302394 0.492817 500695
0 0 0.0323102 0.385032 0.792807 6.87825 0.0319337 0.000149261 1.47739 0.0255785 -19.4469 7.0809 9.70843 39.3179 2.65175 -9.09447 31.4085 3.83823 3.26034 0.302394 0.492817 500746
0 0 0.0323102 0.385032 0.792807 6.87825 0.0319337 0.000149261 1.47739 0.0255785 -19.4469 7.0809 9.70843 39.3179 2.65175 -9.09447 31.4085 3.83823 3.26034 0.302394 0.492817 500800
0 0 0.0323102 0.385032 0.792807 6.87825 0.0319337 0.000149261 1.47739 0.0255785 -19.4469 7.0809 9.70843 39.3179 2.65175 -9.09447 31.4085 3.83823 3.26034 0.302394 0.492817 500852
0 0 0.0323102 0.385032 0.792807 6.87825 0.0319337 0.000149261 1.47739 0.0255785 -19.4469 7.0809 9.70843 39.3179 2.65175 -9.09447 31.4085 3.83823 3.26034 0.302394 0.492817 500904
0 0 0.0323102 0.385032 0.792807 6.87825 0.0319337 0.000149261 1.47739 0.0255785 -19.4469 7.0809 9.70843 39.3179 2.65175 -9.09447 31.4085 3.83823 3.26034 0.302394 0.492817 500958
0 0 0.0323102 0.385032 0.792807 6.87825 0.0319337 0.000149261 1.47739 0.0255785 -19.4469 7.0809 9.70843 39.3179 2.65175 -9.09447 31.4085 3.83823 3.26034 0.302394 0.492817 501009
0 0 0.0323102 0.385032 0.792807 6.87825 0.0319337 0.000149261 1.47739 0.0255785 -19.4469 7.0809 9.70843 39.3179 2.65175 -9.09447 31.4085 3.83823 3.26034 0.302394 0.492817 501060
0 0 0.0323102 0.385032 0.792807 6.87825 0.0319337 0.000149261 1.47739 0.0255785 -19.4469 7.0809 9.70843 39.3179 2.65175 -9.09447 31.4085 3.83823 3.26034 0.302394 0.492817 501110
0 0 0.0323102 0.385032 0.792807 6.87825 0.0319337 0.000149261 1.47739 0.0255785 -19.4469 7.0809 9.70843 39.3179 2.65175 -9.09447 31.4085 3.83823 3.26034 0.302394 0.492817 501161
0 0 0.0323102 0.385032 0.792807 6.87825 0.0319337 0.000149261 1.47739 0.0255785 -19.4469 7.0809 9.70843 39.3179 2.65175 -9.09447 31.4085 3.83823 3.26034 0.302394 0.492817 501214
0 0 0.0323102 0.385032 0.792807 6.87825 0.0319337 0.000149261 1.47739 0.0255785 -19.4469 7.0809 9.70843 39.3179 2.65175 -9.09447 31.4085 3.83823 3.26034 0.302394 0.492817 501268
0 0 0.0323102 0.385032 0.792807 6.87825 0.0319337 0.000149261 1.47739 0.0255785 -19.4469 7.0809 9.70843 39.3179 2.65175 -9.09447 31.4085 3.83823 3.26034 0.302394 0.492817 501318
0 0 0.0323102 0.385032 0.792807 6.87825 0.0319337 0.000149261 1.47739 0.0255785 -19.4469 7.0809 9.70843 39.3179 2.65175 -9.09447 31.4085 3.83823 3.26034 0.302394 0.492817 501369
0 0 0.0323102 0.385032 0.792807 6.87825 0.0319337 0.000149261 1.47739 0.0255785 -19.4469 7.0809 9.70843 39.3179 2.65175 -9.09447 31.4085 3.83823 3.26034 0.302394 0.492817 501422
0 0 0.0323102 0.385032 0.792807 6.87825 0.0319337 0.000149261 1.47739 0.0255785 -19.4469 7.0809 9.70843 39.3179 2.65175 -9.09447 31.4085 3.83823 3.26034 0.302394 0.492817 501477
0 0 0.0323102 0.385032 0.792807 6.87825 0.0319337 0.000149261 1.47739 0.0255785 -19.4469 7.0809 9.70843 39.3179 2.65175 -9.09447 31.4085 3.83823 3.26034 0.302394 0.492817 501528
0 0 0.0323102 0.385032 0.792807 6.87825 0.0319337 0.000149261 1.47739 0.0255785 -19.4469 7.0809 9.70843 39.3179 2.65175 -9.09447 31.4085 3.83823 3.26034 0.302394 0.492817 501581
0 0 0.0323102 0.385032 0.792807 6.87825 0.0319337 0.000149261 1.47739 0.0255785 -19.4469 7.0809 9.70843 39.3179 2.65175 -9.09447 31.4085 3.83823 3.26034 0.302394 0.492817 501632
0 0 0.0323102 0.385032 0.792807 6.87825 0.0319337 0.000149261 1.47739 0.0255785 -19.4469 7.0809 9.70843 39.3179 2.65175 -9.09447 31.4085 3.83823 3.26034 0.302394 0.492817 501685
0 0 0.0323102 0.385032 0.792807 6.87825 0.0319337 0.000149261 1.47739 0.0255785 -19.4469 7.0809 9.70843 39.3179 2.65175 -9.09447 31.4085 3.83823 3.26034 0.302394 0.492817 501742
0 0 0.0323102 0.385032 0.792807 6.87825 0.0319337 0.000149261 1.47739 0.0255785 -19.4469 7.0809 9.70843 39.3179 2.65175 -9.09447 31.4085 3.83823 3.26034 0.302394 0.492817 501796
0 0 0.0323102 0.385032 0.792807 6.87825 0.0319337 0.000149261 1.47739 0.0255785 -19.4469 7.0809 9.70843 39.3179 2.65175 -9.09447 31.4085 3.83823 3.26034 0.302394 0.492817 501850
0 0 0.0323102 0.385032 0.792807 6.87825 0.0319337 0.000149261 1.47739 0.0255785 -19.4469 7.0809 9.70843 39.3179 2.65175 -9.09447 31.4085 3.83823 3.26034 0.302394 0.492817 501903
0 0 0.0323102 0.385032 0.792807 6.87825 0.0319337 0.000149261 1.47739 0.0255785 -19.4469 7.0809 9.70843 39.3179 2.65175 -9.09447 31.4085 3.83823 3.26034 0.302394 0.492817 501956
0 0 0.0323102 0.385032 0.792807 6.87825 0.0319337 0.000149261 1.47739 0.0255785 -19.4469 7.0809 9.70843 39.3179 2.65175 -9.09447 31.4085 3.83823 3.26034 0.302394 0.492817 502008
0 0 0.0323102 0.385032 0.792807 6.87825 0.0319337 0.000149261 1.47739 0.0255785 -19.4469 7.0809 9.70843 39.3179 2.65175 -9.09447 31.4085 3.83823 3.26034 0.302394 0.492817 502061
0 0 0.0323102 0.385032 0.792807 6.87825 0.0319337 0.000149261 1.47739 0.0255785 -19.4469 7.0809 9.70843 39.3179 2.65175 -9.09447 31.4085 3.83823 3.26034 0.302394 0.492817 502111
0 0 0.0323102 0.385032 0.792807 6.87825 0.0319337 0.000149261 1.47739 0.0255785 -19.4469 7.0809 9.70843 39.3179 2.65175 -9.09447 31.4085 3.83823 3.26034 0.302394 0.492817 502164
0 0 0.0323102 0.385032 0.792807 6.87825 0.0319337 0.000149261 1.47739 0.0255785 -19.4469 7.0809 9.70843 39.3179 2.65175 -9.09447 31.4085 3.83823 3.26034 0.302394 0.492817 502214
0 0 0.0323102 0.385032 0.792807 6.87825 0.0319337 0.000149261 1.47739 0.0255785 -19.4469 7.0809 9.70843 39.3179 2.65175 -9.09447 31.4085 3.83823 3.26034 0.302394 0.492817 502268
0 0 0.0323102 0.385032 0.792807 6.87825 0.0319337 0.000149261 1.47739 0.0255785 -19.4469 7.0809 9.70843 39.3179 2.65175 -9.09447 31.4085 3.83823 3.26034 0.302394 0.492817 502318
0 0 0.0323102 0.385032 0.792807 6.87825 0.0319337 0.000149261 1.47739 0.0255785 -19.4469 7.0809 9.70843 39.3179 2.65175 -9.09447 31.4085 3.83823 3.26034 0.302394 0.492817 502369
0 0 0.0323102 0.385032 0.792807 6.87825 0.0319337 0.000149261 1.47739 0.0255785 -19.4469 7.0809 9.70843 39.3179 2.65175 -9.09447 31.4085 3.83823 3.26034 0.302394 0.492817 502423
0 0 0.0323102 0.385032 0.792807 6.87825 0.0319337 0.000149261 1.47739 0.0255785 -19.4469 7.0809 9.70843 39.3179 2.65175 -9.09447 31.4085 3.83823 3.26034 0.302394 0.492817 502477
0 0 0.0323102 0.385032 0.792807 6.87825 0.0319337 0.000149261 1.47739 0.0255785 -19.4469 7.0809 9.70843 39.3179 2.65175 -9.09447 31.4085 3.83823 3.26034 0.302394 0.492817 502529
0 0 0.0323102 0.385032 0.792807 6.87825 0.0319337 0.000149261 1.47739 0.0255785 -19.4469 7.0809 9.70843 39.3179 2.65175 -9.09447 31.4085 3.83823 3.26034 0.302394 0.492817 502584
0 0 0.0323102 0.385032 0.792807 6.87825 0.0319337 0.000149261 1.47739 0.0255785 -19.4469 7.0809 9.70843 39.3179 2.65175 -9.09447 31.4085 3.83823 3.26034 0.302394 0.492817 502635
0 0 0.0323102 0.385032 0.792807 6.87825 0.0319337 0.000149261 1.47739 0.0255785 -19.4469 7.0809 9.70843 39.3179 2.65175 -9.09447 31.4085 3.83823 3.26034 0.302394 0.492817 502687
0 0 0.0323102 0.385032 0.792807 6.87825 0.0319337 0.000149261 1.47739 0.0255785 -19.4469 7.0809 9.70843 39.3179 2.65175 -9.09447 31.4085 3.83823 3.26034 0.302394 0.492817 502740
0 0 0.0323102 0.385032 0.792807 6.87825 0.0319337 0.000149261 1.47739 0.0255785 -19.4469 7.0809 9.70843 39.3179 2.65175 -9.09447 31.4085 3.83823 3.26034 0.302394 0.492817 502794
0 0 0.0323102 0.385032 0.792807 6.87825 0.0319337 0.000149261 1.47739 0.0255785 -19.4469 7.0809 9.70843 39.3179 2.65175 -9.09447 31.4085 3.83823 3.26034 0.302394 0.492817 502847
0 0 0.0323102 0.385032 0.792807 6.87825 0.0319337 0.000149261 1.47739 0.0255785 -19.4469 7.0809 9.70843 39.3179 2.65175 -9.09447 31.4085 3.83823 3.26034 0.302394 0.492817 502899
0 0 0.0323102 0.385032 0.792807 6.87825 0.0319337 0.000149261 1.47739 0.0255785 -19.4469 7.0809 9.70843 39.3179 2.65175 -9.09447 31.4085 3.83823 3.26034 0.302394 0.492817 502954
0 0 0.0323102 0.385032 0.792807 6.87825 0.0319337 0.000149261 1.47739 0.0255785 -19.4469 7.0809 9.70843 39.3179 2.65175 -9.09447 31.4085 3.83823 3.26034 0.302394 0.492817 503005
0 0 0.0323102 0.385032 0.792807 6.87825 0.0319337 0.000149261 1.47739 0.0255785 -19.4469 7.0809 9.70843 39.3179 2.65175 -9.09447 31.4085 3.83823 3.26034 0.302394 0.492817 503058
0 0 0.0323102 0.385032 0.792807 6.87825 0.0319337 0.000149261 1.47739 0.0255785 -19.4469 7.0809 9.70843 39.3179 2.65175 -9.09447 31.4085 3.83823 3.26034 0.302394 0.492817 503111
0 0 0.0323102 0.385032 0.792807 6.87825 0.0319337 0.000149261 1.47739 0.0255785 -19.4469 7.0809 9.70843 39.3179 2.65175 -9.09447 31.4085 3.83823 3.26034 0.302394 0.492817 503164
0 0 0.0323102 0.385032 0.792807 6.87825 0.0319337 0.000149261 1.47739 0.0255785 -19.4469 7.0809 9.70843 39.3179 2.65175 -9.09447 31.4085 3.83823 3.26034 0.302394 0.492817 503219
0 0 0.0323102 0.385032 0.792807 6.87825 0.0319337 0.000149261 1.47739 0.0255785 -19.4469 7.0809 9.70843 39.3179 2.65175 -9.09447 31.4085 3.83823 3.26034 0.302394 0.492817 503271
0 0 0.0323102 0.385032 0.792807 6.87825 0.0319337 0.000149261 1.47739 0.0255785 -19.4469 7.0809 9.70843 39.3179 2.65175 -9.09447 31.4085 3.83823 3.26034 0.302394 0.492817 503327
0 0 0.0323102 0.385032 0.792807 6.87825 0.0319337 0.000149261 1.47739 0.0255785 -19.4469 7.0809 9.70843 39.3179 2.65175 -9.09447 31.4085 3.83823 3.26034 0.302394 0.492817 503382
0 0 0.0323102 0.385032 0.792807 6.87825 0.0319337 0.000149261 1.47739 0.0255785 -19.4469 7.0809 9.70843 39.3179 2.65175 -9.09447 31.4085 3.83823 3.26034 0.302394 0.492817 503433
0 0 0.0323102 0.385032 0.792807 6.87825 0.0319337 0.000149261 1.47739 0.0255785 -19.4469 7.0809 9.70843 39.3179 2.65175 -9.09447 31.4085 3.83823 3.26034 0.302394 0.492817 503484
0 0 0.0323102 0.385032 0.792807 6.87825 0.0319337 0.000149261 1.47739 0.0255785 -19.4469 7.0809 9.70843 39.3179 2.65175 -9.09447 31.4085 3.83823 3.26034 0.302394 0.492817 503537
0 0 0.0323102 0.385032 0.792807 6.87825 0.0319337 0.000149261 1.47739 0.0255785 -19.4469 7.0809 9.70843 39.3179 2.65175 -9.09447 31.4085 3.83823 3.26034 0.302394 0.492817 503590
0 0 0.0323102 0.385032 0.792807 6.87825 0.0319337 0.000149261 1.47739 0.0255785 -19.4469 7.0809 9.70843 39.3179 2.65175 -9.09447 31.4085 3.83823 3.26034 0.302394 0.492817 503642
0 0 0.0323102 0.385032 0.792807 6.87825 0.0319337 0.000149261 1.47739 0.0255785 -19.4469 7.0809 9.70843 39.3179 2.65175 -9.09447 31.4085 3.83823 3.26034 0.302394 0.492817 503695
0 0 0.0323102 0.385032 0.792807 6.87825 0.0319337 0.000149261 1.47739 0.0255785 -19.4469 7.0809 9.70843 39.3179 2.65175 -9.09447 31.4085 3.83823 3.26034 0.302394 0.492817 503747
0 0 0.0323102 0.385032 0.792807 6.87825 0.0319337 0.000149261 1.47739 0.0255785 -19.4469 7.0809 9.70843 39.3179 2.65175 -9.09447 31.4085 3.83823 3.26034 0.302394 0.492817 503800
0 0 0.0323102 0.385032 0.792807 6.87825 0.0319337 0.000149261 1.47739 0.0255785 -19.4469 7.0809 9.70843 39.3179 2.65175 -9.09447 31.4085 3.83823 3.26034 0.302394 0.492817 503850
0 0 0.0323102 0.385032 0.792807 6.87825 0.0319337 0.000149261 1.47739 0.0255785 -19.4469 7.0809 9.70843 39.3179 2.65175 -9.09447 31.4085 3.83823 3.26034 0.302394 0.492817 503903
0 0 0.0323102 0.385032 0.792807 6.87825 0.0319337 0.000149261 1.47739 0.0255785 -19.4469 7.0809 9.70843 39.3179 2.65175 -9.09447 31.4085 3.83823 3.26034 0.302394 0.492817 503956
0 0 0.0323102 0.385032 0.792807 6.87825 0.0319337 0.000149261 1.47739 0.0255785 -19.4469 7.0809 9.70843 39.3179 2.65175 -9.09447 31.4085 3.83823 3.26034 0.302394 0.492817 504009
0 0 0.0323102 0.385032 0.792807 6.87825 0.0319337 0.000149261 1.47739 0.0255785 -19.4469 7.0809 9.70843 39.3179 2.65175 -9.09447 31.4085 3.83823 3.26034 0.302394 0.492817 504064
0 0 0.0323102 0.385032 0.792807 6.87825 0.0319337 0.000149261 1.47739 0.0255785 -19.4469 7.0809 9.70843 39.3179 2.65175 -9.09447 31.4085 3.83823 3.26034 0.302394 0.492817 504115
0 0 0.0323102 0.385032 0.792807 6.87825 0.0319337 0.000149261 1.47739 0.0255785 -19.4469 7.0809 9.70843 39.3179 2.65175 -9.09447 31.4085 3.83823 3.26034 0.302394 0.492817 504166
0 0 0.0323102 0.385032 0.792807 6.87825 0.0319337 0.000149261 1.47739 0.0255785 -19.4469 7.0809 9.70843 39.3179 2.65175 -9.09447 31.4085 3.83823 3.26034 0.302394 0.492817 504220
0 0 0.0323102 0.385032 0.792807 6.87825 0.0319337 0.000149261 1.47739 0.0255785 -19.4469 7.0809 9.70843 39.3179 2.65175 -9.09447 31.4085 3.83823 3.26034 0.302394 0.492817 504271
0 0 0.0323102 0.385032 0.792807 6.87825 0.0319337 0.000149261 1.47739 0.0255785 -19.4469 7.0809 9.70843 39.3179 2.65175 -9.09447 31.4085 3.83823 3.26034 0.302394 0.492817 504328
0 0 0.0323102 0.385032 0.792807 6.87825 0.0319337 0.000149261 1.47739 0.0255785 -19.4469 7.0809 9.70843 39.3179 2.65175 -9.09447 31.4085 3.83823 3.26034 0.302394 0.492817 504378
0 0 0.0323102 0.385032 0.792807 6.87825 0.0319337 0.000149261 1.47739 0.0255785 -19.4469 7.0809 9.70843 39.3179 2.65175 -9.09447 31.4085 3.83823 3.26034 0.302394 0.492817 504429
0 0 0.0323102 0.385032 0.792807 6.87825 0.0319337 0.000149261 1.47739 0.0255785 -19.4469 7.0809 9.70843 39.3179 2.65175 -9.09447 31.4085 3.83823 3.26034 0.302394 0.492817 504479
0 0 0.0323102 0.385032 0.792807 6.87825 0.0319337 0.000149261 1.47739 0.0255785 -19.4469 7.0809 9.70843 39.3179 2.65175 -9.09447 31.4085 3.83823 3.26034 0.302394 0.492817 504530
0 0 0.0323102 0.385032 0.792807 6.87825 0.0319337 0.000149261 1.47739 0.0255785 -19.4469 7.0809 9.70843 39.3179 2.65175 -9.09447 31.4085 3.83823 3.26034 0.302394 0.492817 504583
0 0 0.0323102 0.385032 0.792807 6.87825 0.0319337 0.000149261 1.47739 0.0255785 -19.4469 7.0809 9.70843 39.3179 2.65175 -9.09447 31.4085 3.83823 3.26034 0.302394 0.492817 504636
0 0 0.0323102 0.385032 0.792807 6.87825 0.0319337 0.000149261 1.47739 0.0255785 -19.4469 7.0809 9.70843 39.3179 2.65175 -9.09447 31.4085 3.83823 3.26034 0.302394 0.492817 504692
0 0 0.0323102 0.385032 0.792807 6.87825 0.0319337 0.000149261 1.47739 0.0255785 -19.4469 7.0809 9.70843 39.3179 2.65175 -9.09447 31.4085 3.83823 3.26034 0.302394 0.492817 504741
0 0 0.0323102 0.385032 0.792807 6.87825 0.0319337 0.000149261 1.47739 0.0255785 -19.4469 7.0809 9.70843 39.3179 2.65175 -9.09447 31.4085 3.83823 3.26034 0.302394 0.492817 504794
0 0 0.0323102 0.385032 0.792807 6.87825 0.0319337 0.000149261 1.47739 0.0255785 -19.4469 7.0809 9.70843 39.3179 2.65175 -9.09447 31.4085 3.83823 3.26034 0.302394 0.492817 504845
0 0 0.0323102 0.385032 0.792807 6.87825 0.0319337 0.000149261 1.47739 0.0255785 -19.4469 7.0809 9.70843 39.3179 2.65175 -9.09447 31.4085 3.83823 3.26034 0.302394 0.492817 504899
0 0 0.0323102 0.385032 0.792807 6.87825 0.0319337 0.000149261 1.47739 0.0255785 -19.4469 7.0809 9.70843 39.3179 2.65175 -9.09447 31.4085 3.83823 3.26034 0.302394 0.492817 504950
0 0 0.0323102 0.385032 0.792807 6.87825 0.0319337 0.000149261 1.47739 0.0255785 -19.4469 7.0809 9.70843 39.3179 2.65175 -9.09447 31.4085 3.83823 3.26034 0.302394 0.492817 505001
0 0 0.0323102 0.385032 0.792807 6.87825 0.0319337 0.000149261 1.47739 0.0255785 -19.4469 7.0809 9.70843 39.3179 2.65175 -9.09447 31.4085 3.83823 3.26034 0.302394 0.492817 505051
0 0 0.0323102 0.385032 0.792807 6.87825 0.0319337 0.000149261 1.47739 0.0255785 -19.4469 7.0809 9.70843 39.3179 2.65175 -9.09447 31.4085 3.83823 3.26034 0.302394 0.492817 505103
0 0 0.0323102 0.385032 0.792807 6.87825 0.0319337 0.000149261 1.47739 0.0255785 -19.4469 7.0809 9.70843 39.3179 2.65175 -9.09447 31.4085 3.83823 3.26034 0.302394 0.492817 505155
0 0 0.0323102 0.385032 0.792807 6.87825 0.0319337 0.000149261 1.47739 0.0255785 -19.4469 7.0809 9.70843 39.3179 2.65175 -9.09447 31.4085 3.83823 3.26034 0.302394 0.492817 505206
0 0 0.0323102 0.385032 0.792807 6.87825 0.0319337 0.000149261 1.47739 0.0255785 -19.4469 7.0809 9.70843 39.3179 2.65175 -9.09447 31.4085 3.83823 3.26034 0.302394 0.492817 505258
0 0 0.0323102 0.385032 0.792807 6.87825 0.0319337 0.000149261 1.47739 0.0255785 -19.4469 7.0809 9.70843 39.3179 2.65175 -9.09447 31.4085 3.83823 3.26034 0.302394 0.492817 505309
0 0 0.0323102 0.385032 0.792807 6.87825 0.0319337 0.000149261 1.47739 0.0255785 -19.4469 7.0809 9.70843 39.3179 2.65175 -9.09447 31.4085 3.83823 3.26034 0.302394 0.492817 505360
0 0 0.0323102 0.385032 0.792807 6.87825 0.0319337 0.000149261 1.47739 0.0255785 -19.4469 7.0809 9.70843 39.3179 2.65175 -9.09447 31.4085 3.83823 3.26034 0.302394 0.492817 505411
0 0 0.0323102 0.385032 0.792807 6.87825 0.0319337 0.000149261 1.47739 0.0255785 -19.4469 7.0809 9.70843 39.3179 2.65175 -9.09447 31.4085 3.83823 3.26034 0.302394 0.492817 505461
0 0 0.0323102 0.385032 0.792807 6.87825 0.0319337 0.000149261 1.47739 0.0255785 -19.4469 7.0809 9.70843 39.3179 2.65175 -9.09447 31.4085 3.83823 3.26034 0.302394 0.492817 505511
0 0 0.0323102 0.385032 0.792807 6.87825 0.0319337 0.000149261 1.47739 0.0255785 -19.4469 7.0809 9.70843 39.3179 2.65175 -9.09447 31.4085 3.83823 3.26034 0.302394 0.492817 505564
0 0 0.0323102 0.385032 0.792807 6.87825 0.0319337 0.000149261 1.47739 0.0255785 -19.4469 7.0809 9.70843 39.3179 2.65175 -9.09447 31.4085 3.83823 3.26034 0.302394 0.492817 505616
0 0 0.0323102 0.385032 0.792807 6.87825 0.0319337 0.000149261 1.47739 0.0255785 -19.4469 7.0809 9.70843 39.3179 2.65175 -9.09447 31.4085 3.83823 3.26034 0.302394 0.492817 505667
0 0 0.0323102 0.385032 0.792807 6.87825 0.0319337 0.000149261 1.47739 0.0255785 -19.4469 7.0809 9.70843 39.3179 2.65175 -9.09447 31.4085 3.83823 3.26034 0.302394 0.492817 505718
0 0 0.0323102 0.385032 0.792807 6.87825 0.0319337 0.000149261 1.47739 0.0255785 -19.4469 7.0809 9.70843 39.3179 2.65175 -9.09447 31.4085 3.83823 3.26034 0.302394 0.492817 505771
0 0 0.0323102 0.385032 0.792807 6.87825 0.0319337 0.000149261 1.47739 0.0255785 -19.4469 7.0809 9.70843 39.3179 2.65175 -9.09447 31.4085 3.83823 3.26034 0.302394 0.492817 505824
0 0 0.0323102 0.385032 0.792807 6.87825 0.0319337 0.000149261 1.47739 0.0255785 -19.4469 7.0809 9.70843 39.3179 2.65175 -9.09447 31.4085 3.83823 3.26034 0.302394 0.492817 505876
0 0 0.0323102 0.385032 0.792807 6.87825 0.0319337 0.000149261 1.47739 0.0255785 -19.4469 7.0809 9.70843 39.3179 2.65175 -9.09447 31.4085 3.83823 3.26034 0.302394 0.492817 505927
0 0 0.0323102 0.385032 0.792807 6.87825 0.0319337 0.000149261 1.47739 0.0255785 -19.4469 7.0809 9.70843 39.3179 2.65175 -9.09447 31.4085 3.83823 3.26034 0.302394 0.492817 505980
0 0 0.0323102 0.385032 0.792807 6.87825 0.0319337 0.000149261 1.47739 0.0255785 -19.4469 7.0809 9.70843 39.3179 2.65175 -9.09447 31.4085 3.83823 3.26034 0.302394 0.492817 506032
