0 0 0.00198459 0.193312 0.42659 13.8344 0.00435009 0.00182729 0.0240915 0.198317 0 0 0 0 0 0 0 0 0 0 0 2195
0 0 0.00198264 0.193526 0.426536 15.8351 0.00445715 0.00182671 0.0240842 0.196089 0 0 0 0 0 0 0 0 0 0 0 2249
0 0 0.00198264 0.193526 0.426536 15.8351 0.00445715 0.00182671 0.0240842 0.196089 0 0 0 0 0 0 0 0 0 0 0 2304
0 0 0.00198681 0.193945 0.426499 18.2786 0.00456383 0.00182666 0.0240506 0.194957 0 0 0 0 0 0 0 0 0 0 0 2355
0 0 0.0019815 0.194042 0.426596 18.8027 0.00456462 0.00182761 0.024133 0.194752 0 0 0 0 0 0 0 0 0 0 0 2416
0 0 0.00197769 0.194007 0.426619 12.0366 0.0046012 0.00182874 0.0241923 0.194655 0 0 0 0 0 0 0 0 0 0 0 2468
0 0 0.00197862 0.194008 0.426618 8.94811 0.00461671 0.00182947 0.0241882 0.194583 0 0 0 0 0 0 0 0 0 0 0 2521
0 0 0.00197862 0.194008 0.426618 8.94811 0.00461671 0.00182947 0.0241882 0.194583 0 0 0 0 0 0 0 0 0 0 0 2573
0 0 0.0019882 0.193987 0.426922 6.9812 0.0047125 0.00183057 0.0241096 0.195241 0 0 0 0 0 0 0 0 0 0 0 2624
0 0 0.00199249 0.194327 0.427238 5.48565 0.00474389 0.00183286 0.0240105 0.195417 0 0 0 0 0 0 0 0 0 0 0 2675
0 0 0.00199249 0.194327 0.427238 5.48565 0.00474389 0.00183286 0.0240105 0.195417 0 0 0 0 0 0 0 0 0 0 0 2728
0 0 0.0019931 0.194575 0.427736 3.99021 0.00471624 0.00183486 0.0239701 0.195458 0 0 0 0 0 0 0 0 0 0 0 2778
0 0 0.00199324 0.194618 0.428089 2.89224 0.00466785 0.00183561 0.0240683 0.195376 0 0 0 0 0 0 0 0 0 0 0 2829
0 0 0.00198982 0.194706 0.428274 1.54525 0.00469107 0.00183749 0.0239795 0.195676 0 0 0 0 0 0 0 0 0 0 0 2882
0 0 0.00198287 0.194646 0.42823 0.990204 0.00467798 0.00183671 0.0240174 0.195514 0 0 0 0 0 0 0 0 0 0 0 2935
0 0 0.00198287 0.194646 0.42823 0.990204 0.00467798 0.00183671 0.0240174 0.195514 0 0 0 0 0 0 0 0 0 0 0 2992
0 0 0.00198951 0.194938 0.429318 0.906293 0.00469107 0.00184082 0.0238669 0.19609 0 0 0 0 0 0 0 0 0 0 0 3042
0 0 0.00201703 0.194922 0.43226 1.14836 0.00471466 0.00185194 0.0234951 0.197719 0 0 0 0 0 0 0 0 0 0 0 3092
0 0 0.00201805 0.194271 0.432147 0.45817 0.00465541 0.00185305 0.0235358 0.197449 0 0 0 0 0 0 0 0 0 0 0 3144
0 0 0.00201805 0.194271 0.432147 0.45817 0.00465541 0.00185305 0.0235358 0.197449 0 0 0 0 0 0 0 0 0 0 0 3195
0 0 0.0020471 0.194137 0.435231 0.487281 0.00470971 0.00186712 0.0231156 0.199806 0 0 0 0 0 0 0 0 0 0 0 3258
0 0 0.00207811 0.19396 0.439262 0.378683 0.00488446 0.0018856 0.0225055 0.203736 0 0 0 0 0 0 0 0 0 0 0 3315
0 0 0.00208696 0.193748 0.439397 0.253783 0.00480089 0.00188516 0.0224713 0.203447 0 0 0 0 0 0 0 0 0 0 0 3365
0 0 0.00209369 0.193637 0.439672 0.176353 0.00460442 0.00188519 0.0227149 0.202796 0 0 0 0 0 0 0 0 0 0 0 3421
0 0 0.00209369 0.193637 0.439672 0.176353 0.00460442 0.00188519 0.0227149 0.202796 0 0 0 0 0 0 0 0 0 0 0 3473
0 0 0.00214059 0.193824 0.44449 0.137968 0.00453543 0.00190501 0.0223473 0.205758 0 0 0 0 0 0 0 0 0 0 0 3524
0 0 0.00214059 0.193824 0.44449 0.137968 0.00453543 0.00190501 0.0223473 0.205758 0 0 0 0 0 0 0 0 0 0 0 3576
0 0 0.00222177 0.193994 0.453111 0.126818 0.0045001 0.00194791 0.0215524 0.211483 0 0 0 0 0 0 0 0 0 0 0 3631
0 0 0.00222177 0.193994 0.453111 0.126818 0.0045001 0.00194791 0.0215524 0.211483 0 0 0 0 0 0 0 0 0 0 0 3687
0 0 0.00232882 0.193886 0.46466 0.117628 0.00445142 0.00202016 0.0202993 0.220945 0 0 0 0 0 0 0 0 0 0 0 3738
0 0 0.00251401 0.192753 0.482066 0.136209 0.00436308 0.00216832 0.0183961 0.237012 0 0 0 0 0 0 0 0 0 0 0 3792
0 0 0.00245924 0.186597 0.46901 0.137778 0.00416052 0.00234054 0.0175227 0.240131 0 0 0 0 0 0 0 0 0 0 0 3842
0 0 0.00245924 0.186597 0.46901 0.137778 0.00416052 0.00234054 0.0175227 0.240131 0 0 0 0 0 0 0 0 0 0 0 3893
0 0 0.00220147 0.170559 0.426052 0.128336 0.00374027 0.002795 0.0168285 0.237915 0 0 0 0 0 0 0 0 0 0 0 3947
0 0 0.00196891 0.138957 0.371003 0.150555 0.00307231 0.00447933 0.0133479 0.252517 0 0 0 0 0 0 0 0 0 0 0 4000
0 0 0.00173047 0.100842 0.306342 0.274959 0.00226777 0.00971632 0.00865047 0.286659 3.32693 0 0 0 0 0 0 0 0 0 0 4056
0 0 0.000658967 0.0377402 0.125188 1.74797 0.000889936 0.078186 0.00396972 0.278253 17.1593 0 0 0 0 0 0 0 0 0 0 4106
0 0 0.000658967 0.0377402 0.125188 1.74797 0.000889936 0.078186 0.00396972 0.278253 17.1593 0 0 0 0 0 0 0 0 0 0 4160
0 0 0.000200965 0.0110584 0.0406659 15.5396 0.000302044 1.06692 0.00146894 0.257404 34.5883 0 0 0 0 0 0 0 0 0 0 4214
0 0 6.38127e-05 0.00323615 0.0135219 65.6284 0.000107234 13.2494 0.000520297 0.238996 52.1001 0 0 0 0 0 0 0 0 0 0 4267
0 0 1.48708e-05 0.000595531 0.00318119 97.9578 2.47567e-05 86.2906 0.000110156 0.242068 76.6306 0 0 0 0 0 0 0 0 0 0 4321
0 0 1.26245e-05 0.000407381 0.00251254 98.9993 1.76682e-05 94.0535 6.62837e-05 0.274921 82.6017 0 0 0 0 0 0 0 0 0 0 4387
0 0 1.08232e-05 0.000423943 0.00232368 98.9206 1.8366e-05 92.9031 8.28234e-05 0.238564 82.0293 0 0 0 0 0 0 0 0 0 0 4445
0 0 2.78738e-05 0.00141884 0.00621231 90.18 5.28626e-05 46.6504 0.000275833 0.218701 64.0569 0 0 0 0 0 0 0 0 0 0 4501
0 0 2.78738e-05 0.00141884 0.00621231 90.18 5.28626e-05 46.6504 0.000275833 0.218701 64.0569 0 0 0 0 0 0 0 0 0 0 4553
0 0 0.000183082 0.0124979 0.0402226 12.7251 0.000363032 0.730046 0.00202194 0.210311 32.8973 0 0 0 0 0 0 0 0 0 0 4604
0 0 0.00083612 0.0701433 0.178353 0.54448 0.00172014 0.0167605 0.00971201 0.202257 8.27713 0 0 0 0 0 0 0 0 0 0 4656
0 0 0.00161728 0.144759 0.333324 0.138629 0.0032928 0.00341601 0.0193177 0.196664 0 0 0 0 0 0 0 0 0 0 0 4706
0 0 0.00161728 0.144759 0.333324 0.138629 0.0032928 0.00341601 0.0193177 0.196664 0 0 0 0 0 0 0 0 0 0 0 4760
0 0 0.00201903 0.179959 0.398499 0.131213 0.00373799 0.00209176 0.0274771 0.189359 0 0 0 0 0 0 0 0 0 0 0 4810
0 0 0.00201903 0.179959 0.398499 0.131213 0.00373799 0.00209176 0.0274771 0.189359 0 0 0 0 0 0 0 0 0 0 0 4860
0 0 0.00221788 0.194173 0.421452 0.549093 0.00293789 0.00174845 0.0495625 0.182667 -6.31754 0 0 0 0 0 0 0 0 0 0 4911
0 0 0.00228977 0.19654 0.423777 2.92202 0.0020018 0.00169733 0.0911174 0.181723 -25.5637 0 0 0 0 0 0 0 0 0 0 4961
0 0 0.00224544 0.195676 0.424306 3.31286 0.00191601 0.00172626 0.0940478 0.184961 -27.175 0 0 0 0 0 0 0 0 0 0 5015
0 0 0.00224544 0.195676 0.424306 3.31286 0.00191601 0.00172626 0.0940478 0.184961 -27.175 0 0 0 0 0 0 0 0 0 0 5065
0 0 0.00238761 0.197176 0.425601 12.2366 0.00140925 0.00168641 0.156061 0.181479 -42.8589 0 0 0 0 0 0 0 0 0 0 5117
0 0 0.00249065 0.199003 0.426311 20.6096 0.00125289 0.0016349 0.198427 0.176266 -49.6513 0 0 0 0 0 0 0 0 0 0 5171
0 0 0.00252606 0.199686 0.42716 26.0415 0.00118137 0.00161568 0.222673 0.174046 -52.9991 0 0 0 0 0 0 0 0 0 0 5229
0 0 0.00287349 0.205757 0.4288 36.0353 0.00114691 0.00145516 0.28415 0.158152 -57.5471 0 0 0 0 0 0 0 0 0 0 5279
0 0 0.00331984 0.213243 0.430684 43.9773 0.00116716 0.00128398 0.350971 0.141073 -60.4009 0 0 0 0 0 0 0 0 0 0 5335
0 0 0.00307321 0.209792 0.436222 34.1939 0.00123747 0.00135993 0.290795 0.148184 -56.1628 0 0 0 0 0 0 0 0 0 0 5386
0 0 0.00371953 0.218573 0.442292 18.1301 0.00168345 0.00117968 0.24027 0.130221 -45.5753 0 0 0 0 0 0 0 0 0 0 5437
0 0 0.00365796 0.217042 0.446011 1.6045 0.00304376 0.00121559 0.0936617 0.133975 -16.472 0 0 0 0 0 0 0 0 0 0 5489
0 0 0.00365796 0.217042 0.446011 1.6045 0.00304376 0.00121559 0.0936617 0.133975 -16.472 0 0 0 0 0 0 0 0 0 0 5542
0 0 0.00304945 0.206224 0.45262 0.196568 0.0043522 0.00148149 0.0373773 0.161863 0 0 0 0 0 0 0 0 0 0 0 5593
0 0 0.00277655 0.200607 0.46173 0.110993 0.00461209 0.0016642 0.0273173 0.181943 0 0 0 0 0 0 0 0 0 0 0 5646
0 0 0.00280925 0.196902 0.486835 0.128501 0.00459117 0.00187298 0.0218282 0.208059 0 0 0 0 0 0 0 0 0 0 0 5698
0 0 0.00309782 0.194018 0.532046 0.170196 0.00451214 0.00213521 0.0179537 0.242665 0 0 0 0 0 0 0 0 0 0 0 5750
0 0 0.00301229 0.190043 0.53848 0.169736 0.00438495 0.00225599 0.0173586 0.248991 0 0 0 0 0 0 0 0 0 0 0 5804
0 0 0.00301229 0.190043 0.53848 0.169736 0.00438495 0.00225599 0.0173586 0.248991 0 0 0 0 0 0 0 0 0 0 0 5858
0 0 0.00410508 0.156575 0.632574 0.522031 0.00372037 0.00463525 0.00931553 0.389567 0 0 0 0 0 0 0 0 0 0 0 5908
0 0 0.00263881 0.102503 0.471252 0.602422 0.00267344 0.0121717 0.00720312 0.43719 1.46171 0 0 0 0 0 0 0 0 0 0 5975
0 0 0.00263881 0.102503 0.471252 0.602422 0.00267344 0.0121717 0.00720312 0.43719 1.46171 0 0 0 0 0 0 0 0 0 0 6026
0 0 0.00173527 0.110495 0.446786 0.330169 0.00309463 0.00885535 0.0138393 0.387709 0 0 0 0 0 0 0 0 0 0 0 6080
0 0 0.00118854 0.0922479 0.358802 0.323799 0.00261704 0.0117974 0.0141496 0.332445 1.63507 0 0 0 0 0 0 0 0 0 0 6137
0 0 0.000630291 0.0592283 0.238243 0.752768 0.00179139 0.0283606 0.0122269 0.298145 7.63219 0 0 0 0 0 0 0 0 0 0 6187
0 0 0.000378761 0.0362313 0.15792 1.89923 0.00114998 0.0787409 0.00811179 0.269172 15.0058 0 0 0 0 0 0 0 0 0 0 6240
0 0 0.000532675 0.05262 0.219924 0.941816 0.00154855 0.0336224 0.0105083 0.245129 10.3972 0 0 0 0 0 0 0 0 0 0 6293
0 0 0.00035448 0.034009 0.167888 2.13886 0.00104377 0.0856016 0.00711679 0.235751 16.7849 0 0 0 0 0 0 0 0 0 0 6345
0 0 0.00028241 0.0262843 0.147838 3.43778 0.000825346 0.148017 0.0055659 0.229242 20.6129 0 0 0 0 0 0 0 0 0 0 6396
0 0 0.000292381 0.0255586 0.168964 3.61348 0.000784458 0.15596 0.00490254 0.218984 21.5401 0 0 0 0 0 0 0 0 0 0 6447
0 0 0.000678173 0.0634304 0.450699 6.13386 0.00171679 0.0212906 0.0103663 0.211451 8.88418 0 0 0 0 0 0 0 0 0 0 6501
0 0 0.000678173 0.0634304 0.450699 6.13386 0.00171679 0.0212906 0.0103663 0.211451 8.88418 0 0 0 0 0 0 0 0 0 0 6553
0 0 0.00117443 0.11677 1.0405 20.2048 0.00288688 0.00562185 0.018079 0.211325 0 0 0 0 0 0 0 0 0 0 0 6608
0 0 0.00152303 0.15574 1.57655 35.1454 0.00353585 0.00298283 0.0250313 0.208116 0 0 0 0 0 0 0 0 0 0 0 6663
0 0 0.00162927 0.171562 1.8174 41.1356 0.00306954 0.00241683 0.0405069 0.210264 0 0 0 0 0 0 0 0 0 0 0 6715
0 0 0.00165323 0.182851 1.69023 28.3148 0.00176414 0.00210225 0.118627 0.214842 -31.305 0 0 0 0 0 0 0 0 0 0 6771
0 0 0.00167204 0.189097 1.4916 24.7954 0.00116276 0.0019481 0.255616 0.216515 -54.2885 0 0 0 0 0 0 0 0 0 0 6823
0 0 0.0016921 0.191174 1.27224 43.0032 0.000970803 0.00189759 0.345402 0.216299 -63.7607 0 0 0 0 0 0 0 0 0 0 6876
0 0 0.00169263 0.191391 1.17113 45.5034 0.000948816 0.00189954 0.356457 0.217379 -64.9218 0 0 0 0 0 0 0 0 0 0 6930
0 0 0.00177834 0.192992 0.972075 49.8262 0.000902849 0.00186112 0.35982 0.212877 -66.6317 0 0 0 0 0 0 0 0 0 0 6983
0 0 0.00177834 0.192992 0.972075 49.8262 0.000902849 0.00186112 0.35982 0.212877 -66.6317 0 0 0 0 0 0 0 0 0 0 7037
0 0 0.00187614 0.19323 0.850906 49.9064 0.000890892 0.0018832 0.335364 0.213498 -66.425 0 0 0 0 0 0 0 0 0 0 7092
0 0 0.00190425 0.193376 0.839939 49.5356 0.000886247 0.00189021 0.325405 0.21301 -66.1442 0 0 0 0 0 0 0 0 0 0 7142
0 0 0.00189617 0.192693 0.83618 48.7255 0.000891527 0.00192888 0.323438 0.218957 -65.9242 0 0 0 0 0 0 0 0 0 0 7196
0 0 0.00202598 0.190863 0.746615 45.3574 0.000893411 0.00200184 0.273508 0.22039 -64.1883 0 0 0 0 0 0 0 0 0 0 7247
0 0 0.00202598 0.190863 0.746615 45.3574 0.000893411 0.00200184 0.273508 0.22039 -64.1883 0 0 0 0 0 0 0 0 0 0 7297
0 0 0.00229439 0.18658 0.7112 27.9545 0.00102953 0.00224108 0.169501 0.237561 -55.6605 0 0 0 0 0 0 0 0 0 0 7349
0 0 0.00279045 0.174942 0.705653 3.19008 0.00171887 0.00293654 0.0494938 0.281644 -27.8128 0 0 0 0 0 0 0 0 0 0 7403
0 0 0.00336525 0.154906 0.676866 0.38788 0.00286224 0.00445347 0.0129846 0.343093 0 0 0 0 0 0 0 0 0 0 0 7456
0 0 0.00317638 0.143474 0.587381 0.387042 0.00304784 0.00526949 0.0101051 0.342314 0 0 0 0 0 0 0 0 0 0 0 7507
0 0 0.0031139 0.130634 0.512875 0.439555 0.00291626 0.00670562 0.00818052 0.359514 0 0 0 0 0 0 0 0 0 0 0 7559
0 0 0.00303897 0.123156 0.467784 0.459521 0.00279927 0.00773507 0.00727722 0.36688 0 0 0 0 0 0 0 0 0 0 0 7612
0 0 0.00304519 0.115358 0.451381 0.525718 0.00261289 0.00925995 0.00636242 0.388915 0.736252 0 0 0 0 0 0 0 0 0 0 7664
0 0 0.00225667 0.107668 0.379547 0.316167 0.00240748 0.0095158 0.00753071 0.330274 2.12039 0 0 0 0 0 0 0 0 0 0 7717
0 0 0.00193398 0.0948335 0.328666 0.314674 0.00207852 0.0123914 0.00692304 0.327863 4.16536 0 0 0 0 0 0 0 0 0 0 7769
0 0 0.00193398 0.0948335 0.328666 0.314674 0.00207852 0.0123914 0.00692304 0.327863 4.16536 0 0 0 0 0 0 0 0 0 0 7820
0 0 0.00139562 0.0738252 0.248008 0.509938 0.00161147 0.0204466 0.00608809 0.309836 7.87021 0 0 0 0 0 0 0 0 0 0 7872
0 0 0.00135095 0.0881433 0.258349 0.36814 0.00188418 0.0126598 0.00856802 0.268361 5.47859 0 0 0 0 0 0 0 0 0 0 7930
0 0 0.00148336 0.113769 0.298267 0.225263 0.00229276 0.00664685 0.012458 0.245829 1.82298 0 0 0 0 0 0 0 0 0 0 7981
0 0 0.00171115 0.140911 0.346964 0.149529 0.00291791 0.00403423 0.0158906 0.229632 0 0 0 0 0 0 0 0 0 0 0 8031
0 0 0.00181035 0.154432 0.369447 0.123535 0.00320567 0.00317079 0.0180638 0.222438 0 0 0 0 0 0 0 0 0 0 0 8083
0 0 0.00181035 0.154432 0.369447 0.123535 0.00320567 0.00317079 0.0180638 0.222438 0 0 0 0 0 0 0 0 0 0 0 8136
0 0 0.00188065 0.168019 0.387999 0.104222 0.00360227 0.00254554 0.0204295 0.21062 0 0 0 0 0 0 0 0 0 0 0 8186
0 0 0.00198826 0.180801 0.408653 0.0904949 0.0039789 0.00212949 0.0224056 0.202708 0 0 0 0 0 0 0 0 0 0 0 8239
0 0 0.00207638 0.189001 0.423022 0.0858856 0.00425405 0.00191834 0.0236177 0.197603 0 0 0 0 0 0 0 0 0 0 0 8291
0 0 0.00217894 0.193469 0.429554 0.0869286 0.00436319 0.00180706 0.0246509 0.193941 0 0 0 0 0 0 0 0 0 0 0 8344
0 0 0.00233346 0.196576 0.431148 0.0910589 0.00444489 0.00171985 0.0262356 0.187012 0 0 0 0 0 0 0 0 0 0 0 8395
0 0 0.00252463 0.198893 0.432474 0.118138 0.00435359 0.00165396 0.029563 0.179825 0 0 0 0 0 0 0 0 0 0 0 8447
0 0 0.00277744 0.202143 0.434494 0.176042 0.00418469 0.00156858 0.0352606 0.170609 0 0 0 0 0 0 0 0 0 0 0 8500
0 0 0.00297638 0.20244 0.436226 0.268921 0.003834 0.00156197 0.0409957 0.169318 0 0 0 0 0 0 0 0 0 0 0 8552
0 0 0.00297638 0.20244 0.436226 0.268921 0.003834 0.00156197 0.0409957 0.169318 0 0 0 0 0 0 0 0 0 0 0 8604
0 0 0.00347499 0.208905 0.437497 0.578313 0.00350053 0.00139893 0.05839 0.152678 -5.82238 0 0 0 0 0 0 0 0 0 0 8655
0 0 0.00485449 0.221401 0.439654 1.40258 0.0033308 0.0011447 0.0928208 0.126983 -14.4567 0 0 0 0 0 0 0 0 0 0 8707
0 0 0.00608676 0.228162 0.438715 3.68713 0.00287138 0.00103174 0.141942 0.115439 -24.8423 0 0 0 0 0 0 0 0 0 0 8761
0 0 0.00937064 0.246215 0.440516 12.5314 0.00259179 0.000790914 0.275778 0.090478 -37.7945 0 0 0 0 0 0 0 0 0 0 8812
0 0 0.0107687 0.264983 0.440491 25.8707 0.00256543 0.000608454 0.462669 0.0710056 -46.0009 0 0 0 0 0 0 0 0 0 0 8864
0 0 0.0128081 0.280442 0.44199 39.2091 0.00258856 0.000497811 0.67023 0.059051 -51.5223 0 0 0 0 0 0 0 0 0 0 8916
0 0 0.0128081 0.280442 0.44199 39.2091 0.00258856 0.000497811 0.67023 0.059051 -51.5223 0 0 0 0 0 0 0 0 0 0 8967
0 0 0.0164984 0.305229 0.44774 64.6809 0.00255281 0.000369411 1.2171 0.0449538 -61.3 0 0 0 0 0 0 0 0 0 0 9023
0 0 0.0374922 0.37016 0.472622 84.0129 0.00334961 0.000188611 2.89274 0.0243346 -68.6691 0 0 0 0 0 0 0 0 0 0 9075
0 0 0.0745735 0.43182 0.608195 92.5939 0.00413762 0.000110795 5.6801 0.0150034 -76.1115 0 0 0 0 0 0 0 0 0 0 9126
0 0 0.237954 0.559713 1.39861 97.6647 0.00625836 4.47647e-05 15.4823 0.00654909 -88.4601 0 0 0 0 0 0 0 0 0 0 9178
0 0 0.385887 0.620213 3.52522 98.4891 0.00741926 3.17003e-05 21.4521 0.00479624 -96.7917 0 0 0 0 0 0 0 0 0 0 9233
0 0 0.86347 0.739795 2.50248 99.2667 0.0100442 1.7322e-05 35.641 0.0027777 -98.2745 0 0 0 0 0 0 0 0 0 0 9285
0 0 1.53194 0.838538 1.18041 99.5575 0.0124835 1.12884e-05 47.5636 0.00188496 -95.9575 0 0 0 0 0 0 0 0 0 0 9339
0 0 1.45215 0.823977 0.541387 99.5424 0.0119901 1.21296e-05 45.476 0.00201844 -90.9841 0 0 0 0 0 0 0 0 0 0 9392
0 0 1.45215 0.823977 0.541387 99.5424 0.0119901 1.21296e-05 45.476 0.00201844 -90.9841 0 0 0 0 0 0 0 0 0 0 9443
0 0 1.80408 0.856649 0.492009 99.611 0.0127627 1.09055e-05 48.0998 0.00185471 -91.3616 0 0 0 0 0 0 0 0 0 0 9495
0 0 1.80408 0.856649 0.492009 99.611 0.0127627 1.09055e-05 48.0998 0.00185471 -91.3616 0 0 0 0 0 0 0 0 0 0 9546
0 0 2.71781 0.95624 0.461559 99.7171 0.0159101 7.08565e-06 59.9946 0.0012232 -92.1958 0 0 0 0 0 0 0 0 0 0 9596
0 0 2.17507 0.911559 0.453444 99.5493 0.0156044 8.29154e-06 53.2125 0.00140544 -88.0975 0 0 0 0 0 0 0 0 0 0 9647
0 0 1.16659 0.792873 0.450158 98.9603 0.013049 1.34717e-05 36.9831 0.00218685 -82.0677 0 0 0 0 0 0 0 0 0 0 9700
0 0 0.871439 0.745271 0.44509 96.0678 0.015171 1.65788e-05 23.9159 0.00263264 -68.3116 0 0 0 0 0 0 0 0 0 0 9754
0 0 0.446055 0.6414 0.442535 81.1631 0.0152037 2.79923e-05 10.3172 0.00424871 -52.5051 0 0 0 0 0 0 0 0 0 0 9806
0 0 0.205341 0.54009 0.439113 43.5297 0.0143234 5.08884e-05 3.85824 0.00732808 -37.3888 0 0 0 0 0 0 0 0 0 0 9858
0 0 0.205341 0.54009 0.439113 43.5297 0.0143234 5.08884e-05 3.85824 0.00732808 -37.3888 0 0 0 0 0 0 0 0 0 0 9909
0 0 0.114521 0.475822 0.433697 20.8744 0.0131051 7.8469e-05 1.96418 0.0108449 -28.4531 0 0 0 0 0 0 0 0 0 0 9963
0 0 0.0663689 0.422026 0.430591 8.08734 0.0122788 0.000118684 0.991436 0.0158009 -19.0604 0 0 0 0 0 0 0 0 0 0 10013
0 0 0.0377041 0.371336 0.429237 5.5447 0.00958342 0.000185223 0.61684 0.0237269 -17.6517 0 0 0 0 0 0 0 0 0 0 10064
0 0 0.0224947 0.329593 0.429072 4.25202 0.00743744 0.000281143 0.407644 0.0347765 -17.4432 0 0 0 0 0 0 0 0 0 0 10115
0 0 0.0129579 0.29075 0.429006 2.7857 0.0058922 0.000435997 0.250601 0.0519801 -15.5976 0 0 0 0 0 0 0 0 0 0 10167
0 0 0.00806083 0.261006 0.429444 2.18662 0.00468062 0.000636368 0.172197 0.0735102 -15.4728 0 0 0 0 0 0 0 0 0 0 10217
0 0 0.00707684 0.254264 0.43354 2.30438 0.00431199 0.000697989 0.163567 0.0800584 -16.7922 0 0 0 0 0 0 0 0 0 0 10271
0 0 0.0063265 0.248294 0.437521 2.52301 0.00396138 0.000757905 0.15912 0.0863467 -18.505 0 0 0 0 0 0 0 0 0 0 10373
0 0 0.00977399 0.273971 0.436271 4.09165 0.00459301 0.000537362 0.247918 0.0631498 -21.7471 0 0 0 0 0 0 0 0 0 0 10478
0 0 0.0150513 0.303256 0.476238 4.22545 0.00600723 0.000379432 0.332077 0.0463752 -20.2731 0 0 0 0 0 0 0 0 0 0 10531
0 0 0.0139709 0.29697 0.456724 5.19573 0.00537514 0.000412819 0.328737 0.0501557 -22.8165 0 0 0 0 0 0 0 0 0 0 10585
0 0 0.0139709 0.29697 0.456724 5.19573 0.00537514 0.000412819 0.328737 0.0501557 -22.8165 0 0 0 0 0 0 0 0 0 0 10638
0 0 0.0278793 0.346305 0.471274 11.3934 0.00661162 0.000242091 0.655868 0.0307059 -28.7183 0 0 0 0 0 0 0 0 0 0 10688
0 0 0.0735478 0.430778 0.490074 19.3224 0.0102168 0.000112489 1.4461 0.015156 -30.5224 0 0 0 0 0 0 0 0 0 0 10739
0 0 0.0836266 0.443787 0.449319 26.1534 0.0100697 0.000101353 1.79066 0.0137554 -33.6151 0 0 0 0 0 0 0 0 0 0 10793
0 0 0.109387 0.47234 0.442506 32.6754 0.0110153 8.12653e-05 2.36431 0.0112066 -35.5672 0 0 0 0 0 0 0 0 0 0 10844
0 0 0.0808059 0.441476 0.442027 31.3612 0.00930461 0.000102866 1.94746 0.0138928 -36.5572 0 0 0 0 0 0 0 0 0 0 10897
0 0 0.0951544 0.45829 0.441305 29.8253 0.0104559 9.00359e-05 2.10318 0.0122868 -34.8213 0 0 0 0 0 0 0 0 0 0 10950
0 0 0.0649467 0.420777 0.439488 17.156 0.00980788 0.000121666 1.31149 0.0161894 -28.86 0 0 0 0 0 0 0 0 0 0 11004
0 0 0.0669651 0.422114 0.435559 12.6843 0.0107234 0.000120194 1.17401 0.0159996 -24.8098 0 0 0 0 0 0 0 0 0 0 11054
0 0 0.0669651 0.422114 0.435559 12.6843 0.0107234 0.000120194 1.17401 0.0159996 -24.8098 0 0 0 0 0 0 0 0 0 0 11107
0 0 0.0893446 0.44989 0.434318 12.0034 0.0128397 9.6582e-05 1.35684 0.0130893 -22.5809 0 0 0 0 0 0 0 0 0 0 11162
0 0 0.0619061 0.409438 0.433673 6.74633 0.0115823 0.000133538 0.853655 0.0176366 -17.7343 0 0 0 0 0 0 0 0 0 0 11214
0 0 0.0817091 0.432905 0.434974 7.74274 0.0129709 0.000109672 1.04175 0.0147629 -18.0166 0 0 0 0 0 0 0 0 0 0 11267
0 0 0.08426 0.435162 0.435447 8.76824 0.0127115 0.000107752 1.10333 0.0145804 -19.3997 0 0 0 0 0 0 0 0 0 0 11318
0 0 0.0612739 0.411035 0.438415 6.30597 0.0117401 0.000131964 0.834503 0.0176752 -16.8245 0 0 0 0 0 0 0 0 0 0 11371
0 0 0.0317476 0.356056 0.44327 2.44174 0.00991397 0.000219344 0.400333 0.0284596 -9.3082 0 0 0 0 0 0 0 0 0 0 11427
0 0 0.0205831 0.323816 0.477037 1.06495 0.00923234 0.000307264 0.229807 0.0391378 -2.65463 0 0 0 0 0 0 0 0 0 0 11478
0 0 0.00908732 0.269667 0.447828 0.396021 0.00704828 0.000585447 0.0987219 0.0713883 0 0 0 0 0 0 0 0 0 0 0 11529
0 0 0.00908732 0.269667 0.447828 0.396021 0.00704828 0.000585447 0.0987219 0.0713883 0 0 0 0 0 0 0 0 0 0 0 11581
0 0 0.00524057 0.238672 0.437028 0.218779 0.00586518 0.00089429 0.0582041 0.104911 0 0 0 0 0 0 0 0 0 0 0 11634
0 0 0.00400431 0.224633 0.434783 0.170687 0.00538498 0.00110055 0.045545 0.125715 0 0 0 0 0 0 0 0 0 0 0 11687
0 0 0.00299497 0.21085 0.432762 0.135222 0.00480042 0.00136725 0.0357121 0.153164 0 0 0 0 0 0 0 0 0 0 0 11739
0 0 0.00295012 0.210747 0.429583 0.132 0.00482347 0.00135877 0.0358502 0.151834 0 0 0 0 0 0 0 0 0 0 0 11791
0 0 0.00320557 0.214859 0.428634 0.136975 0.00504371 0.00126706 0.0383903 0.142178 0 0 0 0 0 0 0 0 0 0 0 11841
0 0 0.0039649 0.22522 0.42853 0.158415 0.0055784 0.00107309 0.0458874 0.121495 0 0 0 0 0 0 0 0 0 0 0 11891
0 0 0.00465298 0.233442 0.42847 0.177311 0.00598908 0.000946457 0.052582 0.108154 0 0 0 0 0 0 0 0 0 0 0 11943
0 0 0.00465298 0.233442 0.42847 0.177311 0.00598908 0.000946457 0.052582 0.108154 0 0 0 0 0 0 0 0 0 0 0 11994
0 0 0.00536505 0.240888 0.428636 0.196656 0.00639532 0.000848374 0.0592892 0.0974974 0 0 0 0 0 0 0 0 0 0 0 12045
0 0 0.00581391 0.244772 0.429333 0.20452 0.00665904 0.000800787 0.0628678 0.0921665 0 0 0 0 0 0 0 0 0 0 0 12095
0 0 0.00517248 0.23818 0.429305 0.180936 0.00638763 0.000880941 0.0559494 0.100582 0 0 0 0 0 0 0 0 0 0 0 12151
0 0 0.0056891 0.243174 0.429647 0.197442 0.00666946 0.000819965 0.060688 0.0940351 0 0 0 0 0 0 0 0 0 0 0 12201
0 0 0.0076783 0.259561 0.431428 0.258482 0.00753201 0.000655846 0.0779608 0.0766969 0 0 0 0 0 0 0 0 0 0 0 12254
0 0 0.00849181 0.264962 0.433645 0.285039 0.00783246 0.000613402 0.083818 0.072313 0 0 0 0 0 0 0 0 0 0 0 12305
0 0 0.00900773 0.26842 0.433409 0.299982 0.00801886 0.000586105 0.0882497 0.0693863 0 0 0 0 0 0 0 0 0 0 0 12356
0 0 0.00838455 0.264172 0.432541 0.279743 0.00782395 0.00061757 0.0831745 0.0726079 0 0 0 0 0 0 0 0 0 0 0 12406
0 0 0.00838455 0.264172 0.432541 0.279743 0.00782395 0.00061757 0.0831745 0.0726079 0 0 0 0 0 0 0 0 0 0 0 12459
0 0 0.00879407 0.266385 0.434189 0.293039 0.00791331 0.00060118 0.0855676 0.0711153 0 0 0 0 0 0 0 0 0 0 0 12512
0 0 0.0100476 0.273879 0.434807 0.32568 0.00834421 0.000544353 0.0960876 0.0648092 0 0 0 0 0 0 0 0 0 0 0 12565
0 0 0.00869905 0.264679 0.43531 0.287737 0.00779444 0.000614029 0.083616 0.0726589 0 0 0 0 0 0 0 0 0 0 0 12626
0 0 0.0143098 0.294733 0.436731 0.439432 0.00944354 0.000422283 0.127953 0.0515777 0 0 0 0 0 0 0 0 0 0 0 12681
0 0 0.012947 0.287059 0.439034 0.40468 0.00899637 0.000463463 0.115101 0.0561302 0 0 0 0 0 0 0 0 0 0 0 12732
0 0 0.021835 0.321628 0.438755 0.632924 0.0110339 0.000309954 0.183181 0.0385781 0 0 0 0 0 0 0 0 0 0 0 12786
0 0 0.021835 0.321628 0.438755 0.632924 0.0110339 0.000309954 0.183181 0.0385781 0 0 0 0 0 0 0 0 0 0 0 12838
0 0 0.0194929 0.311988 0.435328 0.586172 0.0104883 0.000341153 0.166454 0.0415472 0 0 0 0 0 0 0 0 0 0 0 12888
0 0 0.0144293 0.29032 0.441023 0.456912 0.00921652 0.000436329 0.126829 0.0517516 0 0 0 0 0 0 0 0 0 0 0 12939
0 0 0.0119342 0.277637 0.442175 0.394731 0.00841262 0.000511415 0.105861 0.0602922 0 0 0 0 0 0 0 0 0 0 0 12992
0 0 0.00812269 0.254795 0.440834 0.288755 0.00714101 0.000686755 0.0764852 0.0791758 0 0 0 0 0 0 0 0 0 0 0 13045
0 0 0.00669705 0.244835 0.442193 0.245986 0.0065649 0.000792536 0.0648257 0.0914263 0 0 0 0 0 0 0 0 0 0 0 13098
0 0 0.00582735 0.237113 0.43818 0.222377 0.00620188 0.000889425 0.0571022 0.10195 0 0 0 0 0 0 0 0 0 0 0 13154
0 0 0.00472805 0.225993 0.437863 0.188791 0.005635 0.00105019 0.0480107 0.119666 0 0 0 0 0 0 0 0 0 0 0 13204
0 0 0.00387562 0.214558 0.435143 0.162409 0.00515535 0.00124629 0.0404339 0.138234 0 0 0 0 0 0 0 0 0 0 0 13258
0 0 0.00387562 0.214558 0.435143 0.162409 0.00515535 0.00124629 0.0404339 0.138234 0 0 0 0 0 0 0 0 0 0 0 13310
0 0 0.00321107 0.201892 0.43435 0.145532 0.00463217 0.00151324 0.0340544 0.161869 0 0 0 0 0 0 0 0 0 0 0 13366
0 0 0.00292868 0.195412 0.426017 0.131447 0.0041999 0.00165858 0.0306071 0.174565 0 0 0 0 0 0 0 0 0 0 0 13416
0 0 0.00280516 0.195357 0.418236 0.118758 0.00395326 0.00164797 0.0302943 0.178964 0 0 0 0 0 0 0 0 0 0 0 13471
0 0 0.00303618 0.201542 0.420499 0.1238 0.00421391 0.00150074 0.0327627 0.166438 0 0 0 0 0 0 0 0 0 0 0 13522
0 0 0.00314981 0.204547 0.419279 0.122565 0.00445794 0.00143067 0.0339404 0.15735 0 0 0 0 0 0 0 0 0 0 0 13576
0 0 0.00331326 0.208584 0.421929 0.1256 0.00471305 0.00135102 0.03557 0.149369 0 0 0 0 0 0 0 0 0 0 0 13629
0 0 0.00313528 0.206748 0.423588 0.117339 0.00461602 0.00140312 0.0335933 0.156424 0 0 0 0 0 0 0 0 0 0 0 13683
0 0 0.00317937 0.208917 0.425661 0.115901 0.00464538 0.00136456 0.0341666 0.15553 0 0 0 0 0 0 0 0 0 0 0 13736
0 0 0.00317937 0.208917 0.425661 0.115901 0.00464538 0.00136456 0.0341666 0.15553 0 0 0 0 0 0 0 0 0 0 0 13787
0 0 0.00304877 0.207535 0.427116 0.109924 0.0045886 0.00140342 0.0328498 0.160832 0 0 0 0 0 0 0 0 0 0 0 13838
0 0 0.00307038 0.207513 0.428581 0.107681 0.00459226 0.00140832 0.0326082 0.161997 0 0 0 0 0 0 0 0 0 0 0 13892
0 0 0.00295549 0.205461 0.430676 0.102521 0.00451277 0.00146114 0.0311929 0.167998 0 0 0 0 0 0 0 0 0 0 0 13942
0 0 0.00280817 0.203392 0.431004 0.0984257 0.00445443 0.00151445 0.0299168 0.173249 0 0 0 0 0 0 0 0 0 0 0 13994
0 0 0.00280151 0.20214 0.431403 0.0960792 0.00427007 0.00154678 0.029196 0.180014 0 0 0 0 0 0 0 0 0 0 0 14045
0 0 0.00277434 0.201059 0.43161 0.0942497 0.00402154 0.00157605 0.0285693 0.188809 0 0 0 0 0 0 0 0 0 0 0 14095
0 0 0.00277434 0.201059 0.43161 0.0942497 0.00402154 0.00157605 0.0285693 0.188809 0 0 0 0 0 0 0 0 0 0 0 14146
0 0 0.00285367 0.20155 0.430939 0.095536 0.00365775 0.00156234 0.028855 0.198788 0 0 0 0 0 0 0 0 0 0 0 14197
0 0 0.00296542 0.201258 0.431375 0.0957723 0.00349638 0.00156984 0.0286987 0.204816 0 0 0 0 0 0 0 0 0 0 0 14250
0 0 0.00293085 0.200741 0.433416 0.0962832 0.00318415 0.00158476 0.0283653 0.218012 0 0 0 0 0 0 0 0 0 0 0 14300
0 0 0.00312001 0.201166 0.434024 0.098401 0.00309919 0.00157412 0.028558 0.220885 0 0 0 0 0 0 0 0 0 0 0 14355
0 0 0.00307836 0.199701 0.434067 0.0969849 0.00315336 0.0016163 0.0276873 0.222335 0 0 0 0 0 0 0 0 0 0 0 14407
0 0 0.00307836 0.199701 0.434067 0.0969849 0.00315336 0.0016163 0.0276873 0.222335 0 0 0 0 0 0 0 0 0 0 0 14459
0 0 0.00291289 0.198633 0.434524 0.0936647 0.00325043 0.00164909 0.0270298 0.221205 0 0 0 0 0 0 0 0 0 0 0 14512
0 0 0.00275738 0.196993 0.437884 0.089703 0.00308133 0.0017004 0.0260693 0.232939 0 0 0 0 0 0 0 0 0 0 0 14565
0 0 0.00277308 0.196106 0.44475 0.0934239 0.00292367 0.00172817 0.025584 0.242833 0 0 0 0 0 0 0 0 0 0 0 14624
0 0 0.00286539 0.195484 0.448835 0.0968032 0.00266818 0.00174962 0.0252011 0.258641 0 0 0 0 0 0 0 0 0 0 0 14676
0 0 0.0029049 0.195181 0.448586 0.0957455 0.00257969 0.00176289 0.024945 0.265514 0 0 0 0 0 0 0 0 0 0 0 14728
0 0 0.00289076 0.195359 0.45196 0.0977762 0.00247056 0.00176177 0.0249211 0.272813 0 0 0 0 0 0 0 0 0 0 0 14778
0 0 0.00308517 0.195969 0.456612 0.0999369 0.00261619 0.00175154 0.0249953 0.263596 0 0 0 0 0 0 0 0 0 0 0 14835
0 0 0.00325756 0.196271 0.461124 0.102146 0.00280974 0.0017505 0.0249165 0.253287 0 0 0 0 0 0 0 0 0 0 0 14886
0 0 0.00312934 0.196545 0.45734 0.100403 0.00303295 0.00173327 0.0252669 0.239099 0 0 0 0 0 0 0 0 0 0 0 14936
0 0 0.00359054 0.198602 0.465313 0.107669 0.00315547 0.00167322 0.0262158 0.22865 0 0 0 0 0 0 0 0 0 0 0 14986
0 0 0.00391987 0.19979 0.47068 0.114335 0.00356754 0.00163444 0.0270209 0.208904 0 0 0 0 0 0 0 0 0 0 0 15038
0 0 0.00391987 0.19979 0.47068 0.114335 0.00356754 0.00163444 0.0270209 0.208904 0 0 0 0 0 0 0 0 0 0 0 15091
0 0 0.00402744 0.200807 0.472051 0.113379 0.00384337 0.00161357 0.0273821 0.198698 0 0 0 0 0 0 0 0 0 0 0 15145
0 0 0.00422933 0.201539 0.487798 0.12569 0.00405059 0.00160833 0.0273572 0.193629 0 0 0 0 0 0 0 0 0 0 0 15201
0 0 0.00446882 0.201124 0.478806 0.114999 0.00412632 0.00162455 0.0269972 0.193285 0 0 0 0 0 0 0 0 0 0 0 15253
0 0 0.00426831 0.200938 0.468575 0.10924 0.00418754 0.00162366 0.0271022 0.191039 0 0 0 0 0 0 0 0 0 0 0 15306
0 0 0.00417695 0.20126 0.469526 0.108803 0.00408456 0.00160867 0.0274682 0.192413 0 0 0 0 0 0 0 0 0 0 0 15358
0 0 0.00383611 0.203005 0.468355 0.115001 0.00394573 0.00156246 0.0284131 0.193014 0 0 0 0 0 0 0 0 0 0 0 15411
0 0 0.00383611 0.203005 0.468355 0.115001 0.00394573 0.00156246 0.0284131 0.193014 0 0 0 0 0 0 0 0 0 0 0 15462
0 0 0.00438558 0.207134 0.4801 0.139195 0.00372708 0.00147339 0.0301484 0.194509 0 0 0 0 0 0 0 0 0 0 0 15513
0 0 0.00356428 0.203986 0.475927 0.150871 0.00337342 0.00155684 0.0282627 0.214021 0 0 0 0 0 0 0 0 0 0 0 15563
0 0 0.00315507 0.201054 0.471684 0.150852 0.00296114 0.0016487 0.0263638 0.241146 0 0 0 0 0 0 0 0 0 0 0 15615
0 0 0.0029267 0.198969 0.473516 0.184289 0.00269982 0.00171597 0.0252032 0.262279 0 0 0 0 0 0 0 0 0 0 0 15673
0 0 0.00253131 0.196371 0.474008 0.160001 0.00242845 0.0017761 0.0245964 0.284003 0 0 0 0 0 0 0 0 0 0 0 15724
0 0 0.00253131 0.196371 0.474008 0.160001 0.00242845 0.0017761 0.0245964 0.284003 0 0 0 0 0 0 0 0 0 0 0 15775
0 0 0.00239055 0.195835 0.472237 0.156679 0.00224892 0.00179193 0.0246948 0.301087 0 0 0 0 0 0 0 0 0 0 0 15827
0 0 0.00222406 0.194804 0.471131 0.15038 0.00172549 0.00182673 0.0250857 0.364788 0 0 0 0 0 0 0 0 0 0 0 15882
0 0 0.00201172 0.194596 0.470362 0.133278 0.0012474 0.00183335 0.0280564 0.470285 0 0 0 0 0 0 0 0 0 0 0 15933
0 0 0.00184594 0.194809 0.474157 0.12325 0.000893656 0.00183795 0.0321328 0.61883 0 0 0 0 0 0 0 0 0 0 0 15986
0 0 0.00170993 0.194233 0.458794 0.115399 0.000682567 0.00182382 0.0336505 0.729764 0 0 0 0 0 0 0 0 0 0 0 16040
0 0 0.00148803 0.194028 0.450414 0.103808 0.000467748 0.00179183 0.0408547 0.998232 0 0 0 0 0 0 0 0 0 0 0 16092
0 0 0.00148803 0.194028 0.450414 0.103808 0.000467748 0.00179183 0.0408547 0.998232 0 0 0 0 0 0 0 0 0 0 0 16143
0 0 0.00147352 0.193803 0.451357 0.112583 0.000354322 0.00171004 0.0336639 1.15092 0 0 0 0 0 0 0 0 0 0 0 16194
0 0 0.00128194 0.193907 0.448058 0.136181 0.0002734 0.00156031 0.0310392 1.45284 0 0 0 0 0 0 0 0 0 0 0 16245
0 0 0.00105136 0.194504 0.454289 0.188189 0.000190654 0.00134012 0.0256726 2.01413 0 0 0 0 0 0 0 0 0 0 0 16295
0 0 0.000812608 0.195373 0.469201 0.30088 0.000132232 0.00107731 0.018401 2.87222 0 0 0 0 0 0 0 0 0 0 0 16348
0 0 0.00046038 0.195905 0.471405 0.690519 8.40079e-05 0.000731253 0.0128745 5.16455 0 0 0 0 0 0 0 0 0 0 0 16401
0 0 0.000275111 0.195813 0.611034 1.5413 5.55955e-05 0.000515654 0.00892289 8.6833 0 0 0 0 0 0 0 0 0 0 0 16454
0 0 0.000273069 0.196153 0.537627 1.58979 5.51849e-05 0.000514527 0.00873886 8.78981 0 0 0 0 0 0 0 0 0 0 0 16507
0 0 0.000273069 0.196153 0.537627 1.58979 5.51849e-05 0.000514527 0.00873886 8.78981 0 0 0 0 0 0 0 0 0 0 0 16561
0 0 0.000620493 0.196568 0.512202 0.583787 9.11445e-05 0.000852824 0.0123592 4.38556 0 0 0 0 0 0 0 0 0 0 0 16614
0 0 0.00131089 0.197888 0.510126 0.275953 0.000133883 0.00126641 0.016038 2.52365 0 0 0 0 0 0 0 0 0 0 0 16671
0 0 0.00188561 0.198941 0.517011 0.191532 0.000165355 0.00151325 0.0184596 1.89183 0 0 0 0 0 0 0 0 0 0 0 16722
0 0 0.00235888 0.202175 0.510454 0.152497 0.000187219 0.00157681 0.0211281 1.5522 0 0 0 0 0 0 0 0 0 0 0 16776
0 0 0.00235888 0.202175 0.510454 0.152497 0.000187219 0.00157681 0.0211281 1.5522 0 0 0 0 0 0 0 0 0 0 0 16829
0 0 0.00245283 0.202293 0.506171 0.141458 0.000187423 0.00155344 0.022117 1.49937 0 0 0 0 0 0 0 0 0 0 0 16882
0 0 0.00260821 0.203401 0.507276 0.128712 0.000192579 0.00155878 0.0234109 1.40525 0 0 0 0 0 0 0 0 0 0 0 16938
0 0 0.00255016 0.202401 0.505858 0.126302 0.000191123 0.00157479 0.0234963 1.40325 0 0 0 0 0 0 0 0 0 0 0 16991
0 0 0.002134 0.199739 0.497857 0.142325 0.000176809 0.00154176 0.0216504 1.58082 0 0 0 0 0 0 0 0 0 0 0 17043
0 0 0.00181289 0.1981 0.505856 0.163989 0.000160163 0.00146815 0.020145 1.79945 0 0 0 0 0 0 0 0 0 0 0 17096
0 0 0.0018897 0.197322 0.527042 0.159046 0.00015824 0.00153258 0.0201249 1.796 0 0 0 0 0 0 0 0 0 0 0 17150
0 0 0.00195325 0.19662 0.514147 0.142258 0.000158547 0.00159285 0.0209351 1.72771 0 0 0 0 0 0 0 0 0 0 0 17203
0 0 0.00192326 0.195363 0.53299 0.159181 0.000153865 0.00163987 0.0196397 1.85608 0 0 0 0 0 0 0 0 0 0 0 17254
0 0 0.00192326 0.195363 0.53299 0.159181 0.000153865 0.00163987 0.0196397 1.85608 0 0 0 0 0 0 0 0 0 0 0 17306
0 0 0.00164295 0.19415 0.542006 0.195868 0.000138614 0.00155094 0.0178336 2.17189 0 0 0 0 0 0 0 0 0 0 0 17357
0 0 0.00115166 0.193451 0.566472 0.316092 0.000110084 0.00128063 0.014847 3.05053 0 0 0 0 0 0 0 0 0 0 0 17409
0 0 0.000956115 0.193151 0.643472 0.738187 8.75684e-05 0.00114073 0.0105634 4.81912 0 0 0 0 0 0 0 0 0 0 0 17462
0 0 0.00117636 0.193165 0.866245 2.52178 7.47364e-05 0.00124105 0.00608763 8.0924 0 0 0 0 0 0 0 0 0 0 0 17515
0 0 0.00166837 0.193237 1.11822 7.80332 6.82246e-05 0.00146611 0.0035687 12.4176 0 0 0 0 0 0 0 0 0 0 0 17565
0 0 0.00166837 0.193237 1.11822 7.80332 6.82246e-05 0.00146611 0.0035687 12.4176 0 0 0 0 0 0 0 0 0 0 0 17618
0 0 0.00241568 0.192991 1.17551 7.09095 7.7996e-05 0.0017862 0.00355521 10.9406 0 0 0 0 0 0 0 0 0 0 0 17672
0 0 0.00384627 0.192603 1.39009 11.0924 8.54351e-05 0.00234051 0.00273364 11.9731 0 0 0 0 0 0 0 0 0 0 0 17724
0 0 0.0116637 0.192578 1.99885 26.7415 0.000106289 0.00432325 0.00156065 14.3693 0 0 0 0 0 0 0 0 0 0 0 17774
0 0 0.0196442 0.192496 2.28153 33.7934 0.000122414 0.0059029 0.00127795 14.5185 0 0 0 0 0 0 0 0 0 0 0 17825
0 0 0.0252211 0.192559 2.19564 26.8543 0.000144671 0.00692334 0.0014305 11.7906 0 0 0 0 0 0 0 0 0 0 0 17876
0 0 0.0210734 0.192598 1.83871 17.2312 0.000152978 0.00641466 0.00183698 9.535 0 0 0 0 0 0 0 0 0 0 0 17928
0 0 0.0210734 0.192598 1.83871 17.2312 0.000152978 0.00641466 0.00183698 9.535 0 0 0 0 0 0 0 0 0 0 0 17978
0 0 0.0134736 0.192695 1.36764 5.4299 0.000164539 0.00509813 0.00329543 5.98424 0 0 0 0 0 0 0 0 0 0 0 18031
0 0 0.00684938 0.192718 0.915696 1.19482 0.000170412 0.00355542 0.00677485 3.47524 0 0 0 0 0 0 0 0 0 0 0 18083
0 0 0.00549619 0.192693 0.808805 0.746846 0.000173693 0.00317064 0.0084387 2.92601 0 0 0 0 0 0 0 0 0 0 0 18137
0 0 0.00619568 0.192673 0.851113 0.935966 0.000182093 0.00339881 0.00756907 3.07313 0 0 0 0 0 0 0 0 0 0 0 18190
0 0 0.00389334 0.192679 0.658639 0.341838 0.000190655 0.00264152 0.0121191 2.11692 0 0 0 0 0 0 0 0 0 0 0 18241
0 0 0.00389334 0.192679 0.658639 0.341838 0.000190655 0.00264152 0.0121191 2.11692 0 0 0 0 0 0 0 0 0 0 0 18291
0 0 0.00307835 0.192676 0.577761 0.205708 0.000197542 0.00232589 0.015343 1.74047 0 0 0 0 0 0 0 0 0 0 0 18343
0 0 0.00288552 0.192672 0.553403 0.178813 0.000210574 0.0022459 0.0163468 1.59713 0 0 0 0 0 0 0 0 0 0 0 18395
0 0 0.00322538 0.192668 0.578894 0.225714 0.000229648 0.00238648 0.0146449 1.64426 0 0 0 0 0 0 0 0 0 0 0 18458
0 0 0.00469733 0.192667 0.695792 0.500977 0.00026539 0.00292761 0.0100733 1.98789 0 0 0 0 0 0 0 0 0 0 0 18509
0 0 0.00664832 0.192667 0.830742 1.04437 0.000298605 0.00353605 0.00713399 2.38987 0 0 0 0 0 0 0 0 0 0 0 18560
0 0 0.00745067 0.192668 0.877452 1.32662 0.000351681 0.00376082 0.00636956 2.35889 0 0 0 0 0 0 0 0 0 0 0 18611
0 0 0.00745067 0.192668 0.877452 1.32662 0.000351681 0.00376082 0.00636956 2.35889 0 0 0 0 0 0 0 0 0 0 0 18663
0 0 0.00642573 0.19267 0.808884 0.966692 0.000441255 0.00346559 0.0073996 1.85032 0 0 0 0 0 0 0 0 0 0 0 18715
0 0 0.00612136 0.19267 0.788127 0.870278 0.000457406 0.00337135 0.00778065 1.74684 0 0 0 0 0 0 0 0 0 0 0 18769
0 0 0.00977888 0.192671 1.02093 2.3445 0.000472166 0.00434961 0.0048754 2.42073 0 0 0 0 0 0 0 0 0 0 0 18819
0 0 0.00785803 0.192669 0.913189 1.48002 0.000389211 0.00386008 0.00607706 2.30924 0 0 0 0 0 0 0 0 0 0 0 18870
0 0 0.00619649 0.192664 0.8058 0.89834 0.000302671 0.00339107 0.00769888 2.25168 0 0 0 0 0 0 0 0 0 0 0 18923
0 0 0.00540515 0.192655 0.759213 0.676871 0.000257924 0.00314876 0.00880028 2.24344 0 0 0 0 0 0 0 0 0 0 0 18974
0 0 0.00423386 0.192646 0.667879 0.756903 0.000228936 0.00275772 0.0111686 2.02135 0 0 0 0 0 0 0 0 0 0 0 19024
0 0 0.00423386 0.192646 0.667879 0.756903 0.000228936 0.00275772 0.0111686 2.02135 0 0 0 0 0 0 0 0 0 0 0 19074
0 0 0.00341457 0.192631 0.597039 0.95077 0.000219866 0.00245367 0.0138521 1.76646 0 0 0 0 0 0 0 0 0 0 0 19127
0 0 0.00326459 0.19262 0.578644 1.49676 0.000212475 0.00239658 0.0144572 1.74677 0 0 0 0 0 0 0 0 0 0 0 19181
0 0 0.0031517 0.192603 0.566145 1.50381 0.000202016 0.00235294 0.0148113 1.76987 0 0 0 0 0 0 0 0 0 0 0 19233
0 0 0.00279545 0.192551 0.531471 1.5181 0.000193013 0.00220596 0.0165853 1.67343 0 0 0 0 0 0 0 0 0 0 0 19286
0 0 0.00245721 0.192508 0.493912 1.58928 0.000188798 0.00205831 0.0188669 1.5406 0 0 0 0 0 0 0 0 0 0 0 19338
0 0 0.00246489 0.192473 0.491674 2.15257 0.000184262 0.002064 0.0189356 1.55523 0 0 0 0 0 0 0 0 0 0 0 19391
0 0 0.00246489 0.192473 0.491674 2.15257 0.000184262 0.002064 0.0189356 1.55523 0 0 0 0 0 0 0 0 0 0 0 19443
0 0 0.00241865 0.192436 0.48474 2.1378 0.000181762 0.0020444 0.019373 1.54132 0 0 0 0 0 0 0 0 0 0 0 19496
0 0 0.00233305 0.192388 0.475008 1.93454 0.000178043 0.00200665 0.0201376 1.51636 0 0 0 0 0 0 0 0 0 0 0 19547
0 0 0.00234006 0.19241 0.475103 2.0911 0.000175391 0.00201024 0.0200348 1.53574 0 0 0 0 0 0 0 0 0 0 0 19599
0 0 0.00232175 0.192557 0.471549 1.88305 0.000173671 0.00199941 0.0202827 1.5306 0 0 0 0 0 0 0 0 0 0 0 19650
0 0 0.00232175 0.192557 0.471549 1.88305 0.000173671 0.00199941 0.0202827 1.5306 0 0 0 0 0 0 0 0 0 0 0 19700
0 0 0.00230567 0.192677 0.467282 2.33587 0.000173519 0.00199193 0.0206064 1.51105 0 0 0 0 0 0 0 0 0 0 0 19754
0 0 0.00220062 0.193211 0.45418 2.32607 0.00017742 0.0019373 0.021753 1.43318 0 0 0 0 0 0 0 0 0 0 0 19805
0 0 0.00217905 0.193356 0.451059 4.39762 0.000182919 0.00192922 0.0219693 1.39588 0 0 0 0 0 0 0 0 0 0 0 19856
0 0 0.00216562 0.193281 0.448588 3.98033 0.00019885 0.00191368 0.0222455 1.31658 0 0 0 0 0 0 0 0 0 0 0 19908
0 0 0.00208955 0.193491 0.439994 3.69274 0.000247331 0.00187065 0.0230652 1.12845 0 0 0 0 0 0 0 0 0 0 0 19961
0 0 0.00208955 0.193491 0.439994 3.69274 0.000247331 0.00187065 0.0230652 1.12845 0 0 0 0 0 0 0 0 0 0 0 20013
0 0 0.00204498 0.193459 0.434238 3.84233 0.000329734 0.00184996 0.0234891 0.93922 0 0 0 0 0 0 0 0 0 0 0 20067
0 0 0.00201557 0.193338 0.430737 5.21472 0.000402694 0.00184047 0.0237729 0.826315 0 0 0 0 0 0 0 0 0 0 0 20118
0 0 0.0019959 0.193507 0.428589 3.55946 0.000512254 0.00183454 0.0239365 0.713061 0 0 0 0 0 0 0 0 0 0 0 20170
0 0 0.00198068 0.193464 0.427766 3.24953 0.000614544 0.00183193 0.0240754 0.638891 0 0 0 0 0 0 0 0 0 0 0 20223
0 0 0.00197157 0.193305 0.427605 3.59943 0.000701562 0.001833 0.024196 0.592034 0 0 0 0 0 0 0 0 0 0 0 20276
0 0 0.00195002 0.193394 0.427079 4.15744 0.000963673 0.00183122 0.0246567 0.493315 0 0 0 0 0 0 0 0 0 0 0 20329
0 0 0.00190078 0.193207 0.426724 3.26455 0.00116663 0.00183119 0.0259304 0.4499 0 0 0 0 0 0 0 0 0 0 0 20382
0 0 0.00190078 0.193207 0.426724 3.26455 0.00116663 0.00183119 0.0259304 0.4499 0 0 0 0 0 0 0 0 0 0 0 20433
0 0 0.00178518 0.193174 0.426737 2.93207 0.00157136 0.00183193 0.029357 0.398453 0 0 0 0 0 0 0 0 0 0 0 20483
0 0 0.00180154 0.193127 0.426607 2.27096 0.0018074 0.00183151 0.028835 0.363361 0 0 0 0 0 0 0 0 0 0 0 20535
0 0 0.00175957 0.193207 0.42667 2.30153 0.00220298 0.00183208 0.0301959 0.32979 0 0 0 0 0 0 0 0 0 0 0 20587
0 0 0.0016932 0.193227 0.426708 1.80833 0.00253735 0.00183247 0.0325729 0.313635 0 0 0 0 0 0 0 0 0 0 0 20641
0 0 0.00172102 0.193207 0.426822 1.52658 0.00307876 0.00183358 0.0314953 0.275512 0 0 0 0 0 0 0 0 0 0 0 20691
0 0 0.00172102 0.193207 0.426822 1.52658 0.00307876 0.00183358 0.0314953 0.275512 0 0 0 0 0 0 0 0 0 0 0 20749
0 0 0 0 0 0 0 0 0 0 0 0 0 0 0 0 0 0 0 0 0 20800
0 0 0 0 0 0 0 0 0 0 0 0 0 0 0 0 0 0 0 0 0 20850
0 0 0 0 0 0 0 0 0 0 0 0 0 0 0 0 0 0 0 0 0 20901
0 0 0 0 0 0 0 0 0 0 0 0 0 0 0 0 0 0 0 0 0 20951
0 0 0 0 0 0 0 0 0 0 0 0 0 0 0 0 0 0 0 0 0 21001
0 0 0 0 0 0 0 0 0 0 0 0 0 0 0 0 0 0 0 0 0 21052
0 0 0 0 0 0 0 0 0 0 0 0 0 0 0 0 0 0 0 0 0 21102
0 0 0 0 0 0 0 0 0 0 0 0 0 0 0 0 0 0 0 0 0 21153
0 0 0 0 0 0 0 0 0 0 0 0 0 0 0 0 0 0 0 0 0 21203
0 0 0 0 0 0 0 0 0 0 0 0 0 0 0 0 0 0 0 0 0 21254
0 0 0 0 0 0 0 0 0 0 0 0 0 0 0 0 0 0 0 0 0 21306
0 0 0 0 0 0 0 0 0 0 0 0 0 0 0 0 0 0 0 0 0 21356
0 0 0 0 0 0 0 0 0 0 0 0 0 0 0 0 0 0 0 0 0 21407
0 0 0.00126964 0.194138 0.427843 0.122449 0.00244964 0.00180702 0.0546161 0.411958 0 0 0 0 0 0 0 0 0 0 0 21457
0 0 0.00132426 0.193652 0.427755 0.108911 0.00279479 0.00181189 0.0513299 0.366396 0 0 0 0 0 0 0 0 0 0 0 21507
0 0 0.00152937 0.193188 0.428578 0.0991301 0.00270451 0.00180236 0.0377516 0.32774 0 0 0 0 0 0 0 0 0 0 0 21558
0 0 0.00165594 0.192883 0.428933 0.0939796 0.00267654 0.00179065 0.0313202 0.306478 0 0 0 0 0 0 0 0 0 0 0 21609
0 0 0.00165594 0.192883 0.428933 0.0939796 0.00267654 0.00179065 0.0313202 0.306478 0 0 0 0 0 0 0 0 0 0 0 21660
0 0 0.00161063 0.192745 0.431311 0.0903039 0.00210808 0.00177564 0.0315085 0.361629 0 0 0 0 0 0 0 0 0 0 0 21710
0 0 0.00167035 0.192697 0.433285 0.0875876 0.00134901 0.00179118 0.0298245 0.459682 0 0 0 0 0 0 0 0 0 0 0 21761
0 0 0 0 0 0 0 0 0 0 0 0 0 0 0 0 0 0 0 0 0 21811
0 0 0 0 0 0 0 0 0 0 0 0 0 0 0 0 0 0 0 0 0 21861
0 0 0 0 0 0 0 0 0 0 0 0 0 0 0 0 0 0 0 0 0 21912
0 0 0 0 0 0 0 0 0 0 0 0 0 0 0 0 0 0 0 0 0 21963
0 0 0 0 0 0 0 0 0 0 0 0 0 0 0 0 0 0 0 0 0 22014
0 0 0 0 0 0 0 0 0 0 0 0 0 0 0 0 0 0 0 0 0 22064
0 0 0 0 0 0 0 0 0 0 0 0 0 0 0 0 0 0 0 0 0 22115
0 0 0 0 0 0 0 0 0 0 0 0 0 0 0 0 0 0 0 0 0 22165
0 0 0 0 0 0 0 0 0 0 0 0 0 0 0 0 0 0 0 0 0 22217
0 0 0.00243842 0.192628 0.519103 14.1318 0.000710712 0.00183856 0.00867212 0.537569 -20.7983 0 0 0 0 0 0 0 0 0 0 22268
0 0 0.00212855 0.192607 0.51762 0.205255 0.00038525 0.00185021 0.0312056 0.749989 0 0 0 0 0 0 0 0 0 0 0 22318
0 0 0.00217619 0.192626 0.521039 0.22787 0.000373804 0.00184198 0.0343773 0.747089 0 0 0 0 0 0 0 0 0 0 0 22369
0 0 0.00217619 0.192626 0.521039 0.22787 0.000373804 0.00184198 0.0343773 0.747089 0 0 0 0 0 0 0 0 0 0 0 22419
0 0 0.00222372 0.192624 0.530233 0.227191 0.000383817 0.00184869 0.0341477 0.739695 0 0 0 0 0 0 0 0 0 0 0 22469
0 0 0.0020859 0.192571 0.522524 0.220751 0.000328014 0.00187108 0.0330708 0.830985 0 0 0 0 0 0 0 0 0 0 0 22520
0 0 0.00209904 0.192583 0.512766 0.236428 0.00030911 0.00189878 0.0330662 0.872909 0 0 0 0 0 0 0 0 0 0 0 22572
0 0 0.0021154 0.192656 0.52553 0.217091 0.000284617 0.00190959 0.0320049 0.937673 0 0 0 0 0 0 0 0 0 0 0 22622
0 0 0.00203142 0.192681 0.500645 0.165668 0.000461903 0.00187771 0.0305376 0.717258 0 0 0 0 0 0 0 0 0 0 0 22672
0 0 0.00203142 0.192681 0.500645 0.165668 0.000461903 0.00187771 0.0305376 0.717258 0 0 0 0 0 0 0 0 0 0 0 22723
0 0 0.00197049 0.192689 0.485967 0.156041 0.000768716 0.00185732 0.0310368 0.529344 0 0 0 0 0 0 0 0 0 0 0 22773
0 0 0.00197928 0.19269 0.464111 0.126692 0.00112379 0.00184863 0.0285093 0.427631 0 0 0 0 0 0 0 0 0 0 0 22824
0 0 0.00201813 0.192689 0.445973 0.101034 0.00130238 0.00183699 0.0266038 0.40335 0 0 0 0 0 0 0 0 0 0 0 22875
0 0 0.00200945 0.192686 0.433145 0.0934816 0.00125444 0.00183877 0.0262798 0.418349 0 0 0 0 0 0 0 0 0 0 0 22925
0 0 0.0020076 0.192689 0.429042 0.0884481 0.00115641 0.00183709 0.0259179 0.443072 0 0 0 0 0 0 0 0 0 0 0 22975
0 0 0.0020076 0.192689 0.429042 0.0884481 0.00115641 0.00183709 0.0259179 0.443072 0 0 0 0 0 0 0 0 0 0 0 23026
0 0 0.00198162 0.1927 0.4292 0.0862668 0.000979155 0.0018362 0.0257493 0.493599 0 0 0 0 0 0 0 0 0 0 0 23076
0 0 0.00196153 0.192708 0.427772 0.0841686 0.000821196 0.00183554 0.0256367 0.549808 0 0 0 0 0 0 0 0 0 0 0 23126
0 0 0.00196233 0.192716 0.425746 0.0820113 0.000653496 0.00183634 0.0253909 0.631261 0 0 0 0 0 0 0 0 0 0 0 23178
0 0 0.00194178 0.192719 0.4288 0.0829247 0.000444879 0.00185025 0.025477 0.806446 0 0 0 0 0 0 0 0 0 0 0 23228
0 0 0.00194178 0.192719 0.4288 0.0829247 0.000444879 0.00185025 0.025477 0.806446 0 0 0 0 0 0 0 0 0 0 0 23279
0 0 0.00197948 0.192732 0.439996 0.0913076 0.000364425 0.00189553 0.0251939 0.95543 0 0 0 0 0 0 0 0 0 0 0 23330
0 0 0.00203948 0.192756 0.446358 0.0963258 0.000415761 0.00192074 0.0243202 0.901454 0 0 0 0 0 0 0 0 0 0 0 23380
0 0 0.00237858 0.192773 0.488647 0.135858 0.000557646 0.00209571 0.0208523 0.860086 0 0 0 0 0 0 0 0 0 0 0 23430
0 0 0.00303037 0.192895 0.572421 0.239591 0.00037039 0.00240908 0.0166024 1.35412 0 0 0 0 0 0 0 0 0 0 0 23481
0 0 0.00424873 0.193012 0.707293 0.503149 0.000297403 0.00289174 0.0119128 1.9826 0 0 0 0 0 0 0 0 0 0 0 23532
0 0 0.0054923 0.193182 0.82002 0.89737 0.00025859 0.00334196 0.00935759 2.66896 0 0 0 0 0 0 0 0 0 0 0 23583
0 0 0.0054923 0.193182 0.82002 0.89737 0.00025859 0.00334196 0.00935759 2.66896 0 0 0 0 0 0 0 0 0 0 0 23633
0 0 0.00740317 0.193377 0.977975 1.68217 0.00023419 0.00390408 0.00699978 3.4737 0 0 0 0 0 0 0 0 0 0 0 23684
0 0 0.00784276 0.19434 0.951974 1.81132 0.000209552 0.00392333 0.00692753 3.78411 0 0 0 0 0 0 0 0 0 0 0 23734
0 0 0.00729851 0.196602 0.893894 1.48282 0.000204809 0.00353649 0.00820634 3.50647 0 0 0 0 0 0 0 0 0 0 0 23785
0 0 0.00553459 0.196915 0.765622 0.856863 0.000201204 0.00304851 0.0111211 2.96401 0 0 0 0 0 0 0 0 0 0 0 23835
0 0 0.00604997 0.198022 0.791881 1.00089 0.000195391 0.00309324 0.0106929 3.10343 0 0 0 0 0 0 0 0 0 0 0 23886
0 0 0.00604997 0.198022 0.791881 1.00089 0.000195391 0.00309324 0.0106929 3.10343 0 0 0 0 0 0 0 0 0 0 0 23937
0 0 0.00451683 0.200022 0.65952 0.503144 0.00019506 0.00247811 0.0155525 2.36502 0 0 0 0 0 0 0 0 0 0 0 23989
0 0 0.00377875 0.202962 0.575109 0.313315 0.000195533 0.00205472 0.0209713 1.89373 0 0 0 0 0 0 0 0 0 0 0 24040
0 0 0.00315635 0.203684 0.511259 0.199835 0.000191599 0.0018008 0.0255285 1.58691 0 0 0 0 0 0 0 0 0 0 0 24091
0 0 0.00354132 0.206592 0.518602 0.22343 0.000192854 0.00173323 0.0250826 1.53334 0 0 0 0 0 0 0 0 0 0 0 24141
0 0 0.00340932 0.20634 0.495003 0.185852 0.000188123 0.00166561 0.0252856 1.40862 0 0 0 0 0 0 0 0 0 0 0 24190
0 0 0.00321817 0.202713 0.493449 0.170966 0.000180638 0.00176082 0.0227409 1.45571 0 0 0 0 0 0 0 0 0 0 0 24241
0 0 0.00321817 0.202713 0.493449 0.170966 0.000180638 0.00176082 0.0227409 1.45571 0 0 0 0 0 0 0 0 0 0 0 24291
0 0 0.00308345 0.200501 0.495399 0.161765 0.000177129 0.00182401 0.0198402 1.47966 0 0 0 0 0 0 0 0 0 0 0 24342
0 0 0.00278819 0.201252 0.464064 0.126838 0.000181788 0.00168576 0.0246256 1.31851 0 0 0 0 0 0 0 0 0 0 0 24392
0 0 0.00278819 0.201252 0.464064 0.126838 0.000181788 0.00168576 0.0246256 1.31851 0 0 0 0 0 0 0 0 0 0 0 24442
0 0 0.00273762 0.198637 0.483887 0.131226 0.000185484 0.00179797 0.0228837 1.37249 0 0 0 0 0 0 0 0 0 0 0 24493
0 0 0.00347075 0.196882 0.57263 0.22831 0.000195462 0.00214213 0.0169713 1.64619 0 0 0 0 0 0 0 0 0 0 0 24543
0 0 0.00347075 0.196882 0.57263 0.22831 0.000195462 0.00214213 0.0169713 1.64619 0 0 0 0 0 0 0 0 0 0 0 24593
0 0 0.00751672 0.196979 90.9847 93.9512 0.000214289 0.00324003 0.00205061 2.72349 -76.5789 0 0 0 0 0 0 0 0 0 0 24643
0 0 0.00956346 0.198513 78.3356 94.4851 0.000254304 0.00351677 0.0014624 2.8117 -75.5892 0 0 0 0 0 0 0 0 0 0 24693
0 0 0.0117034 0.196345 1.33777 18.0164 0.000330849 0.0042325 0.00134692 3.00889 -29.8856 0 0 0 0 0 0 0 0 0 0 24745
0 0 0.0117034 0.196345 1.33777 18.0164 0.000330849 0.0042325 0.00134692 3.00889 -29.8856 0 0 0 0 0 0 0 0 0 0 24795
0 0 0.0112961 0.194486 0.876377 2.61574 0.000632717 0.00363585 0.00309797 1.63359 -18.1613 0 0 0 0 0 0 0 0 0 0 24847
0 0 0.00603749 0.193602 0.692453 0.7454 0.00101903 0.0031373 0.00778991 0.996386 0 0 0 0 0 0 0 0 0 0 0 24898
0 0 0.0063455 0.193213 0.670058 0.929465 0.00171228 0.00335864 0.00731539 0.799335 0 0 0 0 0 0 0 0 0 0 0 24949
0 0 0.0048637 0.193136 0.562448 0.706589 0.00242195 0.00292397 0.00933918 0.538056 0 0 0 0 0 0 0 0 0 0 0 25000
0 0 0.00359935 0.193021 0.404256 0.535289 0.003189 0.0024477 0.0122987 0.357705 0 0 0 0 0 0 0 0 0 0 0 25050
0 0 0.00368348 0.19276 0.300844 0.375414 0.00378823 0.00201883 0.0170182 0.24713 0 0 0 0 0 0 0 0 0 0 0 25100
0 0 0.00324794 0.192763 0.305205 0.292758 0.00408375 0.00187088 0.0201792 0.212889 0 0 0 0 0 0 0 0 0 0 0 25151
0 0 0.00324794 0.192763 0.305205 0.292758 0.00408375 0.00187088 0.0201792 0.212889 0 0 0 0 0 0 0 0 0 0 0 25201
0 0 0.00274851 0.192791 0.342106 0.26314 0.00425823 0.00184665 0.0216014 0.203814 0 0 0 0 0 0 0 0 0 0 0 25251
0 0 0.00302486 0.192857 0.313591 0.404549 0.00433791 0.00183894 0.0212339 0.200462 0 0 0 0 0 0 0 0 0 0 0 25303
0 0 0.0034802 0.19286 0.286614 0.22827 0.00434458 0.00184077 0.0205802 0.200502 0 0 0 0 0 0 0 0 0 0 0 25353
0 0 0.003551 0.192792 0.287362 0.168827 0.0042714 0.00184262 0.0205652 0.202592 0 0 0 0 0 0 0 0 0 0 0 25404
0 0 0.003551 0.192792 0.287362 0.168827 0.0042714 0.00184262 0.0205652 0.202592 0 0 0 0 0 0 0 0 0 0 0 25455
0 0 0.00388517 0.192819 0.271773 0.162866 0.00426746 0.00184354 0.020156 0.202942 0 0 0 0 0 0 0 0 0 0 0 25505
0 0 0.00314383 0.192796 0.328898 0.133602 0.00423959 0.00184523 0.0215121 0.203738 0 0 0 0 0 0 0 0 0 0 0 25555
0 0 0.00314383 0.192796 0.328898 0.133602 0.00423959 0.00184523 0.0215121 0.203738 0 0 0 0 0 0 0 0 0 0 0 25605
0 0 0.00383204 0.192779 0.2885 0.142255 0.00424976 0.00184701 0.0205466 0.203637 0 0 0 0 0 0 0 0 0 0 0 25656
0 0 0.00429906 0.192759 0.270786 0.157748 0.0042762 0.0018631 0.0197544 0.205236 0 0 0 0 0 0 0 0 0 0 0 25707
0 0 0.00355333 0.192748 0.324146 0.143255 0.00428245 0.00188177 0.0205656 0.207815 0 0 0 0 0 0 0 0 0 0 0 25758
0 0 0.0036638 0.192776 0.325359 0.153688 0.004301 0.00188326 0.0205499 0.207598 0 0 0 0 0 0 0 0 0 0 0 25809
0 0 0.00400247 0.192815 0.315091 0.171218 0.00426107 0.00189093 0.0201528 0.210154 0 0 0 0 0 0 0 0 0 0 0 25861
0 0 0.00370912 0.192842 0.345351 0.178953 0.00423102 0.00188383 0.0209651 0.210215 0 0 0 0 0 0 0 0 0 0 0 25912
0 0 0.00387246 0.192888 0.33373 0.178203 0.00428613 0.0019005 0.0203266 0.211457 0 0 0 0 0 0 0 0 0 0 0 25962
0 0 0.00357824 0.192911 0.345973 0.163709 0.00431953 0.00189512 0.0207146 0.209761 0 0 0 0 0 0 0 0 0 0 0 26012
0 0 0.00357824 0.192911 0.345973 0.163709 0.00431953 0.00189512 0.0207146 0.209761 0 0 0 0 0 0 0 0 0 0 0 26062
0 0 0.00354672 0.193087 0.364616 0.176767 0.00436445 0.00189963 0.0208912 0.209821 0 0 0 0 0 0 0 0 0 0 0 26114
0 0 0.00359615 0.193194 0.361924 0.175337 0.00438466 0.00191057 0.0205292 0.211475 0 0 0 0 0 0 0 0 0 0 0 26163
0 0 0.00431268 0.193262 0.340339 0.223884 0.00442603 0.00191301 0.0200222 0.211629 0 0 0 0 0 0 0 0 0 0 0 26214
0 0 0.00453354 0.193266 0.315551 0.214299 0.00446645 0.00189529 0.0198327 0.208508 0 0 0 0 0 0 0 0 0 0 0 26264
0 0 0.00453354 0.193266 0.315551 0.214299 0.00446645 0.00189529 0.0198327 0.208508 0 0 0 0 0 0 0 0 0 0 0 26314
0 0 0.00449248 0.193359 0.321106 0.220487 0.00451034 0.00187652 0.0202773 0.205559 0 0 0 0 0 0 0 0 0 0 0 26364
0 0 0.00442967 0.193229 0.322262 0.219054 0.00446506 0.00187633 0.020398 0.204721 0 0 0 0 0 0 0 0 0 0 0 26414
0 0 0.00417752 0.193096 0.321525 0.195395 0.00446325 0.00187114 0.0205475 0.203138 0 0 0 0 0 0 0 0 0 0 0 26466
0 0 0.00464536 0.192847 0.310222 0.230403 0.00446807 0.00187273 0.0203596 0.202277 0 0 0 0 0 0 0 0 0 0 0 26518
0 0 0.00463217 0.192787 0.325985 0.258448 0.00449724 0.00186285 0.0209661 0.200308 0 0 0 0 0 0 0 0 0 0 0 26568
0 0 0.00495376 0.192771 0.310635 0.267527 0.00449853 0.00186725 0.0205282 0.20068 0 0 0 0 0 0 0 0 0 0 0 26619
0 0 0.00495376 0.192771 0.310635 0.267527 0.00449853 0.00186725 0.0205282 0.20068 0 0 0 0 0 0 0 0 0 0 0 26670
0 0 0.0046386 0.192724 0.310733 0.237284 0.00449102 0.00185464 0.0208799 0.198503 0 0 0 0 0 0 0 0 0 0 0 26721
0 0 0.00435718 0.192674 0.3048 0.200416 0.00448445 0.00185336 0.0207919 0.198022 0 0 0 0 0 0 0 0 0 0 0 26772
0 0 0.00353875 0.192666 0.329834 0.152841 0.00448381 0.00185372 0.0213531 0.19789 0 0 0 0 0 0 0 0 0 0 0 26823
0 0 0.00305634 0.19266 0.346517 0.123602 0.00448453 0.00186041 0.0215688 0.198733 0 0 0 0 0 0 0 0 0 0 0 26873
0 0 0.00281182 0.192664 0.355513 0.108839 0.00449667 0.00186409 0.0216512 0.199012 0 0 0 0 0 0 0 0 0 0 0 26925
0 0 0.00281182 0.192664 0.355513 0.108839 0.00449667 0.00186409 0.0216512 0.199012 0 0 0 0 0 0 0 0 0 0 0 26975
0 0 0.00254031 0.192666 0.382363 0.102545 0.00449948 0.00186557 0.0221672 0.199157 0 0 0 0 0 0 0 0 0 0 0 27026
0 0 0.00244447 0.192667 0.392492 0.0994142 0.00450655 0.00187076 0.0222318 0.199714 0 0 0 0 0 0 0 0 0 0 0 27076
0 0 0.00238467 0.192667 0.396322 0.0956531 0.00450388 0.00187713 0.0221441 0.200617 0 0 0 0 0 0 0 0 0 0 0 27127
0 0 0.00228031 0.192669 0.402602 0.0904137 0.00450956 0.00187271 0.0223918 0.199813 0 0 0 0 0 0 0 0 0 0 0 27178
0 0 0.00228031 0.192669 0.402602 0.0904137 0.00450956 0.00187271 0.0223918 0.199813 0 0 0 0 0 0 0 0 0 0 0 27228
0 0 0.00224085 0.192671 0.405084 0.0883742 0.00451189 0.00187142 0.0225053 0.199622 0 0 0 0 0 0 0 0 0 0 0 27280
0 0 0.00222972 0.192671 0.399122 0.0887333 0.00451294 0.00185648 0.0227891 0.197375 0 0 0 0 0 0 0 0 0 0 0 27331
0 0 0.0021615 0.192671 0.407236 0.0860321 0.00451374 0.00185455 0.0230219 0.197058 0 0 0 0 0 0 0 0 0 0 0 27381
0 0 0.00210799 0.192673 0.41102 0.0844415 0.00451755 0.00184795 0.0232863 0.19608 0 0 0 0 0 0 0 0 0 0 0 27432
0 0 0.0020587 0.192674 0.417062 0.0825157 0.00451365 0.00184569 0.0234883 0.195823 0 0 0 0 0 0 0 0 0 0 0 27482
0 0 0.00204395 0.192675 0.418018 0.0819296 0.00450802 0.00184084 0.0237031 0.19533 0 0 0 0 0 0 0 0 0 0 0 27532
0 0 0.00201599 0.192676 0.420233 0.0809628 0.00451242 0.00183557 0.0239683 0.1947 0 0 0 0 0 0 0 0 0 0 0 27582
0 0 0.00201599 0.192676 0.420233 0.0809628 0.00451242 0.00183557 0.0239683 0.1947 0 0 0 0 0 0 0 0 0 0 0 27633
0 0 0.00198527 0.192677 0.422811 0.0808479 0.00454183 0.00183278 0.0244072 0.195152 0 0 0 0 0 0 0 0 0 0 0 27683
0 0 0.00196149 0.192678 0.424119 0.0810236 0.00456324 0.0018315 0.0248569 0.195906 0 0 0 0 0 0 0 0 0 0 0 27734
0 0 0.00196287 0.192679 0.423995 0.0813261 0.0045487 0.00183105 0.0248612 0.195772 0 0 0 0 0 0 0 0 0 0 0 27786
0 0 0.00192741 0.19268 0.424387 0.0814504 0.00457475 0.00183042 0.0257271 0.197624 0 0 0 0 0 0 0 0 0 0 0 27838
0 0 0.00192741 0.19268 0.424387 0.0814504 0.00457475 0.00183042 0.0257271 0.197624 0 0 0 0 0 0 0 0 0 0 0 27889
0 0 0.00188974 0.192681 0.424432 0.0811885 0.00460785 0.00183008 0.0267104 0.199852 0 0 0 0 0 0 0 0 0 0 0 27940
0 0 0.00185528 0.192683 0.424635 0.0805368 0.00465935 0.00183026 0.0276001 0.202129 0 0 0 0 0 0 0 0 0 0 0 27992
0 0 0.00179614 0.192685 0.423806 0.0804044 0.00471736 0.00182962 0.0295093 0.20637 0 0 0 0 0 0 0 0 0 0 0 28042
0 0 0.00176208 0.192687 0.423276 0.0802228 0.00477183 0.00182968 0.0306859 0.20883 0 0 0 0 0 0 0 0 0 0 0 28093
0 0 0.00175342 0.192691 0.422409 0.0801958 0.00479551 0.00182983 0.0311 0.209603 0 0 0 0 0 0 0 0 0 0 0 28144
0 0 0.00172265 0.1927 0.421584 0.0802201 0.00483635 0.00182975 0.0323215 0.212165 0 0 0 0 0 0 0 0 0 0 0 28195
0 0 0.00172265 0.1927 0.421584 0.0802201 0.00483635 0.00182975 0.0323215 0.212165 0 0 0 0 0 0 0 0 0 0 0 28246
0 0 0.00170215 0.192708 0.420565 0.0805011 0.00487128 0.00182966 0.0332035 0.213718 0 0 0 0 0 0 0 0 0 0 0 28296
0 0 0.00173834 0.192711 0.421241 0.0803152 0.00480213 0.00182967 0.0318048 0.211272 0 0 0 0 0 0 0 0 0 0 0 28346
0 0 0.00175957 0.19272 0.422158 0.0801036 0.00479184 0.0018301 0.0309196 0.209566 0 0 0 0 0 0 0 0 0 0 0 28396
0 0 0.0018065 0.192735 0.422097 0.0804312 0.00474587 0.00183037 0.0294151 0.206512 0 0 0 0 0 0 0 0 0 0 0 28447
0 0 0.0018065 0.192735 0.422097 0.0804312 0.00474587 0.00183037 0.0294151 0.206512 0 0 0 0 0 0 0 0 0 0 0 28498
0 0 0.00181973 0.192739 0.42212 0.0803933 0.00475604 0.00183007 0.0290366 0.20572 0 0 0 0 0 0 0 0 0 0 0 28549
0 0 0.00184911 0.19273 0.423206 0.0801749 0.00476796 0.00182972 0.0280748 0.203841 0 0 0 0 0 0 0 0 0 0 0 28599
0 0 0.0018518 0.192732 0.423549 0.0799753 0.00475986 0.00182929 0.0279427 0.203394 0 0 0 0 0 0 0 0 0 0 0 28650
