0 0  0 0 0 0 0 0 0 0 0 0 1263
0 0  0 0 0 0 0 0 0 0 0 0 1313
0 0  0 0 0 0 0 0 0 0 0 0 1365
0 0  0 0 0 0 0 0 0 0 0 0 1415
0 0  0 0 0 0 0 0 0 0 0 0 1466
0 0  0 0 0 0 0 0 0 0 0 0 1517
0 0  0 0 0 0 0 0 0 0 0 0 1568
0 0  0 0 0 0 0 0 0 0 0 0 1621
0 0  0 0 0 0 0 0 0 0 0 0 1673
0 0  0 0 0 0 0 0 0 0 0 0 1725
0 0  0 0 0 0 0 0 0 0 0 0 1776
0 0  0 0 0 0 0 0 0 0 0 0 1828
0 0  0 0 0 0 0 0 0 0 0 0 1880
0 0  0 0 0 0 0 0 0 0 0 0 1932
0 0  0 0 0 0 0 0 0 0 0 0 1984
0 0  0 0 0 0 0 0 0 0 0 0 2036
0 0  0 0 0 0 0 0 0 0 0 0 2088
0 0  0 0 0 0 0 0 0 0 0 0 2142
0 0  0 0 0 0 0 0 0 0 0 0 2194
0 0  0 0 0 0 0 0 0 0 0 0 2244
0 0  0 0 0 0 0 0 0 0 0 0 2298
0 0  0 0 0 0 0 0 0 0 0 0 2350
0 0  0 0 0 0 0 0 0 0 0 0 2400
0 0  0 0 0 0 0 0 0 0 0 0 2450
0 0  0 0 0 0 0 0 0 0 0 0 2505
0 0  0 0 0 0 0 0 0 0 0 0 2555
0 0  0 0 0 0 0 0 0 0 0 0 2608
0 0  0 0 0 0 0 0 0 0 0 0 2660
0 0  0 0 0 0 0 0 0 0 0 0 2711
0 0  0 0 0 0 0 0 0 0 0 0 2763
0 0  0 0 0 0 0 0 0 0 0 0 2815
0 0  0 0 0 0 0 0 0 0 0 0 2865
0 0  0 0 0 0 0 0 0 0 0 0 2916
0 0  0 0 0 0 0 0 0 0 0 0 2967
0 0  0 0 0 0 0 0 0 0 0 0 3019
0 0  0 0 0 0 0 0 0 0 0 0 3072
0 0  0 0 0 0 0 0 0 0 0 0 3122
0 0  0 0 0 0 0 0 0 0 0 0 3173
0 0  0 0 0 0 0 0 0 0 0 0 3226
0 0  0 0 0 0 0 0 0 0 0 0 3279
0 0  0 0 0 0 0 0 0 0 0 0 3330
0 0  0 0 0 0 0 0 0 0 0 0 3381
0 0  0 0 0 0 0 0 0 0 0 0 3431
0 0  0 0 0 0 0 0 0 0 0 0 3483
0 0  0 0 0 0 0 0 0 0 0 0 3537
0 0 0.0020514 0.192973 0.428302 0.0807626 0.00453916 0.00183028 0.0239409 0.193504 0 0 0 0 0 0 0 0 0 0 0 3588
0 0 0.00211067 0.193241 0.43312 0.0848466 0.00454796 0.00184433 0.0235666 0.195897 0 0 0 0 0 0 0 0 0 0 0 3644
0 0 0.00209609 0.193355 0.430699 0.0835969 0.00455482 0.00182978 0.0238742 0.19413 0 0 0 0 0 0 0 0 0 0 0 3700
0 0 0.00210972 0.193727 0.429841 0.0836956 0.00456858 0.00181319 0.0241509 0.192348 0 0 0 0 0 0 0 0 0 0 0 3751
0 0 0.00210972 0.193727 0.429841 0.0836956 0.00456858 0.00181319 0.0241509 0.192348 0 0 0 0 0 0 0 0 0 0 0 3801
0 0 0.00211322 0.193813 0.429217 0.0832876 0.00456713 0.00180642 0.0242953 0.191676 0 0 0 0 0 0 0 0 0 0 0 3856
0 0 0.00211362 0.193791 0.429019 0.0831277 0.00456813 0.00180673 0.0242976 0.19168 0 0 0 0 0 0 0 0 0 0 0 3907
0 0 0.00211362 0.193791 0.429019 0.0831277 0.00456813 0.00180673 0.0242976 0.19168 0 0 0 0 0 0 0 0 0 0 0 3960
0 0 0.0021623 0.194068 0.42907 0.0834052 0.00458044 0.00179645 0.0244509 0.190617 0 0 0 0 0 0 0 0 0 0 0 4012
0 0 0.002175 0.194425 0.42894 0.0841435 0.00459938 0.00178587 0.0246161 0.189583 0 0 0 0 0 0 0 0 0 0 0 4062
0 0 0.002175 0.194425 0.42894 0.0841435 0.00459938 0.00178587 0.0246161 0.189583 0 0 0 0 0 0 0 0 0 0 0 4113
0 0 0.00209227 0.193948 0.427721 0.0825462 0.00458344 0.001797 0.0245389 0.190561 0 0 0 0 0 0 0 0 0 0 0 4164
0 0 0.00203279 0.193461 0.427039 0.0812249 0.00456784 0.00180988 0.0244061 0.191675 0 0 0 0 0 0 0 0 0 0 0 4220
0 0 0.00201411 0.193366 0.426796 0.0808711 0.00456541 0.00181196 0.0244146 0.191907 0 0 0 0 0 0 0 0 0 0 0 4271
0 0 0.00200493 0.19336 0.426507 0.0806552 0.00456613 0.00181116 0.0244231 0.191745 0 0 0 0 0 0 0 0 0 0 0 4322
0 0 0.00199813 0.193319 0.42628 0.0807966 0.00456617 0.00181215 0.0244114 0.191901 0 0 0 0 0 0 0 0 0 0 0 4374
0 0 0.00199185 0.193249 0.426133 0.0807415 0.00456513 0.00181385 0.0244234 0.192113 0 0 0 0 0 0 0 0 0 0 0 4424
0 0 0.00199185 0.193249 0.426133 0.0807415 0.00456513 0.00181385 0.0244234 0.192113 0 0 0 0 0 0 0 0 0 0 0 4476
0 0 0.00198391 0.193107 0.426056 0.0802122 0.00455944 0.00181768 0.0244169 0.192535 0 0 0 0 0 0 0 0 0 0 0 4527
0 0 0.00198067 0.193084 0.425922 0.0798153 0.00455704 0.0018175 0.0244702 0.192553 0 0 0 0 0 0 0 0 0 0 0 4578
0 0 0.00198697 0.193119 0.42592 0.0798544 0.00455201 0.00181639 0.0243856 0.192216 0 0 0 0 0 0 0 0 0 0 0 4630
0 0 0.00198244 0.19303 0.425835 0.0796873 0.00454798 0.00181909 0.0243552 0.192514 0 0 0 0 0 0 0 0 0 0 0 4684
0 0 0.00198186 0.193007 0.425935 0.0796951 0.00454937 0.00182037 0.0243295 0.19261 0 0 0 0 0 0 0 0 0 0 0 4738
0 0 0.00198885 0.193084 0.426109 0.0799611 0.00455248 0.00181856 0.0243074 0.192382 0 0 0 0 0 0 0 0 0 0 0 4792
0 0 0.00198498 0.193041 0.42626 0.0800353 0.00455403 0.00182041 0.0243133 0.192653 0 0 0 0 0 0 0 0 0 0 0 4847
0 0 0.0019836 0.192989 0.426325 0.0800958 0.00455317 0.00182225 0.024279 0.19282 0 0 0 0 0 0 0 0 0 0 0 4899
0 0 0.00199004 0.192958 0.426748 0.0801491 0.00454922 0.00182507 0.0241378 0.192973 0 0 0 0 0 0 0 0 0 0 0 4951
0 0 0.00199004 0.192958 0.426748 0.0801491 0.00454922 0.00182507 0.0241378 0.192973 0 0 0 0 0 0 0 0 0 0 0 5002
0 0 0.001994 0.192894 0.427332 0.0805088 0.00454532 0.0018298 0.0240207 0.193483 0 0 0 0 0 0 0 0 0 0 0 5055
0 0 0.00200286 0.192851 0.428386 0.081279 0.00454245 0.00183566 0.023915 0.194303 0 0 0 0 0 0 0 0 0 0 0 5106
0 0 0.00200653 0.192913 0.428594 0.0814686 0.00454388 0.001834 0.0239364 0.194166 0 0 0 0 0 0 0 0 0 0 0 5159
0 0 0.00200886 0.193052 0.428108 0.0813246 0.00454573 0.00182728 0.0240746 0.193528 0 0 0 0 0 0 0 0 0 0 0 5214
0 0 0.00199802 0.192983 0.427105 0.080498 0.00454086 0.00182555 0.0241362 0.193178 0 0 0 0 0 0 0 0 0 0 0 5266
0 0 0.00199075 0.192941 0.426582 0.0800275 0.00453835 0.00182459 0.0241799 0.193022 0 0 0 0 0 0 0 0 0 0 0 5317
0 0 0.00199122 0.19293 0.426735 0.0800732 0.00453741 0.00182538 0.0241615 0.193112 0 0 0 0 0 0 0 0 0 0 0 5369
0 0 0.00199217 0.192919 0.426754 0.0800123 0.00453549 0.0018255 0.0241393 0.193085 0 0 0 0 0 0 0 0 0 0 0 5421
0 0 0.00199263 0.192949 0.426549 0.0798957 0.00454027 0.00182331 0.0241587 0.192771 0 0 0 0 0 0 0 0 0 0 0 5475
0 0 0.00199246 0.192909 0.426688 0.0798654 0.0045397 0.00182481 0.0241147 0.192826 0 0 0 0 0 0 0 0 0 0 0 5527
0 0 0.00198939 0.192852 0.42687 0.0797688 0.00453796 0.00182671 0.0240567 0.192939 0 0 0 0 0 0 0 0 0 0 0 5582
0 0 0.00198731 0.192811 0.426629 0.0795667 0.00453668 0.00182727 0.0240622 0.192955 0 0 0 0 0 0 0 0 0 0 0 5637
0 0 0.00198822 0.192793 0.42659 0.079533 0.00453461 0.00182731 0.0240734 0.192942 0 0 0 0 0 0 0 0 0 0 0 5689
0 0 0.00198822 0.192793 0.42659 0.079533 0.00453461 0.00182731 0.0240734 0.192942 0 0 0 0 0 0 0 0 0 0 0 5740
0 0 0.00198897 0.19276 0.426617 0.0795398 0.00453103 0.00182835 0.0240602 0.193066 0 0 0 0 0 0 0 0 0 0 0 5793
0 0 0.00199692 0.192752 0.426925 0.0797665 0.00452788 0.00182867 0.0240665 0.193197 0 0 0 0 0 0 0 0 0 0 0 5847
0 0 0.00200604 0.192742 0.427048 0.0800503 0.0045246 0.00182863 0.0240687 0.193192 0 0 0 0 0 0 0 0 0 0 0 5899
0 0 0.00201033 0.192734 0.427338 0.0802876 0.00452403 0.00182923 0.0240533 0.193224 0 0 0 0 0 0 0 0 0 0 0 5952
0 0 0.00201021 0.192734 0.427456 0.0802171 0.00452316 0.00182959 0.0240424 0.193277 0 0 0 0 0 0 0 0 0 0 0 6005
0 0 0.0020295 0.192734 0.427321 0.0801615 0.00452472 0.00182932 0.0240555 0.19323 0 0 0 0 0 0 0 0 0 0 0 6058
0 0 0.00205316 0.19274 0.427951 0.0804124 0.00452707 0.00183038 0.0240331 0.193366 0 0 0 0 0 0 0 0 0 0 0 6113
0 0 0.00202808 0.192719 0.429059 0.0804998 0.0045294 0.00183541 0.0239043 0.193992 0 0 0 0 0 0 0 0 0 0 0 6164
0 0 0.00202648 0.192707 0.431108 0.0816257 0.00453239 0.00184374 0.0236991 0.19511 0 0 0 0 0 0 0 0 0 0 0 6216
0 0 0.00208415 0.192703 0.438819 0.0875052 0.00453444 0.00187649 0.022941 0.199831 0 0 0 0 0 0 0 0 0 0 0 6268
0 0 0.0020801 0.192705 0.439115 0.0869938 0.00453293 0.00187358 0.022993 0.199412 0 0 0 0 0 0 0 0 0 0 0 6322
0 0 0.00206516 0.1927 0.438214 0.0854115 0.00453093 0.00186499 0.0231908 0.198208 0 0 0 0 0 0 0 0 0 0 0 6373
0 0 0.00205365 0.192697 0.436738 0.084159 0.00452865 0.00185803 0.0233602 0.197258 0 0 0 0 0 0 0 0 0 0 0 6426
0 0 0.00205365 0.192697 0.436738 0.084159 0.00452865 0.00185803 0.0233602 0.197258 0 0 0 0 0 0 0 0 0 0 0 6478
0 0 0.00205306 0.192702 0.435476 0.0830428 0.00452555 0.0018515 0.0235083 0.196394 0 0 0 0 0 0 0 0 0 0 0 6529
0 0 0.00206322 0.192707 0.436501 0.0836607 0.0045215 0.00185472 0.0234206 0.196962 0 0 0 0 0 0 0 0 0 0 0 6580
0 0 0.00205671 0.192713 0.434311 0.0835413 0.00451941 0.00184716 0.0235808 0.195908 0 0 0 0 0 0 0 0 0 0 0 6633
0 0 0.00210352 0.192755 0.436374 0.0852315 0.00452223 0.00184302 0.0236755 0.195349 0 0 0 0 0 0 0 0 0 0 0 6686
0 0 0.00232602 0.192859 0.437637 0.0869614 0.00452924 0.00183503 0.0238314 0.194294 0 0 0 0 0 0 0 0 0 0 0 6740
0 0 0.00282904 0.192939 0.440917 0.0911904 0.00453303 0.00182605 0.0240191 0.193107 0 0 0 0 0 0 0 0 0 0 0 6793
0 0 0.00246053 0.192857 0.437046 0.0873315 0.00453462 0.00183037 0.0239504 0.193496 0 0 0 0 0 0 0 0 0 0 0 6846
0 0 0.00227124 0.192908 0.434253 0.0845854 0.00453575 0.00183054 0.0239302 0.193624 0 0 0 0 0 0 0 0 0 0 0 6898
0 0 0.00219716 0.193039 0.432232 0.0831064 0.0045369 0.00182487 0.0240406 0.193137 0 0 0 0 0 0 0 0 0 0 0 6953
0 0 0.00212831 0.193097 0.431106 0.082128 0.00453477 0.00182277 0.0240941 0.193098 0 0 0 0 0 0 0 0 0 0 0 7007
0 0 0.00209611 0.193118 0.430357 0.0814987 0.00453152 0.00182147 0.0241426 0.193123 0 0 0 0 0 0 0 0 0 0 0 7058
0 0 0.00204832 0.19311 0.429828 0.081231 0.00453223 0.00182065 0.0242374 0.193213 0 0 0 0 0 0 0 0 0 0 0 7113
0 0 0.00204832 0.19311 0.429828 0.081231 0.00453223 0.00182065 0.0242374 0.193213 0 0 0 0 0 0 0 0 0 0 0 7164
0 0 0.00203389 0.193141 0.429823 0.0817158 0.00452773 0.00181734 0.0243096 0.192933 0 0 0 0 0 0 0 0 0 0 0 7217
0 0 0.00201308 0.193085 0.429498 0.0817123 0.00452315 0.00181806 0.0242958 0.192926 0 0 0 0 0 0 0 0 0 0 0 7267
0 0 0.00199814 0.192973 0.429478 0.0818536 0.00451597 0.00182134 0.0242757 0.193281 0 0 0 0 0 0 0 0 0 0 0 7319
0 0 0.00200128 0.192945 0.428888 0.0813893 0.00451892 0.00182215 0.0242388 0.193116 0 0 0 0 0 0 0 0 0 0 0 7374
0 0 0.00200903 0.19297 0.428742 0.0810449 0.00452308 0.00182228 0.0242206 0.193083 0 0 0 0 0 0 0 0 0 0 0 7426
0 0 0.00201141 0.192942 0.428102 0.0805733 0.00452169 0.00182326 0.0241707 0.193043 0 0 0 0 0 0 0 0 0 0 0 7483
0 0 0.00203836 0.192953 0.428381 0.0807388 0.00452126 0.00182287 0.0241637 0.192943 0 0 0 0 0 0 0 0 0 0 0 7536
0 0 0.00205172 0.192963 0.428055 0.0806014 0.00450889 0.00182194 0.0241968 0.193042 0 0 0 0 0 0 0 0 0 0 0 7590
0 0 0.00212571 0.193024 0.427866 0.080799 0.00448806 0.00181986 0.0242792 0.193226 0 0 0 0 0 0 0 0 0 0 0 7645
0 0 0.00215846 0.192955 0.427992 0.0814435 0.00445368 0.00182329 0.0243115 0.19412 0 0 0 0 0 0 0 0 0 0 0 7696
0 0 0.00222931 0.19288 0.428356 0.0825771 0.00441914 0.00182722 0.0243693 0.194989 0 0 0 0 0 0 0 0 0 0 0 7748
0 0 0.00236285 0.192918 0.430782 0.0839109 0.00441453 0.00183431 0.0243148 0.195829 0 0 0 0 0 0 0 0 0 0 0 7802
0 0 0.00253951 0.193122 0.430709 0.0885537 0.00438123 0.0018282 0.0246237 0.195681 0 0 0 0 0 0 0 0 0 0 0 7855
0 0 0.00274455 0.193408 0.42972 0.0984678 0.00437773 0.00181441 0.0251099 0.193805 0 0 0 0 0 0 0 0 0 0 0 7908
0 0 0.00336164 0.193761 0.431053 0.103097 0.00441708 0.00180701 0.0251683 0.192763 0 0 0 0 0 0 0 0 0 0 0 7960
0 0 0.00336164 0.193761 0.431053 0.103097 0.00441708 0.00180701 0.0251683 0.192763 0 0 0 0 0 0 0 0 0 0 0 8013
0 0 0.00296116 0.194233 0.43152 0.117029 0.00445161 0.0017905 0.025462 0.190703 0 0 0 0 0 0 0 0 0 0 0 8066
0 0 0.00294365 0.194449 0.432654 0.109286 0.00443948 0.00178524 0.0257333 0.190263 0 0 0 0 0 0 0 0 0 0 0 8119
0 0 0.00311781 0.194769 0.434704 0.120399 0.00441266 0.00177415 0.0262727 0.189344 0 0 0 0 0 0 0 0 0 0 0 8170
0 0 0.00344624 0.195385 0.43639 0.167264 0.00431617 0.00175066 0.02781 0.18699 0 0 0 0 0 0 0 0 0 0 0 8222
0 0 0.00341547 0.19625 0.440643 0.203444 0.00408313 0.00172093 0.0309881 0.184356 0 0 0 0 0 0 0 0 0 0 0 8276
0 0 0.0038844 0.196306 0.447599 0.217932 0.00395312 0.00171783 0.0321417 0.18502 0 0 0 0 0 0 0 0 0 0 0 8330
0 0 0.00402662 0.196217 0.458819 0.25367 0.00389825 0.00171917 0.032156 0.186387 0 0 0 0 0 0 0 0 0 0 0 8382
0 0 0.00517541 0.195326 0.474015 0.166526 0.00389989 0.00174714 0.030783 0.190018 0 0 0 0 0 0 0 0 0 0 0 8433
0 0 0.00542639 0.195492 0.503155 0.163137 0.00397148 0.00174171 0.0296233 0.190709 0 0 0 0 0 0 0 0 0 0 0 8486
0 0 0.00556246 0.194586 0.491464 0.146747 0.00404319 0.00177169 0.0278442 0.193964 0 0 0 0 0 0 0 0 0 0 0 8539
0 0 0.00556246 0.194586 0.491464 0.146747 0.00404319 0.00177169 0.0278442 0.193964 0 0 0 0 0 0 0 0 0 0 0 8591
0 0 0.00460422 0.194227 0.487888 0.141941 0.00418919 0.0017849 0.0264734 0.193991 0 0 0 0 0 0 0 0 0 0 0 8644
0 0 0.00361317 0.193717 0.490132 0.144758 0.00431876 0.00180233 0.0251793 0.194339 0 0 0 0 0 0 0 0 0 0 0 8699
0 0 0.00311 0.193529 0.481359 0.13354 0.00435957 0.00180953 0.0246914 0.194642 0 0 0 0 0 0 0 0 0 0 0 8751
0 0 0.00294549 0.193446 0.476511 0.126713 0.00438713 0.00181513 0.0245903 0.195072 0 0 0 0 0 0 0 0 0 0 0 8802
0 0 0.00294549 0.193446 0.476511 0.126713 0.00438713 0.00181513 0.0245903 0.195072 0 0 0 0 0 0 0 0 0 0 0 8853
0 0 0.00271447 0.193315 0.471421 0.118471 0.00433149 0.00182713 0.0243829 0.198083 0 0 0 0 0 0 0 0 0 0 0 8907
0 0 0.00232038 0.192982 0.477584 0.124665 0.00426383 0.00183986 0.0241356 0.20154 0 0 0 0 0 0 0 0 0 0 0 8957
0 0 0.00232038 0.192982 0.477584 0.124665 0.00426383 0.00183986 0.0241356 0.20154 0 0 0 0 0 0 0 0 0 0 0 9009
0 0 0.00226238 0.192907 0.480659 0.127587 0.00421658 0.00184452 0.023936 0.203572 0 0 0 0 0 0 0 0 0 0 0 9060
0 0 0.00234128 0.192906 0.495591 0.144454 0.00418176 0.00184881 0.0237429 0.205327 0 0 0 0 0 0 0 0 0 0 0 9111
0 0 0.00224399 0.192934 0.510301 0.157418 0.00423597 0.00186465 0.0230511 0.206498 0 0 0 0 0 0 0 0 0 0 0 9164
0 0 0.00231999 0.1929 0.565295 0.194482 0.00421303 0.00196543 0.0207401 0.222793 0 0 0 0 0 0 0 0 0 0 0 9217
0 0 0.00276775 0.192829 0.63138 0.191345 0.00425973 0.00218406 0.0171505 0.255711 0 0 0 0 0 0 0 0 0 0 0 9272
0 0 0.00276775 0.192829 0.63138 0.191345 0.00425973 0.00218406 0.0171505 0.255711 0 0 0 0 0 0 0 0 0 0 0 9325
0 0 0.00564887 0.193087 0.815567 0.737299 0.00443276 0.00320235 0.00844121 0.42382 0 0 0 0 0 0 0 0 0 0 0 9377
0 0 0.00564887 0.193087 0.815567 0.737299 0.00443276 0.00320235 0.00844121 0.42382 0 0 0 0 0 0 0 0 0 0 0 9430
0 0 0.0179903 0.193372 1.48134 8.1065 0.00447648 0.00597015 0.00266401 0.99145 0 0 0 0 0 0 0 0 0 0 0 9485
0 0 0.0237925 0.19332 1.72292 13.8628 0.00451097 0.00696451 0.0019775 1.21773 0 0 0 0 0 0 0 0 0 0 0 9536
0 0 0.0237925 0.19332 1.72292 13.8628 0.00451097 0.00696451 0.0019775 1.21773 0 0 0 0 0 0 0 0 0 0 0 9589
0 0 0.0442806 0.194102 2.46341 37.5398 0.00456293 0.00953075 0.00112178 1.8744 0 0 0 0 0 0 0 0 0 0 0 9644
0 0 0.0442806 0.194102 2.46341 37.5398 0.00456293 0.00953075 0.00112178 1.8744 0 0 0 0 0 0 0 0 0 0 0 9695
0 0 0.0442806 0.194102 2.46341 37.5398 0.00456293 0.00953075 0.00112178 1.8744 0 0 0 0 0 0 0 0 0 0 0 9751
0 0 0.0343853 0.195468 1.99363 25.0198 0.00466508 0.00795191 0.00150455 1.48209 0 0 0 0 0 0 0 0 0 0 0 9800
0 0 0.0154643 0.1952 1.28664 5.71227 0.00471574 0.00518664 0.00294001 0.824922 0 0 0 0 0 0 0 0 0 0 0 9855
0 0 0.0154643 0.1952 1.28664 5.71227 0.00471574 0.00518664 0.00294001 0.824922 0 0 0 0 0 0 0 0 0 0 0 9908
0 0 0.00867945 0.19458 0.944541 3.67162 0.00490297 0.00384625 0.00245291 0.543923 -4.05715 0 0 0 0 0 0 0 0 0 0 9961
0 0 0.00439126 0.194156 0.654768 4.87751 0.00534262 0.00267356 0.00448112 0.32884 -5.50111 0 0 0 0 0 0 0 0 0 0 10014
0 0 0.00248222 0.194133 0.474414 27.1735 0.00613241 0.00195754 0.00498032 0.214534 -15.0929 0 0 0 0 0 0 0 0 0 0 10067
0 0 0.0023028 0.194708 0.453759 18.2483 0.00649553 0.00185156 0.00618514 0.200202 -12.6388 0 0 0 0 0 0 0 0 0 0 10119
0 0 0.00215648 0.194154 0.440358 5.47025 0.00664345 0.00182073 0.00875089 0.19589 -6.28786 0 0 0 0 0 0 0 0 0 0 10171
0 0 0.002136 0.193369 0.442016 0.256844 0.00641344 0.001853 0.0177217 0.198086 0 0 0 0 0 0 0 0 0 0 0 10223
0 0 0.00231911 0.192374 0.461676 0.135606 0.00701529 0.00197045 0.0205405 0.211547 0 0 0 0 0 0 0 0 0 0 0 10274
0 0 0.00231911 0.192374 0.461676 0.135606 0.00701529 0.00197045 0.0205405 0.211547 0 0 0 0 0 0 0 0 0 0 0 10324
0 0 0.00316387 0.190315 0.544119 0.21694 0.00774517 0.00240632 0.0151151 0.269381 0 0 0 0 0 0 0 0 0 0 0 10375
0 0 0.00510959 0.18413 0.708362 0.644507 0.00724523 0.00344057 0.00874072 0.39771 0 0 0 0 0 0 0 0 0 0 0 10431
0 0 0.0129757 0.17696 1.17162 4.89648 0.00806109 0.00639578 0.00319339 0.820108 0 0 0 0 0 0 0 0 0 0 0 10483
0 0 0.0148695 0.159477 1.20959 7.675 0.00925595 0.00907165 0.00232852 0.968311 0 0 0 0 0 0 0 0 0 0 0 10536
0 0 0.0272105 0.134646 1.60324 29.5305 0.0103597 0.0198151 0.000940853 1.69641 0 0 0 0 0 0 0 0 0 0 0 10592
0 0 0.0228339 0.107805 1.39211 30.9929 0.0125396 0.0328793 0.000747844 1.73495 1.98079 0 0 0 0 0 0 0 0 0 0 10644
0 0 0.0228339 0.107805 1.39211 30.9929 0.0125396 0.0328793 0.000747844 1.73495 1.98079 0 0 0 0 0 0 0 0 0 0 10701
0 0 0.0224014 0.0830593 1.24125 40.9586 0.0120079 0.0647502 0.000483516 2.01834 5.68613 0 0 0 0 0 0 0 0 0 0 10756
0 0 0.00843332 0.0305197 0.53735 36.9884 0.00537728 0.549222 0.000213663 1.91409 19.9195 0 0 0 0 0 0 0 0 0 0 10812
0 0 0 0 0 0 0 0 0 0 0 0 0 0 0 0 0 0 0 0 0 10864
0 0 0 0 0 0 0 0 0 0 0 0 0 0 0 0 0 0 0 0 0 10917
0 0 0 0 0 0 0 0 0 0 0 0 0 0 0 0 0 0 0 0 0 10967
0 0 0.0174335 0.0597424 0.923269 45.294 0.00448023 0.141274 0.000324488 2.24117 10.3541 0 0 0 0 0 0 0 0 0 0 11021
0 0 0.0174335 0.0597424 0.923269 45.294 0.00448023 0.141274 0.000324488 2.24117 10.3541 0 0 0 0 0 0 0 0 0 0 11074
0 0 0.010446 0.0419495 0.623667 35.2461 0.00353595 0.27342 0.000194953 1.95171 7.73784 0 0 0 0 0 0 0 0 0 0 11127
0 0 0.00570754 0.0281845 0.38965 24.1315 0.00236707 0.560206 0.000240402 1.61801 19.1634 0 0 0 0 0 0 0 0 0 0 11181
0 0 0.00270853 0.0205967 0.235475 10.5048 0.00132534 0.849833 0.000310356 1.16359 24.9212 0 0 0 0 0 0 0 0 0 0 11231
0 0 0.00527073 0.0755898 0.53448 3.89376 0.00306185 0.0382738 0.00162972 0.786149 6.60574 0 0 0 0 0 0 0 0 0 0 11282
0 0 0.00300716 0.132376 0.477023 0.406007 0.00405231 0.00630372 0.00787567 0.34751 0 0 0 0 0 0 0 0 0 0 0 11334
0 0 0.00185772 0.138899 0.366696 0.148235 0.00391209 0.00421594 0.0141858 0.229242 0 0 0 0 0 0 0 0 0 0 0 11388
0 0 0.00185772 0.138899 0.366696 0.148235 0.00391209 0.00421594 0.0141858 0.229242 0 0 0 0 0 0 0 0 0 0 0 11438
0 0 0.00222563 0.16404 0.388302 0.108104 0.00416221 0.00272032 0.0189944 0.20551 0 0 0 0 0 0 0 0 0 0 0 11492
0 0 0.00222563 0.16404 0.388302 0.108104 0.00416221 0.00272032 0.0189944 0.20551 0 0 0 0 0 0 0 0 0 0 0 11545
0 0 0.00245316 0.179819 0.424472 0.0982945 0.00436545 0.00225873 0.0202786 0.209019 0 0 0 0 0 0 0 0 0 0 0 11598
0 0 0.00264263 0.189837 0.478726 0.130055 0.00449975 0.00214693 0.0187386 0.229254 0 0 0 0 0 0 0 0 0 0 0 11653
0 0 0.002993 0.191077 0.524383 0.185083 0.00451218 0.00231029 0.0160525 0.258981 0 0 0 0 0 0 0 0 0 0 0 11706
0 0 0.002993 0.191077 0.524383 0.185083 0.00451218 0.00231029 0.0160525 0.258981 0 0 0 0 0 0 0 0 0 0 0 11759
0 0 0.00370864 0.191406 0.59773 0.30513 0.00451059 0.00261222 0.0127261 0.308459 0 0 0 0 0 0 0 0 0 0 0 11812
0 0 0.00370864 0.191406 0.59773 0.30513 0.00451059 0.00261222 0.0127261 0.308459 0 0 0 0 0 0 0 0 0 0 0 11864
0 0 0.00576218 0.192555 0.756867 0.768807 0.00454495 0.00325788 0.00836673 0.422502 0 0 0 0 0 0 0 0 0 0 0 11921
0 0 0.00576218 0.192555 0.756867 0.768807 0.00454495 0.00325788 0.00836673 0.422502 0 0 0 0 0 0 0 0 0 0 0 11971
0 0 0.00573131 0.192227 0.774154 0.764381 0.00454165 0.00323814 0.00734519 0.415774 0 0 0 0 0 0 0 0 0 0 0 12024
0 0 0.00491645 0.192222 0.687671 0.549984 0.00454518 0.00298907 0.00907667 0.373064 0 0 0 0 0 0 0 0 0 0 0 12075
0 0 0.0053063 0.191837 0.717197 0.649043 0.00455086 0.00312861 0.00910057 0.394351 0 0 0 0 0 0 0 0 0 0 0 12212
0 0 0.00535924 0.192091 0.723327 0.662157 0.00455527 0.00313199 0.00906964 0.396631 0 0 0 0 0 0 0 0 0 0 0 12264
0 0 0.00535924 0.192091 0.723327 0.662157 0.00455527 0.00313199 0.00906964 0.396631 0 0 0 0 0 0 0 0 0 0 0 12314
0 0 0.00414262 0.191158 0.621981 0.385308 0.00453602 0.00273346 0.0117598 0.325002 0 0 0 0 0 0 0 0 0 0 0 12364
0 0 0.00369658 0.191404 0.593465 2.26234 0.00449663 0.00259439 0.012706 0.309882 0 0 0 0 0 0 0 0 0 0 0 12415
0 0 0.00318484 0.191885 0.555292 7.10232 0.00445714 0.0023991 0.0142853 0.286866 0 0 0 0 0 0 0 0 0 0 0 12466
0 0 0.00259905 0.193324 0.500237 18.7422 0.00445822 0.00213898 0.0174378 0.248091 0 0 0 0 0 0 0 0 0 0 0 12518
0 0 0.00212373 0.194927 0.446412 23.8358 0.00449669 0.00190806 0.0217671 0.209625 0 0 0 0 0 0 0 0 0 0 0 12569
0 0 0.00212373 0.194927 0.446412 23.8358 0.00449669 0.00190806 0.0217671 0.209625 0 0 0 0 0 0 0 0 0 0 0 12622
0 0 0.00199887 0.195446 0.431181 32.4171 0.00454594 0.00185287 0.0236259 0.198825 0 0 0 0 0 0 0 0 0 0 0 12674
0 0 0.00200978 0.19407 0.430427 37.2939 0.00455676 0.00184953 0.0237675 0.196702 0 0 0 0 0 0 0 0 0 0 0 12724
0 0 0.00201055 0.193988 0.429729 38.5775 0.00455608 0.00184681 0.0238154 0.195892 0 0 0 0 0 0 0 0 0 0 0 12775
0 0 0.00201445 0.193909 0.429836 37.8901 0.00455868 0.00184658 0.0238613 0.195862 0 0 0 0 0 0 0 0 0 0 0 12828
0 0 0.002017 0.193993 0.429259 39.9979 0.00456121 0.00184489 0.0240898 0.195861 0 0 0 0 0 0 0 0 0 0 0 12880
0 0 0.00204292 0.194208 0.428131 43.5604 0.00455989 0.00183708 0.0242034 0.194762 0 0 0 0 0 0 0 0 0 0 0 12929
0 0 0.00210818 0.194973 0.428671 40.3983 0.00456 0.00183693 0.0242284 0.194798 0 0 0 0 0 0 0 0 0 0 0 12981
0 0 0.00223891 0.194953 0.428986 39.6319 0.00456195 0.00183679 0.0242698 0.19496 0 0 0 0 0 0 0 0 0 0 0 13031
0 0 0.00223891 0.194953 0.428986 39.6319 0.00456195 0.00183679 0.0242698 0.19496 0 0 0 0 0 0 0 0 0 0 0 13083
0 0 0.00245414 0.193591 0.428972 35.2851 0.00455858 0.00183839 0.0241324 0.195054 0 0 0 0 0 0 0 0 0 0 0 13137
0 0 0.00268288 0.193137 0.428381 39.0335 0.00455401 0.00183481 0.0240905 0.194562 0 0 0 0 0 0 0 0 0 0 0 13191
0 0 0.00268288 0.193137 0.428381 39.0335 0.00455401 0.00183481 0.0240905 0.194562 0 0 0 0 0 0 0 0 0 0 0 13241
0 0 0.00312546 0.193119 0.42971 39.5933 0.00455533 0.00183866 0.0240171 0.195249 0 0 0 0 0 0 0 0 0 0 0 13291
0 0 0.0039423 0.19328 0.431862 37.5144 0.00455593 0.00184043 0.0240242 0.195808 0 0 0 0 0 0 0 0 0 0 0 13347
0 0 0.00439121 0.193239 0.434378 35.0626 0.00454789 0.00184759 0.0238472 0.196896 0 0 0 0 0 0 0 0 0 0 0 13402
0 0 0.00523134 0.19326 0.446244 35.2232 0.00454675 0.00188894 0.0228392 0.203087 0 0 0 0 0 0 0 0 0 0 0 13453
0 0 0.00395046 0.193389 0.480312 33.0932 0.00454362 0.00197753 0.0208677 0.216496 0 0 0 0 0 0 0 0 0 0 0 13508
0 0 0.00350621 0.193548 0.550032 29.6629 0.00452797 0.00216455 0.0175552 0.245185 0 0 0 0 0 0 0 0 0 0 0 13562
0 0 0.00424719 0.193974 0.634548 23.5006 0.00452757 0.00258272 0.0126233 0.313153 0 0 0 0 0 0 0 0 0 0 0 13615
0 0 0.00788595 0.193705 0.900682 22.8191 0.00446695 0.00375677 0.00636572 0.524775 0 0 0 0 0 0 0 0 0 0 0 13670
0 0 0.00788595 0.193705 0.900682 22.8191 0.00446695 0.00375677 0.00636572 0.524775 0 0 0 0 0 0 0 0 0 0 0 13723
0 0 0.0114415 0.194162 1.08398 18.7517 0.00405078 0.00454692 0.00443784 0.729981 0 0 0 0 0 0 0 0 0 0 0 13777
0 0 0.0114415 0.194162 1.08398 18.7517 0.00405078 0.00454692 0.00443784 0.729981 0 0 0 0 0 0 0 0 0 0 0 13831
0 0 0.0110057 0.194945 1.05147 17.3902 0.00376454 0.00434965 0.00475762 0.726318 0 0 0 0 0 0 0 0 0 0 0 13882
0 0 0.00897712 0.196026 0.928967 14.2603 0.0036716 0.0037687 0.00609066 0.616466 0 0 0 0 0 0 0 0 0 0 0 13935
0 0 0.00550924 0.197109 0.706268 11.4476 0.00342724 0.00279268 0.010411 0.43419 0 0 0 0 0 0 0 0 0 0 0 13990
0 0 0.003583 0.19748 0.558875 8.44252 0.00277831 0.00219409 0.0163486 0.358364 0 0 0 0 0 0 0 0 0 0 0 14045
0 0 0.00312412 0.19865 0.525331 6.34146 0.00242926 0.00200539 0.0206582 0.359177 0 0 0 0 0 0 0 0 0 0 0 14099
0 0 0.00266403 0.20119 0.514481 8.53647 0.00227726 0.00188345 0.0301875 0.404223 0 0 0 0 0 0 0 0 0 0 0 14151
0 0 0.00245061 0.202267 0.49362 7.67161 0.00235525 0.00178652 0.0356583 0.387689 0 0 0 0 0 0 0 0 0 0 0 14201
0 0 0.0027327 0.19957 0.514269 7.48309 0.00216376 0.00195563 0.0274271 0.420703 0 0 0 0 0 0 0 0 0 0 0 14253
0 0 0.00295532 0.196671 0.537402 6.66568 0.00198691 0.00215504 0.0217072 0.467258 0 0 0 0 0 0 0 0 0 0 0 14303
0 0 0.00310732 0.196736 0.538308 3.37722 0.00144519 0.00215194 0.0199281 0.543863 0 0 0 0 0 0 0 0 0 0 0 14355
0 0 0.00302233 0.197483 0.524441 1.42509 0.00119539 0.00207075 0.0209728 0.581858 0 0 0 0 0 0 0 0 0 0 0 14408
0 0 0.00295089 0.197197 0.526691 0.844678 0.00113196 0.00209068 0.0213122 0.614932 0 0 0 0 0 0 0 0 0 0 0 14458
0 0 0.00295089 0.197197 0.526691 0.844678 0.00113196 0.00209068 0.0213122 0.614932 0 0 0 0 0 0 0 0 0 0 0 14509
0 0 0.00267906 0.196816 0.520152 0.745302 0.001044 0.00208492 0.0234682 0.66398 0 0 0 0 0 0 0 0 0 0 0 14563
0 0 0.00206195 0.197123 0.488239 0.555958 0.00115565 0.00195344 0.0330787 0.634071 0 0 0 0 0 0 0 0 0 0 0 14619
0 0 0.00139081 0.198019 0.462648 0.756845 0.00115008 0.00183874 0.0599388 0.731616 0 0 0 0 0 0 0 0 0 0 0 14669
0 0 0.00131165 0.201821 0.457804 0.474834 0.00114663 0.00172231 0.0787711 0.762938 0 0 0 0 0 0 0 0 0 0 0 14722
0 0 0.00106704 0.203329 0.458989 0.294213 0.00151531 0.00170302 0.124512 0.789885 0 0 0 0 0 0 0 0 0 0 0 14775
0 0 0.000834346 0.205751 0.45277 0.273093 0.00206029 0.00161788 0.239788 0.826437 0 0 0 0 0 0 0 0 0 0 0 14826
0 0 0.000768011 0.207441 0.455184 0.267792 0.00233812 0.00155173 0.335433 0.877578 -0.147369 0 0 0 0 0 0 0 0 0 0 14880
0 0 0.000768011 0.207441 0.455184 0.267792 0.00233812 0.00155173 0.335433 0.877578 -0.147369 0 0 0 0 0 0 0 0 0 0 14935
0 0 0.000903217 0.20826 0.493247 0.303343 0.00195717 0.00163577 0.229156 0.920375 0 0 0 0 0 0 0 0 0 0 0 14988
0 0 0.00235197 0.202698 0.567218 0.380907 0.00148039 0.00205408 0.0434435 0.765698 0 0 0 0 0 0 0 0 0 0 0 15039
0 0 0.00449754 0.202078 0.6579 0.537447 0.00180505 0.0023897 0.0175121 0.624608 0 0 0 0 0 0 0 0 0 0 0 15090
0 0 0.0107954 0.200732 0.997705 2.53745 0.00188279 0.00370683 0.00630346 0.986193 0 0 0 0 0 0 0 0 0 0 0 15144
0 0 0.017663 0.197937 1.33482 7.13751 0.00173583 0.00517579 0.00335925 1.54685 0 0 0 0 0 0 0 0 0 0 0 15196
0 0 0.0241301 0.196945 1.67099 13.2771 0.00135167 0.00627477 0.0023516 2.29586 0 0 0 0 0 0 0 0 0 0 0 15249
0 0 0.0227125 0.19923 1.67448 11.0636 0.00124177 0.00565507 0.00277264 2.15496 0 0 0 0 0 0 0 0 0 0 0 15301
0 0 0.02949 0.202047 2.36234 17.5681 0.000948268 0.00598199 0.00240893 2.83003 0 0 0 0 0 0 0 0 0 0 0 15352
0 0 0.02949 0.202047 2.36234 17.5681 0.000948268 0.00598199 0.00240893 2.83003 0 0 0 0 0 0 0 0 0 0 0 15403
0 0 0.0289858 0.198125 2.03393 18.1179 0.00123161 0.00663235 0.00205275 2.68838 0 0 0 0 0 0 0 0 0 0 0 15457
0 0 0.0231797 0.198013 1.55026 12.0741 0.00155002 0.00589933 0.00255164 1.99854 0 0 0 0 0 0 0 0 0 0 0 15510
0 0 0.0169538 0.197696 1.29061 6.68726 0.00161826 0.00500883 0.00342561 1.56584 0 0 0 0 0 0 0 0 0 0 0 15562
0 0 0.0158817 0.197285 1.23796 5.84506 0.00162887 0.00484081 0.00368129 1.47333 0 0 0 0 0 0 0 0 0 0 0 15614
0 0 0.00849261 0.196647 0.872787 7.09819 0.00141755 0.00345436 0.00701068 0.986706 0 0 0 0 0 0 0 0 0 0 0 15666
0 0 0.00729332 0.194139 0.806832 9.66836 0.00150654 0.00332253 0.00781542 0.865492 0 0 0 0 0 0 0 0 0 0 0 15719
0 0 0.00675092 0.190649 0.78675 19.1391 0.00197372 0.00344054 0.00772667 0.729312 0 0 0 0 0 0 0 0 0 0 0 15769
0 0 0.00675092 0.190649 0.78675 19.1391 0.00197372 0.00344054 0.00772667 0.729312 0 0 0 0 0 0 0 0 0 0 0 15821
0 0 0.00957155 0.184537 0.964746 27.2823 0.00235148 0.00467209 0.00479993 0.904785 0 0 0 0 0 0 0 0 0 0 0 15873
0 0 0.0131119 0.178783 1.15583 31.288 0.00258317 0.00617258 0.00313204 1.14127 0 0 0 0 0 0 0 0 0 0 0 15929
0 0 0.0173825 0.166685 1.31845 36.15 0.00260648 0.00875732 0.00205289 1.42933 0 0 0 0 0 0 0 0 0 0 0 15981
0 0 0.0201371 0.174305 1.44753 35.2291 0.00277916 0.0084323 0.00194222 1.5123 0 0 0 0 0 0 0 0 0 0 0 16033
0 0 0.0193065 0.18074 1.42049 33.2255 0.00270822 0.00743782 0.00222638 1.44847 0 0 0 0 0 0 0 0 0 0 0 16084
0 0 0.0176955 0.184844 1.35588 29.1084 0.0022738 0.00664707 0.00261792 1.4745 0 0 0 0 0 0 0 0 0 0 0 16135
0 0 0.0134228 0.188814 1.16623 25.2815 0.00187747 0.00534775 0.00366191 1.31759 0 0 0 0 0 0 0 0 0 0 0 16188
0 0 0.00697343 0.19343 0.813823 24.0289 0.00200942 0.00344751 0.00765788 0.754243 0 0 0 0 0 0 0 0 0 0 0 16240
0 0 0.00697343 0.19343 0.813823 24.0289 0.00200942 0.00344751 0.00765788 0.754243 0 0 0 0 0 0 0 0 0 0 0 16290
0 0 0.00403635 0.194549 0.60748 26.5178 0.00188446 0.0025217 0.0135109 0.524542 0 0 0 0 0 0 0 0 0 0 0 16343
0 0 0.00252778 0.195662 0.471632 18.4749 0.00208775 0.00192289 0.0220235 0.350029 0 0 0 0 0 0 0 0 0 0 0 16395
0 0 0.00224845 0.197904 0.434732 15.823 0.001993 0.00170727 0.0254592 0.319648 0 0 0 0 0 0 0 0 0 0 0 16448
0 0 0.00224616 0.199665 0.42883 16.3622 0.0015037 0.00162875 0.0298687 0.37033 0 0 0 0 0 0 0 0 0 0 0 16498
0 0 0.00230727 0.199273 0.428222 19.3584 0.0015822 0.00163583 0.0293279 0.353264 0 0 0 0 0 0 0 0 0 0 0 16552
0 0 0.00228447 0.199419 0.429679 28.6058 0.00162185 0.00163741 0.0298932 0.351756 0 0 0 0 0 0 0 0 0 0 0 16604
0 0 0.00223821 0.198366 0.430811 31.2489 0.00169192 0.00167341 0.0290639 0.347889 0 0 0 0 0 0 0 0 0 0 0 16660
0 0 0.00230334 0.197669 0.437903 30.1011 0.00187598 0.00172317 0.0262033 0.333493 0 0 0 0 0 0 0 0 0 0 0 16711
0 0 0.00230334 0.197669 0.437903 30.1011 0.00187598 0.00172317 0.0262033 0.333493 0 0 0 0 0 0 0 0 0 0 0 16764
0 0 0.00237584 0.196472 0.44897 28.6728 0.0018403 0.00181025 0.0215439 0.353269 0 0 0 0 0 0 0 0 0 0 0 16818
0 0 0.00262372 0.195749 0.478186 23.7825 0.00165045 0.00195375 0.0187825 0.412318 0 0 0 0 0 0 0 0 0 0 0 16871
0 0 0.00375284 0.196744 0.578476 14.8083 0.001464 0.00233366 0.0140104 0.572334 0 0 0 0 0 0 0 0 0 0 0 16924
0 0 0.00596018 0.197068 0.742799 13.0184 0.00167589 0.00299216 0.00891466 0.736829 0 0 0 0 0 0 0 0 0 0 0 16974
0 0 0.0105161 0.197008 0.794314 11.0707 0.00189876 0.00322963 0.00746815 0.760166 -5.52846 0 0 0 0 0 0 0 0 0 0 17024
0 0 0.0264355 0.195474 0.832022 17.1844 0.00256161 0.00351257 0.00535901 0.711782 -20.3843 0 0 0 0 0 0 0 0 0 0 17075
0 0 0.0293848 0.194447 0.929392 21.3955 0.00302376 0.00404459 0.00401459 0.785296 -23.6011 0 0 0 0 0 0 0 0 0 0 17126
0 0 0.0339229 0.193843 0.99205 26.8518 0.00368773 0.00437664 0.00332268 0.769624 -25.8456 0 0 0 0 0 0 0 0 0 0 17179
0 0 0.0307714 0.193723 0.948998 23.1116 0.00389891 0.0041678 0.00390973 0.698669 -23.5217 0 0 0 0 0 0 0 0 0 0 17229
0 0 0.0307714 0.193723 0.948998 23.1116 0.00389891 0.0041678 0.00390973 0.698669 -23.5217 0 0 0 0 0 0 0 0 0 0 17279
0 0 0.0145698 0.19331 1.02673 29.2401 0.00405772 0.00443259 0.00464395 0.737009 -9.64558 0 0 0 0 0 0 0 0 0 0 17332
0 0 0.0115834 0.193056 1.03148 31.112 0.00418842 0.00449358 0.00481769 0.725339 -4.9678 0 0 0 0 0 0 0 0 0 0 17385
0 0 0.00634189 0.192929 0.800601 34.0818 0.00427527 0.00346735 0.00762728 0.493057 0 0 0 0 0 0 0 0 0 0 0 17439
0 0 0.00479349 0.192825 0.683189 38.0148 0.00433906 0.00297285 0.0100267 0.39535 0 0 0 0 0 0 0 0 0 0 0 17493
0 0 0.00425769 0.192821 0.63499 38.0567 0.00444415 0.00278122 0.011244 0.354016 0 0 0 0 0 0 0 0 0 0 0 17545
0 0 0.00413252 0.192864 0.624463 32.3402 0.00446343 0.00272546 0.0116131 0.342964 0 0 0 0 0 0 0 0 0 0 0 17598
0 0 0.00378657 0.192714 0.58567 23.4032 0.00446129 0.00259041 0.0126665 0.316102 0 0 0 0 0 0 0 0 0 0 0 17652
0 0 0.00413613 0.192433 0.605627 8.9956 0.00444645 0.00272817 0.0116024 0.334705 0 0 0 0 0 0 0 0 0 0 0 17703
0 0 0.00413613 0.192433 0.605627 8.9956 0.00444645 0.00272817 0.0116024 0.334705 0 0 0 0 0 0 0 0 0 0 0 17756
0 0 0.00488141 0.191311 0.670965 3.62579 0.0043826 0.00302801 0.00985246 0.378665 0 0 0 0 0 0 0 0 0 0 0 17807
0 0 0.00564882 0.188204 0.717387 0.981591 0.00431078 0.00341269 0.00847708 0.420062 0 0 0 0 0 0 0 0 0 0 0 17859
0 0 0.00591978 0.18207 0.731359 0.786264 0.00416779 0.00381369 0.00780763 0.439655 0 0 0 0 0 0 0 0 0 0 0 17910
0 0 0.00907953 0.168877 0.884518 2.0811 0.0038493 0.00596252 0.00457368 0.622345 0 0 0 0 0 0 0 0 0 0 0 17962
0 0 0.0113599 0.140928 0.944736 4.95778 0.0031927 0.0116991 0.00250728 0.858135 0 0 0 0 0 0 0 0 0 0 0 18017
0 0 0.0114028 0.0912916 0.815226 10.6684 0.00210048 0.0391349 0.00113026 1.15862 4.89823 0 0 0 0 0 0 0 0 0 0 18067
0 0 0.00584402 0.0310644 0.386336 19.5215 0.000747867 0.588271 0.000288763 1.50685 21.1092 0 0 0 0 0 0 0 0 0 0 18121
0 0 0.00280407 0.0128075 0.201894 21.4885 0.000342442 4.11876 0.000124992 1.58975 33.7854 0 0 0 0 0 0 0 0 0 0 18172
0 0 0.000652145 0.00237193 0.0534116 81.9379 7.8142e-05 62.2532 2.7599e-05 1.67983 56.9227 0 0 0 0 0 0 0 0 0 0 18225
0 0 0.000205425 0.000578274 0.0188551 98.3826 2.40519e-05 97.0671 7.52629e-06 1.82636 75.4936 0 0 0 0 0 0 0 0 0 0 18278
0 0 0.000100814 0.000222636 0.0134093 99.7107 1.17809e-05 99.6127 2.96285e-06 2.10242 88.7738 0 0 0 0 0 0 0 0 0 0 18329
0 0 8.02846e-05 0.000140279 0.0134072 99.8735 1.03286e-05 99.8642 1.55646e-06 2.53771 94.9291 0 0 0 0 0 0 0 0 0 0 18379
0 0 8.02846e-05 0.000140279 0.0134072 99.8735 1.03286e-05 99.8642 1.55646e-06 2.53771 94.9291 0 0 0 0 0 0 0 0 0 0 18432
0 0 7.21458e-05 0.000119566 0.0175475 99.9047 1.12109e-05 99.9054 1.20736e-06 3.04669 93.6852 0 0 0 0 0 0 0 0 0 0 18482
0 0 7.41377e-05 0.000111032 0.0240567 99.9161 1.3492e-05 99.921 1.02119e-06 3.59825 92.5392 0 0 0 0 0 0 0 0 0 0 18535
0 0 7.22867e-05 0.000108271 0.0268234 99.9194 1.09022e-05 99.9256 9.60273e-07 5.07802 91.213 0 0 0 0 0 0 0 0 0 0 18587
0 0 7.18252e-05 0.000107396 0.0304317 99.9205 8.20998e-06 99.9269 9.2805e-07 6.7835 90.7774 0 0 0 0 0 0 0 0 0 0 18642
0 0 7.32768e-05 0.000107239 0.0316218 99.9206 6.21196e-06 99.9278 8.90821e-07 8.21942 90.2215 0 0 0 0 0 0 0 0 0 0 18695
0 0 7.56142e-05 0.000107181 0.0317132 99.9207 5.80356e-06 99.9285 8.76846e-07 8.66675 89.6766 0 0 0 0 0 0 0 0 0 0 18749
0 0 7.66018e-05 0.000107109 0.0415954 99.9207 6.34033e-06 99.9286 9.37272e-07 8.25909 91.0393 0 0 0 0 0 0 0 0 0 0 18801
0 0 7.6793e-05 0.000107069 0.0522118 99.9208 5.58828e-06 99.9288 1.0137e-06 8.77081 91.8953 0 0 0 0 0 0 0 0 0 0 18851
0 0 7.61701e-05 0.000107033 0.0686046 99.9208 4.53627e-06 99.9287 1.08318e-06 9.58793 94.0217 0 0 0 0 0 0 0 0 0 0 18904
0 0 7.61701e-05 0.000107033 0.0686046 99.9208 4.53627e-06 99.9287 1.08318e-06 9.58793 94.0217 0 0 0 0 0 0 0 0 0 0 18955
0 0 7.9019e-05 0.000107005 0.0748365 99.9208 3.90991e-06 99.9289 1.10161e-06 10.1199 94.4782 0 0 0 0 0 0 0 0 0 0 19007
0 0 8.19102e-05 0.000106993 0.0766659 99.9208 3.47167e-06 99.929 1.10687e-06 10.6184 94.1682 0 0 0 0 0 0 0 0 0 0 19059
0 0 8.1235e-05 0.00010701 0.0753079 99.9208 3.64942e-06 99.9289 1.10372e-06 10.0221 94.8041 0 0 0 0 0 0 0 0 0 0 19111
0 0 7.5131e-05 0.000107045 0.0727564 99.9208 3.25788e-06 99.9284 1.14217e-06 9.72335 96.2509 0 0 0 0 0 0 0 0 0 0 19163
0 0 6.93222e-05 0.000107137 0.0653788 99.9206 2.76622e-06 99.9276 1.1693e-06 9.44391 96.7654 0 0 0 0 0 0 0 0 0 0 19214
0 0 6.46825e-05 0.000107411 0.0551333 99.9203 2.49328e-06 99.9255 1.22396e-06 8.6332 97.0129 0 0 0 0 0 0 0 0 0 0 19265
0 0 6.2188e-05 0.000107842 0.045834 99.9197 1.82637e-06 99.9235 1.27034e-06 7.72374 95.1488 0 0 0 0 0 0 0 0 0 0 19318
0 0 5.78953e-05 0.000108119 0.0408025 99.9193 2.1374e-06 99.92 1.36866e-06 6.37802 93.1747 0 0 0 0 0 0 0 0 0 0 19372
0 0 5.94409e-05 0.000109461 0.0280994 99.9174 1.55347e-06 99.9184 1.3622e-06 6.20076 94.2053 0 0 0 0 0 0 0 0 0 0 19424
0 0 5.75334e-05 0.000110228 0.012802 99.9163 1.58044e-06 99.9154 1.42247e-06 5.4636 97.5567 0 0 0 0 0 0 0 0 0 0 19475
0 0 5.03216e-05 0.000110963 0.00896844 99.9152 1.16399e-06 99.9074 1.64524e-06 5.60409 98.588 0 0 0 0 0 0 0 0 0 0 19529
0 0 5.03441e-05 0.000111653 0.00857308 99.9142 1.40992e-06 99.9059 1.66273e-06 5.04206 99.52 0 0 0 0 0 0 0 0 0 0 19582
0 0 5.26572e-05 0.000112141 0.00779798 99.9135 1.93029e-06 99.9071 1.60102e-06 4.42154 99.8331 0 0 0 0 0 0 0 0 0 0 19633
0 0 5.26572e-05 0.000112141 0.00779798 99.9135 1.93029e-06 99.9071 1.60102e-06 4.42154 99.8331 0 0 0 0 0 0 0 0 0 0 19686
0 0 5.82919e-05 0.000113181 0.00736962 99.9119 2.91023e-06 99.9099 1.47143e-06 4.02604 99.8566 0 0 0 0 0 0 0 0 0 0 19735
0 0 6.90272e-05 0.000115019 0.00779206 99.9092 3.81877e-06 99.9141 1.27949e-06 4.02266 99.8669 0 0 0 0 0 0 0 0 0 0 19787
0 0 7.29692e-05 0.00011723 0.00705841 99.9058 4.79517e-06 99.912 1.25498e-06 3.80974 99.9234 0 0 0 0 0 0 0 0 0 0 19838
0 0 7.50026e-05 0.000120837 0.00620894 99.9002 6.00284e-06 99.9061 1.27783e-06 3.49224 99.9098 0 0 0 0 0 0 0 0 0 0 19892
0 0 8.0275e-05 0.000129414 0.00550217 99.8864 7.58011e-06 99.8913 1.33117e-06 3.00835 99.7866 0 0 0 0 0 0 0 0 0 0 19945
0 0 8.86595e-05 0.000147564 0.00570345 99.8542 8.54846e-06 99.8538 1.47043e-06 2.78123 99.2908 0 0 0 0 0 0 0 0 0 0 19997
0 0 0.00010351 0.000179307 0.00642118 99.7889 1.02151e-05 99.7738 1.70446e-06 2.64097 95.4281 0 0 0 0 0 0 0 0 0 0 20048
0 0 0.000136795 0.000246634 0.00914356 99.6133 1.24858e-05 99.5464 2.18673e-06 2.59268 87.833 0 0 0 0 0 0 0 0 0 0 20102
0 0 0.000168964 0.000320866 0.0189522 99.3632 1.54689e-05 99.1888 2.91297e-06 2.51815 80.6151 0 0 0 0 0 0 0 0 0 0 20154
0 0 0.000198029 0.000394466 0.0273564 99.059 1.83924e-05 98.7188 3.66691e-06 2.41738 76.0105 0 0 0 0 0 0 0 0 0 0 20207
0 0 0.000198029 0.000394466 0.0273564 99.059 1.83924e-05 98.7188 3.66691e-06 2.41738 76.0105 0 0 0 0 0 0 0 0 0 0 20256
0 0 0.000211011 0.000471308 0.0151697 98.6839 2.16115e-05 98.0322 4.91264e-06 2.17406 78.7618 0 0 0 0 0 0 0 0 0 0 20307
0 0 0.000240182 0.000687312 0.0164649 97.3381 3.08702e-05 95.1535 8.61684e-06 1.84713 74.1508 0 0 0 0 0 0 0 0 0 0 20357
0 0 0.000283692 0.00117928 0.0215975 92.8949 4.90151e-05 83.6044 1.91011e-05 1.45954 66.447 0 0 0 0 0 0 0 0 0 0 20408
0 0 0.000190061 0.000831344 0.0151692 96.2198 3.86784e-05 91.2498 1.5505e-05 1.33717 71.5306 0 0 0 0 0 0 0 0 0 0 20459
0 0 0.000171333 0.000667167 0.0131273 97.4849 3.5921e-05 94.6667 1.17661e-05 1.42575 74.7532 0 0 0 0 0 0 0 0 0 0 20509
0 0 0.00039982 0.00174767 0.0312363 86.1979 8.16179e-05 68.4817 2.75756e-05 1.38063 60.592 0 0 0 0 0 0 0 0 0 0 20560
0 0 0.00039982 0.00174767 0.0312363 86.1979 8.16179e-05 68.4817 2.75756e-05 1.38063 60.592 0 0 0 0 0 0 0 0 0 0 20610
0 0 0.00192928 0.0087433 0.139415 23.4417 0.000322268 6.67881 9.77812e-05 1.56675 37.5401 0 0 0 0 0 0 0 0 0 0 20662
0 0 0.00622971 0.0282435 0.424098 29.6877 0.000800449 0.601055 0.000214037 1.74971 18.9434 0 0 0 0 0 0 0 0 0 0 20715
0 0 0.00622971 0.0282435 0.424098 29.6877 0.000800449 0.601055 0.000214037 1.74971 18.9434 0 0 0 0 0 0 0 0 0 0 20768
0 0 0.0135091 0.0599387 0.821972 35.5696 0.00147711 0.128513 0.000202821 1.95262 0 0 0 0 0 0 0 0 0 0 0 20820
0 0 0 0 0 0 0 0 0 0 0 0 0 0 0 0 0 0 0 0 0 20874
0 0 0.0206238 0.0961599 1.13428 45.8228 0.0021331 0.0521868 0.000105631 2.05632 -18.5493 0 0 0 0 0 0 0 0 0 0 20925
0 0 0.0206238 0.0961599 1.13428 45.8228 0.0021331 0.0521868 0.000105631 2.05632 -18.5493 0 0 0 0 0 0 0 0 0 0 20980
0 0 0.0254727 0.0998538 1.20182 44.1381 0.00228963 0.0501439 0.000200395 2.12752 -13.4775 0 0 0 0 0 0 0 0 0 0 21032
0 0 0.0192938 0.0662737 1.87233 58.9234 0.00166474 0.115484 0.000344463 2.13949 -2.86478 0 0 0 0 0 0 0 0 0 0 21083
0 0 0.0104777 0.0321948 0.876379 57.3179 0.000892589 0.5419 0.000187892 2.15103 0 0 0 0 0 0 0 0 0 0 0 21134
0 0 0.00475324 0.0125953 0.382555 57.4144 0.000392363 4.05229 8.11187e-05 2.19839 0 0 0 0 0 0 0 0 0 0 0 21187
0 0 0.00475324 0.0125953 0.382555 57.4144 0.000392363 4.05229 8.11187e-05 2.19839 0 0 0 0 0 0 0 0 0 0 0 21239
0 0 0.00181949 0.00420262 0.118407 54.4015 0.000151203 31.5133 3.09789e-05 2.20779 20.7582 0 0 0 0 0 0 0 0 0 0 21290
0 0 0.000546007 0.00105118 0.0356503 94.3495 4.525e-05 90.4994 9.00493e-06 2.25574 52.7697 0 0 0 0 0 0 0 0 0 0 21341
0 0 0.000194864 0.00033748 0.0120642 99.3129 1.74847e-05 99.1357 3.31604e-06 2.31226 76.1573 0 0 0 0 0 0 0 0 0 0 21397
0 0 0.000128426 0.00020936 0.00856668 99.7224 1.1732e-05 99.6932 2.15607e-06 2.31711 84.9083 0 0 0 0 0 0 0 0 0 0 21449
0 0 0.000115092 0.000184898 0.0082293 99.7805 1.03736e-05 99.767 1.91005e-06 2.3468 88.5261 0 0 0 0 0 0 0 0 0 0 21498
0 0 0.000114704 0.000183481 0.0092265 99.7838 9.90426e-06 99.7707 1.89458e-06 2.32559 90.1786 0 0 0 0 0 0 0 0 0 0 21553
0 0 8.98841e-05 0.000139842 0.0076903 99.8704 8.06657e-06 99.8733 1.46923e-06 2.33281 95.2372 0 0 0 0 0 0 0 0 0 0 21603
0 0 7.92086e-05 0.000120923 0.00811901 99.9018 7.39457e-06 99.9076 1.29615e-06 2.30185 93.9146 0 0 0 0 0 0 0 0 0 0 21657
0 0 7.5658e-05 0.000114236 0.00760238 99.9119 8.21178e-06 99.9182 1.23222e-06 2.3045 94.2158 0 0 0 0 0 0 0 0 0 0 21707
0 0 7.36938e-05 0.00011119 0.00776611 99.9164 9.47959e-06 99.9228 1.21278e-06 2.32151 94.5844 0 0 0 0 0 0 0 0 0 0 21758
0 0 7.64647e-05 0.000111163 0.0119401 99.9182 1.09562e-05 99.9216 1.26234e-06 2.27202 92.5771 0 0 0 0 0 0 0 0 0 0 21811
0 0 7.64647e-05 0.000111163 0.0119401 99.9182 1.09562e-05 99.9216 1.26234e-06 2.27202 92.5771 0 0 0 0 0 0 0 0 0 0 21861
0 0 7.67546e-05 0.000111124 0.0224309 99.9183 1.14808e-05 99.9216 1.2608e-06 2.2807 88.9284 0 0 0 0 0 0 0 0 0 0 21914
0 0 7.61611e-05 0.000111074 0.0144021 99.9183 1.16836e-05 99.9216 1.2682e-06 2.29135 91.7309 0 0 0 0 0 0 0 0 0 0 21970
0 0 7.6599e-05 0.000111497 0.0239346 99.9179 1.07914e-05 99.9207 1.28122e-06 2.27618 88.4053 0 0 0 0 0 0 0 0 0 0 22022
0 0 7.68828e-05 0.00011244 0.0291196 99.9164 1.06415e-05 99.9189 1.27898e-06 2.21322 86.9051 0 0 0 0 0 0 0 0 0 0 22072
0 0 7.5501e-05 0.000114575 0.00880286 99.9129 1.12311e-05 99.9144 1.31222e-06 2.14092 93.4502 0 0 0 0 0 0 0 0 0 0 22126
0 0 7.52458e-05 0.00011929 0.00567667 99.9058 1.18914e-05 99.905 1.22689e-06 2.07346 93.8671 0 0 0 0 0 0 0 0 0 0 22180
0 0 7.39631e-05 0.000130358 0.00487001 99.888 1.37941e-05 99.8797 6.24887e-07 1.9486 78.7807 0 0 0 0 0 0 0 0 0 0 22230
0 0 8.0255e-05 0.000160257 0.0049325 99.834 1.53807e-05 99.8024 6.50132e-07 1.81841 75.1096 0 0 0 0 0 0 0 0 0 0 22281
0 0 8.0255e-05 0.000160257 0.0049325 99.834 1.53807e-05 99.8024 6.50132e-07 1.81841 75.1096 0 0 0 0 0 0 0 0 0 0 22332
0 0 7.81461e-05 0.000220302 0.00543717 99.6981 1.87413e-05 99.5358 1.0942e-06 1.44238 66.9844 0 0 0 0 0 0 0 0 0 0 22382
0 0 9.62412e-05 0.0003575 0.0071344 99.251 2.41827e-05 98.5208 3.57055e-06 1.22164 69.3501 0 0 0 0 0 0 0 0 0 0 22434
0 0 0.000168236 0.000986286 0.0137131 95.1096 5.40976e-05 85.8078 2.01296e-05 0.932091 63.8552 0 0 0 0 0 0 0 0 0 0 22486
0 0 0.000314258 0.00366407 0.0290536 61.7961 0.000159173 20.5152 0.000119938 0.616591 46.5792 0 0 0 0 0 0 0 0 0 0 22538
0 0 0.000691486 0.0144152 0.0593037 10.6202 0.000505546 1.01087 0.000628659 0.445176 27.1087 0 0 0 0 0 0 0 0 0 0 22592
0 0 0.000691486 0.0144152 0.0593037 10.6202 0.000505546 1.01087 0.000628659 0.445176 27.1087 0 0 0 0 0 0 0 0 0 0 22644
0 0 0.00170636 0.0383595 0.122683 1.79505 0.00117318 0.123821 0.00137453 0.465021 12.5344 0 0 0 0 0 0 0 0 0 0 22700
0 0 0.003119 0.052423 0.140949 2.3981 0.00150402 0.0756189 0.0011512 0.6113 6.27417 0 0 0 0 0 0 0 0 0 0 22754
0 0 0.0086411 0.0746771 0.274979 10.2728 0.00204622 0.0522088 0.000756876 1.04883 1.28152 0 0 0 0 0 0 0 0 0 0 22805
0 0 0.0157079 0.100039 0.471754 19.9479 0.00259601 0.0350938 0.000698476 1.3938 0 0 0 0 0 0 0 0 0 0 0 22858
0 0 0.0157079 0.100039 0.471754 19.9479 0.00259601 0.0350938 0.000698476 1.3938 0 0 0 0 0 0 0 0 0 0 0 22910
0 0 0.0233063 0.127368 1.00111 28.8794 0.00303737 0.0255336 0.000772323 1.67485 0 0 0 0 0 0 0 0 0 0 0 22962
0 0 0.0233063 0.127368 1.00111 28.8794 0.00303737 0.0255336 0.000772323 1.67485 0 0 0 0 0 0 0 0 0 0 0 23013
0 0 0.0333225 0.173535 2.10857 35.5965 0.00399025 0.0140829 0.000992185 1.77757 0 0 0 0 0 0 0 0 0 0 0 23065
0 0 0.0424768 0.192226 2.1453 43.1512 0.00440034 0.0122885 0.000884313 1.99509 0 0 0 0 0 0 0 0 0 0 0 23120
0 0 0.0478956 0.179433 1.56101 52.0367 0.00434697 0.0141988 0.00050535 2.21028 0 0 0 0 0 0 0 0 0 0 0 23170
0 0 0.0478956 0.179433 1.56101 52.0367 0.00434697 0.0141988 0.00050535 2.21028 0 0 0 0 0 0 0 0 0 0 0 23227
0 0 0.0469822 0.174334 1.92857 50.6042 0.00423401 0.0151123 0.000669625 2.22713 0 0 0 0 0 0 0 0 0 0 0 23280
0 0 0.0453105 0.176807 2.07281 46.5191 0.0041373 0.014554 0.000794526 2.17384 0 0 0 0 0 0 0 0 0 0 0 23334
0 0 0.0411531 0.179265 2.09903 41.5583 0.00413062 0.0130013 0.000913856 2.05436 0 0 0 0 0 0 0 0 0 0 0 23387
0 0 0.0411531 0.179265 2.09903 41.5583 0.00413062 0.0130013 0.000913856 2.05436 0 0 0 0 0 0 0 0 0 0 0 23439
0 0 0.0411531 0.179265 2.09903 41.5583 0.00413062 0.0130013 0.000913856 2.05436 0 0 0 0 0 0 0 0 0 0 0 23491
0 0 0.0411531 0.179265 2.09903 41.5583 0.00413062 0.0130013 0.000913856 2.05436 0 0 0 0 0 0 0 0 0 0 0 23544
0 0 0.00437186 0.227009 0.456158 0.160397 0.00605112 0.00106551 0.0437311 0.118512 0 0 0 0 0 0 0 0 0 0 0 23601
0 0 0.00471112 0.19902 0.530061 0.412068 0.00480866 0.0024112 0.0126226 0.295969 0 0 0 0 0 0 0 0 0 0 0 23654
0 0 0.00648154 0.195982 0.689288 0.889073 0.00469287 0.00311419 0.00829496 0.405928 0 0 0 0 0 0 0 0 0 0 0 23705
0 0 0.00648154 0.195982 0.689288 0.889073 0.00469287 0.00311419 0.00829496 0.405928 0 0 0 0 0 0 0 0 0 0 0 23755
0 0 0.00284737 0.199071 0.515281 0.169263 0.00454741 0.00217822 0.0172879 0.246038 0 0 0 0 0 0 0 0 0 0 0 23807
0 0 0.00273001 0.205879 0.514439 0.161156 0.00450926 0.00218125 0.0172961 0.247192 0 0 0 0 0 0 0 0 0 0 0 23857
0 0 0.00273001 0.205879 0.514439 0.161156 0.00450926 0.00218125 0.0172961 0.247192 0 0 0 0 0 0 0 0 0 0 0 23910
0 0 0.00273001 0.205879 0.514439 0.161156 0.00450926 0.00218125 0.0172961 0.247192 0 0 0 0 0 0 0 0 0 0 0 23961
0 0 0.00273001 0.205879 0.514439 0.161156 0.00450926 0.00218125 0.0172961 0.247192 0 0 0 0 0 0 0 0 0 0 0 24011
0 0 0.00295897 0.197595 0.546671 0.188283 0.00452874 0.00226214 0.0161554 0.259686 0 0 0 0 0 0 0 0 0 0 0 24062
0 0 0.00212403 0.196687 0.446079 0.091632 0.00454566 0.00188431 0.0227041 0.200962 0 0 0 0 0 0 0 0 0 0 0 24112
0 0 0.00212403 0.196687 0.446079 0.091632 0.00454566 0.00188431 0.0227041 0.200962 0 0 0 0 0 0 0 0 0 0 0 24166
0 0 0.00204034 0.195481 0.43518 0.107769 0.00454544 0.00184646 0.0235832 0.195396 0 0 0 0 0 0 0 0 0 0 0 24217
0 0 0.00203599 0.19481 0.434297 0.117629 0.00454457 0.00184494 0.0236504 0.195113 0 0 0 0 0 0 0 0 0 0 0 24269
0 0 0.00202029 0.19435 0.431499 0.160652 0.00456099 0.00183258 0.0242575 0.194098 0 0 0 0 0 0 0 0 0 0 0 24322
0 0 0.00201466 0.193905 0.431377 0.156472 0.00456871 0.00183417 0.0243447 0.194636 0 0 0 0 0 0 0 0 0 0 0 24373
0 0 0.00205816 0.193386 0.434388 0.193503 0.00454943 0.00184291 0.0238694 0.19481 0 0 0 0 0 0 0 0 0 0 0 24428
0 0 0.00212622 0.192993 0.446954 0.172469 0.00454482 0.00185032 0.0237311 0.195406 0 0 0 0 0 0 0 0 0 0 0 24479
0 0 0.00215917 0.192626 0.458085 0.509705 0.00453758 0.00186038 0.0235888 0.196272 0 0 0 0 0 0 0 0 0 0 0 24531
0 0 0.00232915 0.192432 0.480502 0.346303 0.00453341 0.00186791 0.0234336 0.196872 0 0 0 0 0 0 0 0 0 0 0 24586
0 0 0.00238165 0.192288 0.514571 1.42417 0.00452907 0.00190752 0.0225588 0.202311 0 0 0 0 0 0 0 0 0 0 0 24638
0 0 0.00238165 0.192288 0.514571 1.42417 0.00452907 0.00190752 0.0225588 0.202311 0 0 0 0 0 0 0 0 0 0 0 24691
0 0 0.00246162 0.192395 0.522109 0.628638 0.00453231 0.00190659 0.0224896 0.202759 0 0 0 0 0 0 0 0 0 0 0 24741
0 0 0.00247127 0.192219 0.484173 0.843743 0.00453013 0.00189732 0.022701 0.201075 0 0 0 0 0 0 0 0 0 0 0 24794
0 0 0.0026733 0.192089 0.476642 0.616111 0.00452589 0.00190416 0.0225666 0.201709 0 0 0 0 0 0 0 0 0 0 0 24851
0 0 0.00344848 0.192082 0.474702 0.28953 0.00452378 0.00189547 0.022757 0.200444 0 0 0 0 0 0 0 0 0 0 0 24902
0 0 0.00354822 0.192202 0.459035 0.172655 0.00452457 0.00187543 0.0231761 0.197938 0 0 0 0 0 0 0 0 0 0 0 24952
0 0 0.00354822 0.192202 0.459035 0.172655 0.00452457 0.00187543 0.0231761 0.197938 0 0 0 0 0 0 0 0 0 0 0 25003
0 0 0.00304741 0.192251 0.445412 0.129448 0.00452431 0.00185041 0.0237601 0.194392 0 0 0 0 0 0 0 0 0 0 0 25054
0 0 0.00304741 0.192251 0.445412 0.129448 0.00452431 0.00185041 0.0237601 0.194392 0 0 0 0 0 0 0 0 0 0 0 25107
0 0 0.00332266 0.192155 0.450534 0.133393 0.00452271 0.00184505 0.0239531 0.193386 0 0 0 0 0 0 0 0 0 0 0 25160
0 0 0.0038209 0.19192 0.458703 0.104511 0.00451921 0.00184654 0.0240302 0.192835 0 0 0 0 0 0 0 0 0 0 0 25212
0 0 0.0037624 0.192068 0.479122 0.104225 0.00452437 0.00184177 0.0241245 0.192367 0 0 0 0 0 0 0 0 0 0 0 25265
0 0 0.00363602 0.191996 0.530913 0.105141 0.0045295 0.00184138 0.0243188 0.192181 0 0 0 0 0 0 0 0 0 0 0 25315
0 0 0.0032893 0.191802 0.553348 0.106994 0.00452551 0.00184507 0.0244622 0.192409 0 0 0 0 0 0 0 0 0 0 0 25366
0 0 0.00290121 0.192002 0.496939 0.0953066 0.00453354 0.00183945 0.0246062 0.192196 0 0 0 0 0 0 0 0 0 0 0 25416
0 0 0.00275728 0.192988 0.473992 0.0916748 0.00455463 0.00181134 0.0248916 0.19016 0 0 0 0 0 0 0 0 0 0 0 25468
0 0 0.00268053 0.194089 0.43515 0.0873006 0.00456201 0.00178308 0.0252295 0.188939 0 0 0 0 0 0 0 0 0 0 0 25521
0 0 0.00268053 0.194089 0.43515 0.0873006 0.00456201 0.00178308 0.0252295 0.188939 0 0 0 0 0 0 0 0 0 0 0 25574
0 0 0.00305287 0.19441 0.431444 0.0871982 0.00454779 0.00177393 0.0252909 0.188569 0 0 0 0 0 0 0 0 0 0 0 25628
0 0 0.00333489 0.194474 0.431964 0.0858976 0.00451986 0.00177175 0.0252319 0.188688 0 0 0 0 0 0 0 0 0 0 0 25681
0 0 0.00459361 0.19443 0.432272 0.0855251 0.00449296 0.00177087 0.0252142 0.189026 0 0 0 0 0 0 0 0 0 0 0 25734
0 0 0.00539676 0.194509 0.434795 0.0867721 0.00451347 0.0017669 0.0252521 0.188088 0 0 0 0 0 0 0 0 0 0 0 25787
0 0 0.00441462 0.193762 0.435073 0.0866461 0.00451023 0.00178894 0.0248819 0.189313 0 0 0 0 0 0 0 0 0 0 0 25840
0 0 0.00441462 0.193762 0.435073 0.0866461 0.00451023 0.00178894 0.0248819 0.189313 0 0 0 0 0 0 0 0 0 0 0 25890
0 0 0.00457079 0.194543 0.442199 0.0887866 0.00456712 0.00176608 0.0252152 0.186529 0 0 0 0 0 0 0 0 0 0 0 25942
0 0 0.00341914 0.19494 0.460608 0.0883743 0.00460614 0.00175759 0.0252868 0.185441 0 0 0 0 0 0 0 0 0 0 0 25994
0 0 0.00321478 0.194985 0.476485 0.089515 0.00462431 0.00176019 0.025195 0.185672 0 0 0 0 0 0 0 0 0 0 0 26118
0 0 0.00237471 0.193786 0.437533 0.0875218 0.00456954 0.00180397 0.0243844 0.19083 0 0 0 0 0 0 0 0 0 0 0 26172
0 0 0.00225126 0.193523 0.438066 0.0881452 0.00455895 0.00181834 0.0241176 0.192588 0 0 0 0 0 0 0 0 0 0 0 26225
0 0 0.00211648 0.193036 0.437142 0.0869133 0.00454185 0.00183296 0.0239163 0.193981 0 0 0 0 0 0 0 0 0 0 0 26275
0 0 0.002069 0.192879 0.433645 0.0856848 0.00453535 0.00183324 0.0239824 0.193985 0 0 0 0 0 0 0 0 0 0 0 26325
0 0 0.00205386 0.192886 0.431676 0.084768 0.00453838 0.00182861 0.0241006 0.193419 0 0 0 0 0 0 0 0 0 0 0 26375
0 0 0.00205386 0.192886 0.431676 0.084768 0.00453838 0.00182861 0.0241006 0.193419 0 0 0 0 0 0 0 0 0 0 0 26425
0 0 0.00206491 0.192816 0.432286 0.0855133 0.00453585 0.00182722 0.0241459 0.193097 0 0 0 0 0 0 0 0 0 0 0 26476
0 0 0.00219317 0.19275 0.433375 0.085479 0.00453452 0.00182823 0.0241268 0.193062 0 0 0 0 0 0 0 0 0 0 0 26529
0 0 0.00226559 0.192768 0.433091 0.0856708 0.00453674 0.00182716 0.0241328 0.192883 0 0 0 0 0 0 0 0 0 0 0 26582
0 0 0.00235715 0.192765 0.431536 0.0857391 0.00453893 0.0018278 0.0241436 0.193031 0 0 0 0 0 0 0 0 0 0 0 26633
0 0 0.00240954 0.192764 0.430642 0.0879596 0.00453974 0.00182834 0.0241413 0.193117 0 0 0 0 0 0 0 0 0 0 0 26684
0 0 0.00235072 0.19277 0.429191 0.087755 0.00454174 0.00182789 0.0241766 0.193149 0 0 0 0 0 0 0 0 0 0 0 26736
0 0 0.00232967 0.192764 0.428321 0.0855108 0.00453892 0.0018288 0.0241721 0.193377 0 0 0 0 0 0 0 0 0 0 0 26786
0 0 0.00232091 0.192779 0.427975 0.0832776 0.00453451 0.00182892 0.0241614 0.19352 0 0 0 0 0 0 0 0 0 0 0 26840
0 0 0.00232091 0.192779 0.427975 0.0832776 0.00453451 0.00182892 0.0241614 0.19352 0 0 0 0 0 0 0 0 0 0 0 26893
0 0 0.0023736 0.192766 0.426985 0.0829217 0.00452835 0.00182957 0.0242168 0.193954 0 0 0 0 0 0 0 0 0 0 0 26946
0 0 0.00217079 0.192787 0.426525 0.0820808 0.00452095 0.00183002 0.0242543 0.194352 0 0 0 0 0 0 0 0 0 0 0 27000
0 0 0.00204501 0.192817 0.426073 0.0811948 0.00450909 0.00183066 0.0243007 0.194929 0 0 0 0 0 0 0 0 0 0 0 27052
0 0 0.00203449 0.192858 0.426449 0.0806203 0.00449516 0.00183167 0.0242638 0.195359 0 0 0 0 0 0 0 0 0 0 0 27102
0 0 0.00205858 0.192854 0.427186 0.0802707 0.00446706 0.00183267 0.024294 0.196431 0 0 0 0 0 0 0 0 0 0 0 27154
0 0 0.00207913 0.192822 0.428473 0.0805861 0.00443568 0.00183372 0.0243198 0.197589 0 0 0 0 0 0 0 0 0 0 0 27205
0 0 0.00213436 0.192825 0.429888 0.0813077 0.00437727 0.0018352 0.0241552 0.198939 0 0 0 0 0 0 0 0 0 0 0 27255
0 0 0.00222801 0.192817 0.430837 0.0816524 0.0043821 0.00183747 0.0241376 0.199275 0 0 0 0 0 0 0 0 0 0 0 27306
0 0 0.00239223 0.192807 0.434018 0.083026 0.00435616 0.00184409 0.0239117 0.200666 0 0 0 0 0 0 0 0 0 0 0 27356
0 0 0.00252789 0.192807 0.438428 0.0846059 0.00431712 0.00185431 0.0235944 0.202873 0 0 0 0 0 0 0 0 0 0 0 27407
0 0 0.00252789 0.192807 0.438428 0.0846059 0.00431712 0.00185431 0.0235944 0.202873 0 0 0 0 0 0 0 0 0 0 0 27459
0 0 0.00297741 0.192829 0.441541 0.0862441 0.00429368 0.00186782 0.0233385 0.205837 0 0 0 0 0 0 0 0 0 0 0 27511
0 0 0.00379761 0.192838 0.447854 0.0911906 0.00428492 0.00189368 0.0227541 0.209916 0 0 0 0 0 0 0 0 0 0 0 27565
0 0 0.00410249 0.192759 0.453071 0.0949651 0.0042335 0.00191379 0.0223413 0.214319 0 0 0 0 0 0 0 0 0 0 0 27614
0 0 0.00378385 0.192663 0.451328 0.0947816 0.00417688 0.00191612 0.0223403 0.216092 0 0 0 0 0 0 0 0 0 0 0 27665
0 0 0.00387875 0.192565 0.455648 0.0983565 0.00416181 0.00193552 0.0219801 0.219197 0 0 0 0 0 0 0 0 0 0 0 27715
0 0 0.00402391 0.192499 0.459466 0.101164 0.00418949 0.00195013 0.0217792 0.22067 0 0 0 0 0 0 0 0 0 0 0 27768
0 0 0.00383291 0.192335 0.460948 0.102406 0.00416362 0.00195723 0.0216255 0.221691 0 0 0 0 0 0 0 0 0 0 0 27819
0 0 0.00383291 0.192335 0.460948 0.102406 0.00416362 0.00195723 0.0216255 0.221691 0 0 0 0 0 0 0 0 0 0 0 27870
0 0 0.00336969 0.192267 0.465579 0.103972 0.00418537 0.00196159 0.0215739 0.221292 0 0 0 0 0 0 0 0 0 0 0 27922
0 0 0.00287175 0.192237 0.46176 0.101232 0.00422638 0.00194279 0.0219163 0.216872 0 0 0 0 0 0 0 0 0 0 0 27974
0 0 0.00257372 0.192043 0.460729 0.10055 0.00427757 0.00193732 0.0215614 0.213238 0 0 0 0 0 0 0 0 0 0 0 28026
0 0 0.00234535 0.192491 0.452541 0.108672 0.00434246 0.00191026 0.02109 0.208258 0 0 0 0 0 0 0 0 0 0 0 28077
0 0 0.00230741 0.192219 0.448181 0.170983 0.00435766 0.00192736 0.0187511 0.208948 0 0 0 0 0 0 0 0 0 0 0 28131
0 0 0.00240973 0.190389 0.454541 0.191884 0.00433004 0.00203848 0.0168941 0.218686 0 0 0 0 0 0 0 0 0 0 0 28181
0 0 0.00244974 0.190216 0.462089 0.173047 0.00434603 0.00206128 0.0170738 0.220902 0 0 0 0 0 0 0 0 0 0 0 28232
0 0 0.00244974 0.190216 0.462089 0.173047 0.00434603 0.00206128 0.0170738 0.220902 0 0 0 0 0 0 0 0 0 0 0 28284
0 0 0.00250659 0.190459 0.471503 0.155241 0.00434267 0.00207004 0.0173975 0.22312 0 0 0 0 0 0 0 0 0 0 0 28339
0 0 0.00245851 0.191831 0.46691 0.157866 0.00434465 0.00200477 0.0181111 0.219234 0 0 0 0 0 0 0 0 0 0 0 28390
0 0 0.00246683 0.193947 0.463267 0.172627 0.00432477 0.00193401 0.0185694 0.217785 0 0 0 0 0 0 0 0 0 0 0 28443
0 0 0.00264871 0.194764 0.481863 0.207431 0.00432462 0.00198597 0.017104 0.230848 0 0 0 0 0 0 0 0 0 0 0 28497
0 0 0.00272769 0.195061 0.494188 0.557618 0.00429755 0.00202041 0.0134003 0.240759 0 0 0 0 0 0 0 0 0 0 0 28548
0 0 0.00281944 0.197285 0.505737 1.38612 0.00437894 0.00198827 0.0116589 0.247909 0 0 0 0 0 0 0 0 0 0 0 28601
0 0 0.00248077 0.198583 0.488593 5.68465 0.00450693 0.00188515 0.0103889 0.245637 -7.5676 0 0 0 0 0 0 0 0 0 0 28655
0 0 0.0022249 0.201968 0.476455 20.7469 0.00497243 0.00172786 0.010136 0.237478 -15.6787 0 0 0 0 0 0 0 0 0 0 28705
0 0 0.0022249 0.201968 0.476455 20.7469 0.00497243 0.00172786 0.010136 0.237478 -15.6787 0 0 0 0 0 0 0 0 0 0 28755
0 0 0.00232318 0.20569 0.488004 19.9055 0.00521673 0.00166347 0.0119076 0.244062 -16.0441 0 0 0 0 0 0 0 0 0 0 28808
0 0 0.00276892 0.210003 0.495615 21.0845 0.00513938 0.00157761 0.0111186 0.229329 -15.854 0 0 0 0 0 0 0 0 0 0 28862
0 0 0.00318235 0.213655 0.508867 25.3856 0.00525861 0.00156696 0.00992278 0.233899 -16.781 0 0 0 0 0 0 0 0 0 0 28912
0 0 0.00350997 0.215009 0.53699 17.0704 0.0049951 0.00164761 0.00977864 0.252015 -14.2538 0 0 0 0 0 0 0 0 0 0 28962
0 0 0.00385014 0.221942 0.526171 22.7434 0.00534013 0.00154636 0.00883236 0.240322 -15.5301 0 0 0 0 0 0 0 0 0 0 29014
0 0 0.00467853 0.233361 0.544866 5.3681 0.0047893 0.00147731 0.0134796 0.250685 -7.44975 0 0 0 0 0 0 0 0 0 0 29068
0 0 0.00559624 0.251761 0.562099 2.27205 0.00420881 0.00137255 0.0184981 0.261554 -3.18423 0 0 0 0 0 0 0 0 0 0 29120
0 0 0.0056035 0.276085 0.556405 0.574121 0.00420808 0.00137568 0.0244688 0.264822 0 0 0 0 0 0 0 0 0 0 0 29173
0 0 0.00489944 0.300926 0.518661 0.334084 0.00422614 0.00133573 0.0279893 0.246449 0 0 0 0 0 0 0 0 0 0 0 29226
0 0 0.00423758 0.308634 0.466424 1.27263 0.00464235 0.00126166 0.0204996 0.209792 0 0 0 0 0 0 0 0 0 0 0 29279
0 0 0.00319221 0.314724 0.432402 1.18211 0.00461877 0.00143514 0.0173039 0.205311 0 0 0 0 0 0 0 0 0 0 0 29329
0 0 0.00286463 0.342229 0.415237 0.927126 0.00533029 0.00161169 0.014356 0.211814 0 0 0 0 0 0 0 0 0 0 0 29381
0 0 0.00286463 0.342229 0.415237 0.927126 0.00533029 0.00161169 0.014356 0.211814 0 0 0 0 0 0 0 0 0 0 0 29434
0 0 0.0036184 0.368646 0.373442 0.149472 0.0102816 0.00184336 0.0132696 0.256816 0 0 0 0 0 0 0 0 0 0 0 29487
0 0 0.0036184 0.368646 0.373442 0.149472 0.0102816 0.00184336 0.0132696 0.256816 0 0 0 0 0 0 0 0 0 0 0 29537
0 0 0 0 0 0 0 0 0 0 0 0 0 0 0 0 0 0 0 0 0 29588
0 0 0.0050237 0.338261 0.2635 0.19646 0.00810305 0.00205496 0.0115137 0.296133 0 0 0 0 0 0 0 0 0 0 0 29640
0 0 0.00352549 0.290836 0.408856 0.147689 0.0099931 0.00210671 0.0118305 0.316865 0 0 0 0 0 0 0 0 0 0 0 29693
0 0 0.00347992 0.281664 0.484094 0.225147 0.0115921 0.00236017 0.0093244 0.381799 0 0 0 0 0 0 0 0 0 0 0 29742
0 0 0.00495236 0.265871 0.651254 0.478349 0.045162 0.0028626 0.00424823 0.585093 0 0 0 0 0 0 0 0 0 0 0 29793
0 0 0.00495236 0.265871 0.651254 0.478349 0.045162 0.0028626 0.00424823 0.585093 0 0 0 0 0 0 0 0 0 0 0 29847
0 0 0.00761179 0.244934 0.890597 1.52918 0.138217 0.00380648 0.00168767 1.00646 0 0 0 0 0 0 0 0 0 0 0 29900
0 0 0.00697583 0.23919 0.86431 1.38937 0.00955183 0.0036293 0.00433998 0.742535 0 0 0 0 0 0 0 0 0 0 0 29952
0 0 0.00697583 0.23919 0.86431 1.38937 0.00955183 0.0036293 0.00433998 0.742535 0 0 0 0 0 0 0 0 0 0 0 30003
0 0 0.00659201 0.239553 0.85716 1.41066 0.00504251 0.00351807 0.00529252 0.722212 0 0 0 0 0 0 0 0 0 0 0 30056
0 0 0.00530966 0.244571 0.79108 1.11451 0.0058612 0.0031213 0.00568973 0.676611 0 0 0 0 0 0 0 0 0 0 0 30106
0 0 0.00383491 0.243364 0.68711 0.694361 0.00634945 0.00260553 0.00697854 0.58288 0 0 0 0 0 0 0 0 0 0 0 30158
0 0 0.00314378 0.234061 0.65681 0.682138 0.00303203 0.00232297 0.00903444 0.558553 0 0 0 0 0 0 0 0 0 0 0 30214
0 0 0.00217968 0.238709 0.553443 0.369948 0.00277247 0.00189764 0.0122697 0.466007 0 0 0 0 0 0 0 0 0 0 0 30265
0 0 0.00164808 0.241402 0.620916 1.10459 0.00180575 0.00159014 0.00781569 0.914947 0 0 0 0 0 0 0 0 0 0 0 30317
0 0 0.000483852 0.254164 0.594017 4.01414 0.000918467 0.000769985 0.0048871 2.37782 0 0 0 0 0 0 0 0 0 0 0 30368
0 0 0.00170038 0.257807 0.649471 79.7621 0.000611953 0.000559066 0.00270055 4.93082 -12.3162 0 0 0 0 0 0 0 0 0 0 30418
0 0 0.00277397 0.304606 0.580841 95.8205 0.000594775 0.000438018 0.00249033 4.81576 -23.4916 0 0 0 0 0 0 0 0 0 0 30470
0 0 0.00277397 0.304606 0.580841 95.8205 0.000594775 0.000438018 0.00249033 4.81576 -23.4916 0 0 0 0 0 0 0 0 0 0 30522
0 0 0.00249702 0.29402 0.502737 98.0984 0.000521732 0.000314301 0.00321455 5.04026 -22.799 0 0 0 0 0 0 0 0 0 0 30572
0 0 0.00251165 0.34603 0.445301 98.5522 0.000520591 0.000265407 0.00451765 4.47992 -20.6789 0 0 0 0 0 0 0 0 0 0 30626
0 0 0.00218235 0.424214 0.442813 98.9663 0.000486918 0.00023571 0.00443828 5.13483 -20.087 0 0 0 0 0 0 0 0 0 0 30677
0 0 0.00194046 0.611473 0.43732 99.1003 0.000463993 0.000218267 0.00450399 5.56127 -19.9995 0 0 0 0 0 0 0 0 0 0 30730
0 0 0.00194046 0.611473 0.43732 99.1003 0.000463993 0.000218267 0.00450399 5.56127 -19.9995 0 0 0 0 0 0 0 0 0 0 30780
0 0 0.00263336 0.79894 0.43547 98.5775 0.000594017 0.000268404 0.00559691 4.05533 -20.0595 0 0 0 0 0 0 0 0 0 0 30833
0 0 0 0 0 0 0 0 0 0 0 0 0 0 0 0 0 0 0 0 0 30885
0 0 0 0 0 0 0 0 0 0 0 0 0 0 0 0 0 0 0 0 0 30936
0 0 0.00269353 1.14993 0.430987 90.092 0.000881773 0.000386307 0.00735205 2.24468 -14.0846 0 0 0 0 0 0 0 0 0 0 30989
0 0 0.00143611 1.04413 0.433569 53.5502 0.00129064 0.000547437 0.010097 1.38377 -3.79385 0 0 0 0 0 0 0 0 0 0 31041
0 0 0.00046699 1.0473 0.43443 78.175 0.00124709 0.000509015 0.00994657 1.58883 0 0 0 0 0 0 0 0 0 0 0 31093
0 0 0.000196004 0.838457 0.439741 85.502 0.00121889 0.000456522 0.0113518 2.14453 0 0 0 0 0 0 0 0 0 0 0 31145
0 0 0.000114388 0.812095 0.446091 89.5703 0.000772684 0.000322308 0.00419699 3.43465 0 0 0 0 0 0 0 0 0 0 0 31195
0 0 5.73216e-05 0.701069 0.467133 70.7863 0.000457617 0.000208825 0.00215516 7.01262 0 0 0 0 0 0 0 0 0 0 0 31248
0 0 6.33952e-05 0.605386 0.547633 63.0443 0.000427396 0.000235538 0.00179296 8.83171 0 0 0 0 0 0 0 0 0 0 0 31299
0 0 6.33952e-05 0.605386 0.547633 63.0443 0.000427396 0.000235538 0.00179296 8.83171 0 0 0 0 0 0 0 0 0 0 0 31358
0 0 0.000166527 0.451461 0.547822 18.9989 0.000741732 0.000413241 0.00376498 3.96203 0 0 0 0 0 0 0 0 0 0 0 31404
0 0 0.000140294 0.370205 0.541945 11.6088 0.00065814 0.000372565 0.00369621 4.51904 0 0 0 0 0 0 0 0 0 0 0 31455
0 0 5.78414e-05 0.304379 0.504817 21.9267 0.000386247 0.000214226 0.0028821 8.47622 0 0 0 0 0 0 0 0 0 0 0 31505
0 0 4.60904e-05 0.261343 0.47909 28.2723 0.000306199 0.000171729 0.00280739 10.3089 0 0 0 0 0 0 0 0 0 0 0 31555
0 0 5.32913e-05 0.228164 0.469278 25.2436 0.000278733 0.00017276 0.00293769 10.4384 0 0 0 0 0 0 0 0 0 0 0 31608
0 0 6.86373e-05 0.214692 0.473901 37.0888 0.000237139 0.000163197 0.00272771 12.2579 0 0 0 0 0 0 0 0 0 0 0 31661
0 0 6.86373e-05 0.214692 0.473901 37.0888 0.000237139 0.000163197 0.00272771 12.2579 0 0 0 0 0 0 0 0 0 0 0 31715
0 0 0.00013241 0.203681 0.460791 75.8829 0.000202471 0.000150649 0.00277937 13.3916 0 0 0 0 0 0 0 0 0 0 0 31767
0 0 0.000670417 0.194587 0.430273 92.15 0.00023165 0.000207703 0.00436036 8.16405 -8.59658 0 0 0 0 0 0 0 0 0 0 31820
0 0 0.000670417 0.194587 0.430273 92.15 0.00023165 0.000207703 0.00436036 8.16405 -8.59658 0 0 0 0 0 0 0 0 0 0 31873
0 0 0.000828125 0.193676 0.431643 80.6155 0.000351442 0.000273884 0.00539947 5.0612 -6.49305 0 0 0 0 0 0 0 0 0 0 31924
0 0 0.00120138 0.19319 0.42884 53.4081 0.000644866 0.000399168 0.00733136 2.50723 -4.31888 0 0 0 0 0 0 0 0 0 0 31978
0 0 0.0010929 0.192947 0.4298 11.889 0.00105733 0.000569046 0.00963867 1.35494 0 0 0 0 0 0 0 0 0 0 0 32032
0 0 0.00108736 0.192732 0.436828 8.43638 0.00118131 0.000609581 0.0101324 1.19242 0 0 0 0 0 0 0 0 0 0 0 32083
0 0 0.000982227 0.19269 0.441636 1.6837 0.0016618 0.000798161 0.0124385 0.763099 0 0 0 0 0 0 0 0 0 0 0 32134
0 0 0.00123028 0.192637 0.463355 0.392603 0.00242938 0.00113939 0.0164518 0.437835 0 0 0 0 0 0 0 0 0 0 0 32187
0 0 0.0014771 0.192647 0.505073 0.180418 0.00302842 0.00137359 0.0187048 0.328123 0 0 0 0 0 0 0 0 0 0 0 32239
0 0 0.00252429 0.192663 0.50141 0.15094 0.00365836 0.00165316 0.0213433 0.249702 0 0 0 0 0 0 0 0 0 0 0 32289
0 0 0.00336539 0.192654 0.5367 0.201672 0.00394069 0.00177216 0.0224258 0.224983 0 0 0 0 0 0 0 0 0 0 0 32342
0 0 0.00274496 0.192644 0.607445 0.351197 0.00397614 0.00179777 0.0228543 0.219408 0 0 0 0 0 0 0 0 0 0 0 32396
0 0 0.00264626 0.192662 0.651849 0.470516 0.00405633 0.00183789 0.0230937 0.214342 0 0 0 0 0 0 0 0 0 0 0 32449
0 0 0.00264626 0.192662 0.651849 0.470516 0.00405633 0.00183789 0.0230937 0.214342 0 0 0 0 0 0 0 0 0 0 0 32500
0 0 0.002392 0.192709 0.707203 0.67961 0.00408292 0.00184811 0.0235145 0.21129 0 0 0 0 0 0 0 0 0 0 0 32552
0 0 0.00234477 0.192735 0.8192 1.28861 0.00413291 0.00184951 0.0237929 0.210336 0 0 0 0 0 0 0 0 0 0 0 32603
0 0 0.00225699 0.192755 0.871071 1.67829 0.00416389 0.00185283 0.0243518 0.210931 0 0 0 0 0 0 0 0 0 0 0 32654
0 0 0.00219019 0.1928 1.10089 4.677 0.00409827 0.00184368 0.0254461 0.212926 0 0 0 0 0 0 0 0 0 0 0 32708
0 0 0 0 0 0 0 0 0 0 0 0 0 0 0 0 0 0 0 0 0 32761
0 0 0.00192343 0.192745 3.01818 81.8735 0.00355179 0.00183157 0.0334079 0.231825 0 0 0 0 0 0 0 0 0 0 0 32817
0 0 0 0 0 0 0 0 0 0 0 0 0 0 0 0 0 0 0 0 0 32873
0 0 0 0 0 0 0 0 0 0 0 0 0 0 0 0 0 0 0 0 0 32924
0 0 0 0 0 0 0 0 0 0 0 0 0 0 0 0 0 0 0 0 0 32977
0 0 0 0 0 0 0 0 0 0 0 0 0 0 0 0 0 0 0 0 0 33029
0 0 0 0 0 0 0 0 0 0 0 0 0 0 0 0 0 0 0 0 0 33083
0 0 0.00187509 0.193087 0.583329 8.11564 0.000251085 0.00182567 0.157621 0.629367 -39.7595 0 0 0 0 0 0 0 0 0 0 33135
0 0 0.00193718 0.193415 0.53928 8.00393 0.000218299 0.00182554 0.152341 0.682554 -39.325 0 0 0 0 0 0 0 0 0 0 33188
0 0 0.00202689 0.194161 0.526561 16.7679 0.00021193 0.00183152 0.209177 0.640607 -48.8052 0 0 0 0 0 0 0 0 0 0 33240
0 0 0.00194871 0.194549 0.497457 28.4153 0.000134455 0.00182384 0.282064 0.787005 -56.6563 0 0 0 0 0 0 0 0 0 0 33291
0 0 0.00194871 0.194549 0.497457 28.4153 0.000134455 0.00182384 0.282064 0.787005 -56.6563 0 0 0 0 0 0 0 0 0 0 33346
0 0 0.00207761 0.194019 0.484813 21.8185 0.000166901 0.00185209 0.204495 0.678575 -51.8145 0 0 0 0 0 0 0 0 0 0 33401
0 0 0.00207761 0.194019 0.484813 21.8185 0.000166901 0.00185209 0.204495 0.678575 -51.8145 0 0 0 0 0 0 0 0 0 0 33455
0 0 0.00230991 0.194075 0.521236 36.849 0.000180055 0.00186635 0.236071 0.566357 -59.5886 0 0 0 0 0 0 0 0 0 0 33505
0 0 0.0028782 0.193631 0.572185 37.2628 0.000229263 0.00186629 0.237101 0.48362 -59.8025 0 0 0 0 0 0 0 0 0 0 33560
0 0 0.0109931 0.19401 0.674502 41.4936 0.000297231 0.0018372 0.257432 0.397699 -61.85 0 0 0 0 0 0 0 0 0 0 33616
0 0 0.0403606 0.194325 1.14261 47.4156 0.000442612 0.00182499 0.26735 0.304293 -64.6694 0 0 0 0 0 0 0 0 0 0 33675
0 0 0.115075 0.195324 2.06197 49.114 0.000584176 0.00177251 0.283324 0.247587 -65.4172 0 0 0 0 0 0 0 0 0 0 33727
0 0 0.140623 0.195443 1.76373 47.7042 0.000766475 0.0017485 0.290649 0.205986 -64.4293 0 0 0 0 0 0 0 0 0 0 33782
0 0 0.197951 0.195266 2.08746 48.8673 0.000838484 0.00175062 0.294385 0.19373 -65.0532 0 0 0 0 0 0 0 0 0 0 33834
0 0 0.286414 0.19711 2.98658 77.6849 0.000883433 0.00169133 0.307375 0.182754 -65.918 0 0 0 0 0 0 0 0 0 0 33886
0 0 0.290899 0.1975 4.78175 95.3913 0.000897379 0.00167885 0.314098 0.179788 -66.4667 0 0 0 0 0 0 0 0 0 0 33940
0 0 0.295335 0.19902 9.71092 98.396 0.000915127 0.00163296 0.325641 0.174213 -70.4427 0 0 0 0 0 0 0 0 0 0 33992
0 0 0.311926 0.20305 92.1252 99.5733 0.00095265 0.00152233 0.352029 0.162963 -99.9882 0 0 0 0 0 0 0 0 0 0 34042
0 0 0.252848 0.205423 99.66 99.7058 0.000983497 0.00146122 0.360233 0.156777 -99.9822 0 0 0 0 0 0 0 0 0 0 34095
0 0 0.216774 0.213227 99.6684 99.7872 0.00104849 0.00128176 0.403358 0.138821 -99.9699 0 0 0 0 0 0 0 0 0 0 34146
0 0 0.123902 0.20979 99.4353 99.8297 0.00101612 0.00135533 0.375958 0.145763 -99.9491 0 0 0 0 0 0 0 0 0 0 34200
0 0 0.0791533 0.207198 96.3371 99.857 0.00100775 0.00140907 0.355012 0.149788 -99.8766 0 0 0 0 0 0 0 0 0 0 34251
0 0 0.0272014 0.207374 50.7278 99.8528 0.00102552 0.00141003 0.342186 0.150064 -98.7163 0 0 0 0 0 0 0 0 0 0 34302
0 0 0.0272014 0.207374 50.7278 99.8528 0.00102552 0.00141003 0.342186 0.150064 -98.7163 0 0 0 0 0 0 0 0 0 0 34355
0 0 0.0281463 0.217981 22.1186 99.8831 0.00112264 0.00119799 0.393954 0.130504 -97.0153 0 0 0 0 0 0 0 0 0 0 34406
0 0 0.0313465 0.214671 12.0043 99.8756 0.00112381 0.00127214 0.250408 0.138377 -98.8947 0 0 0 0 0 0 0 0 0 0 34459
0 0 0.048959 0.213063 9.32995 99.8717 0.00129254 0.00135484 0.130983 0.14989 -99.9436 0 0 0 0 0 0 0 0 0 0 34508
0 0 0.0433639 0.212473 9.16312 99.8565 0.00150252 0.00146893 0.090223 0.167961 -92.9577 0 0 0 0 0 0 0 0 0 0 34559
0 0 0.0263779 0.204884 9.42052 99.8039 0.00188596 0.00177804 0.0508526 0.207081 -73.4767 0 0 0 0 0 0 0 0 0 0 34614
0 0 0.0152494 0.20498 9.84182 99.735 0.00282664 0.00192889 0.035081 0.234207 -42.514 0 0 0 0 0 0 0 0 0 0 34664
0 0 0.0114122 0.20554 9.0209 99.3269 0.00385763 0.00213489 0.0222175 0.276997 -24.7927 0 0 0 0 0 0 0 0 0 0 34717
0 0 0.0114122 0.20554 9.0209 99.3269 0.00385763 0.00213489 0.0222175 0.276997 -24.7927 0 0 0 0 0 0 0 0 0 0 34769
0 0 0.00877103 0.207774 9.09779 98.801 0.00484001 0.00235999 0.0157212 0.33461 -13.8815 0 0 0 0 0 0 0 0 0 0 34822
0 0 0.00995095 0.20715 10.1649 97.9182 0.00525606 0.00307336 0.00966183 0.483207 -8.43256 0 0 0 0 0 0 0 0 0 0 34873
0 0 0.0118668 0.201432 8.95739 93.0779 0.00508111 0.00390364 0.00621876 0.625118 -1.6645 0 0 0 0 0 0 0 0 0 0 34924
0 0 0.0143621 0.198246 8.36554 84.083 0.00496064 0.00472039 0.0045511 0.779971 0 0 0 0 0 0 0 0 0 0 0 34977
0 0 0.0147117 0.195416 8.50097 82.8826 0.004814 0.00517351 0.00394638 0.854118 0 0 0 0 0 0 0 0 0 0 0 35032
0 0 0.0168054 0.194099 7.43812 64.0251 0.00472798 0.00574897 0.00321647 0.967344 0 0 0 0 0 0 0 0 0 0 0 35085
0 0 0.0206009 0.193634 9.55679 77.4167 0.00472704 0.00655672 0.00255791 1.15825 0 0 0 0 0 0 0 0 0 0 0 35138
0 0 0.0208352 0.193181 11.5168 89.2584 0.00467375 0.00663726 0.00242298 1.16674 0 0 0 0 0 0 0 0 0 0 0 35191
0 0 0.0255604 0.193147 13.6651 91.9215 0.00468211 0.00748611 0.0019334 1.38024 0 0 0 0 0 0 0 0 0 0 0 35247
0 0 0.0273721 0.192939 14.555 93.0505 0.00464471 0.00779004 0.00171722 1.44392 0 0 0 0 0 0 0 0 0 0 0 35299
0 0 0.030555 0.192848 16.831 95.7631 0.00462733 0.00828134 0.00147563 1.56393 0 0 0 0 0 0 0 0 0 0 0 35351
0 0 0.0203942 0.192716 18.9526 99.1784 0.00458352 0.00654776 0.00217814 1.1265 -0.103142 0 0 0 0 0 0 0 0 0 0 35402
0 0 0.0203942 0.192716 18.9526 99.1784 0.00458352 0.00654776 0.00217814 1.1265 -0.103142 0 0 0 0 0 0 0 0 0 0 35455
0 0 0.0164766 0.192604 19.4033 99.5956 0.00455215 0.0057624 0.00266908 0.942347 -5.28292 0 0 0 0 0 0 0 0 0 0 35505
0 0 0.0181944 0.192447 21.3646 99.6915 0.0045211 0.00607714 0.00250308 1.01 -3.20216 0 0 0 0 0 0 0 0 0 0 35557
0 0 0.0124561 0.192438 19.5679 99.7979 0.00449584 0.00492289 0.0038399 0.760015 -0.486595 0 0 0 0 0 0 0 0 0 0 35609
0 0 0.0116747 0.192289 19.9982 99.8506 0.0044499 0.0047228 0.0038627 0.714856 -1.31381 0 0 0 0 0 0 0 0 0 0 35660
0 0 0.0142996 0.19217 22.2841 99.8685 0.00443907 0.00526108 0.00311141 0.825784 0 0 0 0 0 0 0 0 0 0 0 35712
0 0 0.0131101 0.192222 21.7787 99.892 0.00442331 0.00488483 0.00314068 0.747652 -1.93832 0 0 0 0 0 0 0 0 0 0 35763
0 0 0.0139833 0.192222 21.8924 99.8994 0.00440198 0.00483551 0.00288897 0.738612 0 0 0 0 0 0 0 0 0 0 0 35814
0 0 0.014839 0.192116 21.3444 99.8996 0.00437048 0.0046683 0.00360832 0.70553 0 0 0 0 0 0 0 0 0 0 0 35865
0 0 0.014839 0.192116 21.3444 99.8996 0.00437048 0.0046683 0.00360832 0.70553 0 0 0 0 0 0 0 0 0 0 0 35918
0 0 0.0256429 0.192146 25.9437 99.9043 0.00435221 0.00597951 0.00242235 0.993956 0 0 0 0 0 0 0 0 0 0 0 35971
0 0 0.0245241 0.192293 24.3157 99.9044 0.00428116 0.00547298 0.0030771 0.895813 0 0 0 0 0 0 0 0 0 0 0 36021
0 0 0.0250568 0.192253 22.3194 99.9053 0.00421446 0.00488807 0.00389314 0.775665 0 0 0 0 0 0 0 0 0 0 0 36073
0 0 0.0325864 0.192341 22.6085 99.9052 0.00409161 0.00496642 0.00388 0.809761 0 0 0 0 0 0 0 0 0 0 0 36125
0 0 0.0754343 0.192199 24.8272 99.9086 0.00396636 0.00557972 0.0032489 0.971849 0 0 0 0 0 0 0 0 0 0 0 36175
0 0 0.151525 0.192015 23.8635 99.9097 0.0037966 0.0052962 0.00359843 0.926386 0 0 0 0 0 0 0 0 0 0 0 36225
0 0 0.0550364 0.192121 17.3333 99.911 0.0035328 0.0035262 0.00749305 0.553474 0 0 0 0 0 0 0 0 0 0 0 36277
0 0 0.0215464 0.192112 15.3647 99.9086 0.00326873 0.00307143 0.00959239 0.478836 0 0 0 0 0 0 0 0 0 0 0 36328
0 0 0.00855235 0.192226 12.2446 99.9072 0.00306057 0.00236485 0.0152718 0.347839 0 0 0 0 0 0 0 0 0 0 0 36379
0 0 0.00855235 0.192226 12.2446 99.9072 0.00306057 0.00236485 0.0152718 0.347839 0 0 0 0 0 0 0 0 0 0 0 36429
0 0 0.00373094 0.192303 10.7244 99.8904 0.0030745 0.00211272 0.018189 0.296775 0 0 0 0 0 0 0 0 0 0 0 36481
0 0 0.00270602 0.192472 9.48445 99.8393 0.00326735 0.00200757 0.0180021 0.267798 0 0 0 0 0 0 0 0 0 0 0 36533
0 0 0.0024437 0.192564 8.50721 99.7413 0.00348711 0.00198515 0.0170528 0.253832 0 0 0 0 0 0 0 0 0 0 0 36584
0 0 0.00234306 0.192634 6.72983 99.2296 0.00375928 0.00198108 0.0164257 0.241968 0 0 0 0 0 0 0 0 0 0 0 36637
0 0 0.00211712 0.192718 5.31348 98.1341 0.00403313 0.00189265 0.0182544 0.217635 0 0 0 0 0 0 0 0 0 0 0 36689
0 0 0.00203908 0.192766 3.85611 92.9772 0.00417185 0.00186093 0.0202433 0.208175 0 0 0 0 0 0 0 0 0 0 0 36740
0 0 0.00212553 0.192826 2.14702 49.7256 0.00433589 0.00185835 0.0208055 0.202901 0 0 0 0 0 0 0 0 0 0 0 36791
0 0 0.00227059 0.192869 1.35402 12.0352 0.00442238 0.00184739 0.022257 0.198723 0 0 0 0 0 0 0 0 0 0 0 36841
0 0 0.0023679 0.192928 1.01937 3.87775 0.00447814 0.00185189 0.0223849 0.197868 0 0 0 0 0 0 0 0 0 0 0 36893
0 0 0.00244811 0.192965 0.741912 1.00378 0.00451325 0.00185784 0.0217572 0.197791 0 0 0 0 0 0 0 0 0 0 0 36944
0 0 0.00240943 0.193065 0.81414 1.32491 0.00453252 0.00189531 0.0206567 0.202706 0 0 0 0 0 0 0 0 0 0 0 36995
0 0 0.0022976 0.193125 0.750577 0.815016 0.00453935 0.00191115 0.0198002 0.204858 0 0 0 0 0 0 0 0 0 0 0 37046
0 0 0.00239959 0.193441 0.682234 0.565073 0.00454426 0.00188641 0.0176269 0.201119 0 0 0 0 0 0 0 0 0 0 0 37098
0 0 0.00264501 0.19387 0.584306 0.290057 0.00454944 0.00187982 0.0183301 0.200169 0 0 0 0 0 0 0 0 0 0 0 37148
0 0 0.00290856 0.194399 0.545499 0.277189 0.0045559 0.00188828 0.0169181 0.201459 0 0 0 0 0 0 0 0 0 0 0 37199
0 0 0.00307256 0.194395 0.513034 0.24603 0.00456022 0.00190844 0.0170564 0.204384 0 0 0 0 0 0 0 0 0 0 0 37250
0 0 0.0029638 0.194493 0.521333 0.197649 0.00456266 0.00194127 0.0174163 0.209244 0 0 0 0 0 0 0 0 0 0 0 37301
0 0 0.0029638 0.194493 0.521333 0.197649 0.00456266 0.00194127 0.0174163 0.209244 0 0 0 0 0 0 0 0 0 0 0 37353
0 0 0.00341256 0.193953 0.521228 0.252936 0.00456405 0.00195071 0.0183194 0.210703 0 0 0 0 0 0 0 0 0 0 0 37404
0 0 0.00436355 0.194126 0.50231 0.424812 0.00456693 0.00193088 0.0210613 0.207868 0 0 0 0 0 0 0 0 0 0 0 37456
0 0 0.00413894 0.193931 0.479586 0.38219 0.00456761 0.00189761 0.0223191 0.203108 0 0 0 0 0 0 0 0 0 0 0 37509
0 0 0.00659942 0.193714 0.471785 1.03091 0.00456974 0.00186207 0.0231994 0.198134 0 0 0 0 0 0 0 0 0 0 0 37560
0 0 0.00877997 0.193706 0.476207 1.86075 0.00457244 0.00186266 0.0233041 0.198335 -0.911148 0 0 0 0 0 0 0 0 0 0 37609
0 0 0.0105929 0.193544 0.488166 2.76961 0.00457443 0.00187707 0.0229833 0.200485 -2.88542 0 0 0 0 0 0 0 0 0 0 37662
