0 0 0.00211273 0.192065 0.42592 0.0806779 0.00449921 0.00185171 0.0237907 0.194335 0 0 0 0 0 0 0 0 0 0 0 11008
0 0 0.00210362 0.191948 0.425376 0.0826735 0.00449944 0.00185483 0.0237538 0.194174 0 0 0 0 0 0 0 0 0 0 0 11058
0 0 0.00209874 0.191768 0.424577 0.0886674 0.00449673 0.0018586 0.0237171 0.194034 0 0 0 0 0 0 0 0 0 0 0 11109
0 0 0.00209874 0.191768 0.424577 0.0886674 0.00449673 0.0018586 0.0237171 0.194034 0 0 0 0 0 0 0 0 0 0 0 11161
0 0 0.00205595 0.191714 0.423528 0.0986323 0.00449956 0.0018582 0.0237093 0.193682 0 0 0 0 0 0 0 0 0 0 0 11217
0 0 0.00202925 0.192318 0.422806 0.125696 0.00452014 0.0018431 0.0237189 0.193439 0 0 0 0 0 0 0 0 0 0 0 11269
0 0 0.0020081 0.192412 0.420594 0.124626 0.00452546 0.00183897 0.0236891 0.193213 0 0 0 0 0 0 0 0 0 0 0 11319
0 0 0.0020176 0.192366 0.417874 0.131604 0.00452845 0.00183863 0.0235661 0.193039 0 0 0 0 0 0 0 0 0 0 0 11373
0 0 0.0020176 0.192366 0.417874 0.131604 0.00452845 0.00183863 0.0235661 0.193039 0 0 0 0 0 0 0 0 0 0 0 11425
0 0 0.00203667 0.192308 0.413388 0.140087 0.00452988 0.00183895 0.0231394 0.192925 0 0 0 0 0 0 0 0 0 0 0 11477
0 0 0.00202347 0.192205 0.415116 0.164509 0.00453008 0.00184096 0.0233741 0.192932 0 0 0 0 0 0 0 0 0 0 0 11530
0 0 0.0019972 0.192197 0.419876 0.216479 0.00453365 0.00184113 0.0237255 0.192954 0 0 0 0 0 0 0 0 0 0 0 11580
0 0 0.00198554 0.192377 0.423005 0.248954 0.00453926 0.00183813 0.0238283 0.193087 0 0 0 0 0 0 0 0 0 0 0 11633
0 0 0.00198554 0.192377 0.423005 0.248954 0.00453926 0.00183813 0.0238283 0.193087 0 0 0 0 0 0 0 0 0 0 0 11683
0 0 0.00198061 0.192447 0.424375 0.218911 0.0045397 0.00183746 0.0238767 0.193198 0 0 0 0 0 0 0 0 0 0 0 11734
0 0 0.00198561 0.192487 0.426295 0.188601 0.00454301 0.00184046 0.0238152 0.193765 0 0 0 0 0 0 0 0 0 0 0 11784
0 0 0.00198561 0.192487 0.426295 0.188601 0.00454301 0.00184046 0.0238152 0.193765 0 0 0 0 0 0 0 0 0 0 0 11843
0 0 0.00199601 0.192504 0.427897 0.141668 0.00454211 0.00184521 0.0237079 0.194524 0 0 0 0 0 0 0 0 0 0 0 11894
0 0 0.00200172 0.19255 0.428652 0.10994 0.00454284 0.00184688 0.0236523 0.194911 0 0 0 0 0 0 0 0 0 0 0 11944
0 0 0.00201682 0.192581 0.43063 0.0945746 0.00454652 0.0018537 0.0234796 0.196007 0 0 0 0 0 0 0 0 0 0 0 12002
0 0 0.00201682 0.192581 0.43063 0.0945746 0.00454652 0.0018537 0.0234796 0.196007 0 0 0 0 0 0 0 0 0 0 0 12055
0 0 0.00203255 0.192598 0.432578 0.0871496 0.00454509 0.00186101 0.0233095 0.197121 0 0 0 0 0 0 0 0 0 0 0 12109
0 0 0.00203801 0.192625 0.43321 0.084682 0.00454392 0.00186291 0.0232543 0.197474 0 0 0 0 0 0 0 0 0 0 0 12162
0 0 0.00203801 0.192625 0.43321 0.084682 0.00454392 0.00186291 0.0232543 0.197474 0 0 0 0 0 0 0 0 0 0 0 12213
0 0 0.00205234 0.192623 0.434812 0.0859341 0.00454298 0.00186995 0.0230924 0.198495 0 0 0 0 0 0 0 0 0 0 0 12267
0 0 0.00205234 0.192623 0.434812 0.0859341 0.00454298 0.00186995 0.0230924 0.198495 0 0 0 0 0 0 0 0 0 0 0 12317
0 0 0.00205938 0.19262 0.435575 0.0865464 0.00454043 0.0018734 0.0230192 0.198982 0 0 0 0 0 0 0 0 0 0 0 12371
0 0 0.00205675 0.192633 0.435336 0.0862964 0.00453931 0.00187184 0.0230499 0.198806 0 0 0 0 0 0 0 0 0 0 0 12429
0 0 0.00204354 0.192655 0.433809 0.0851126 0.00453694 0.00186492 0.0232038 0.197873 0 0 0 0 0 0 0 0 0 0 0 12481
0 0 0.00204354 0.192655 0.433809 0.0851126 0.00453694 0.00186492 0.0232038 0.197873 0 0 0 0 0 0 0 0 0 0 0 12580
0 0 0.00202793 0.192668 0.431935 0.0837146 0.00453602 0.00185686 0.0233873 0.196741 0 0 0 0 0 0 0 0 0 0 0 12718
0 0 0.00201516 0.192677 0.430245 0.0824986 0.00453316 0.00185014 0.0235529 0.195715 0 0 0 0 0 0 0 0 0 0 0 12769
0 0 0.0020121 0.192694 0.429687 0.0820839 0.00453235 0.00184743 0.0236228 0.195281 0 0 0 0 0 0 0 0 0 0 0 12819
0 0 0.00201447 0.192707 0.429969 0.0822545 0.00453017 0.00184869 0.0236169 0.195441 0 0 0 0 0 0 0 0 0 0 0 12877
0 0 0.00201447 0.192707 0.429969 0.0822545 0.00453017 0.00184869 0.0236169 0.195441 0 0 0 0 0 0 0 0 0 0 0 12932
0 0 0.00200752 0.192737 0.428884 0.0815251 0.00452663 0.00184471 0.0237269 0.19486 0 0 0 0 0 0 0 0 0 0 0 12989
0 0 0.00200693 0.192745 0.428173 0.0810145 0.00452329 0.00184194 0.0238058 0.194544 0 0 0 0 0 0 0 0 0 0 0 13046
0 0 0.00200693 0.192745 0.428173 0.0810145 0.00452329 0.00184194 0.0238058 0.194544 0 0 0 0 0 0 0 0 0 0 0 13099
0 0 0.00200281 0.192784 0.427566 0.0805884 0.00451847 0.00183975 0.0238531 0.194332 0 0 0 0 0 0 0 0 0 0 0 13151
0 0 0.00200062 0.192801 0.427005 0.0803567 0.00451351 0.00183803 0.0238838 0.194108 0 0 0 0 0 0 0 0 0 0 0 13204
0 0 0.00199508 0.192784 0.426203 0.0807504 0.00450704 0.00183759 0.0238499 0.19381 0 0 0 0 0 0 0 0 0 0 0 13258
0 0 0.00198946 0.192811 0.42566 0.084563 0.00449762 0.00183623 0.0236417 0.193771 0 0 0 0 0 0 0 0 0 0 0 13312
0 0 0.00198946 0.192811 0.42566 0.084563 0.00449762 0.00183623 0.0236417 0.193771 0 0 0 0 0 0 0 0 0 0 0 13369
0 0 0.00198892 0.192863 0.425658 0.0856855 0.00448099 0.00183483 0.0235764 0.19412 0 0 0 0 0 0 0 0 0 0 0 13419
0 0 0.00198571 0.192873 0.425633 0.0828713 0.00447294 0.00183504 0.0237565 0.194348 0 0 0 0 0 0 0 0 0 0 0 13475
0 0 0.00198684 0.192856 0.425827 0.0800098 0.00444758 0.0018346 0.023958 0.195039 0 0 0 0 0 0 0 0 0 0 0 13533
0 0 0.00198684 0.192856 0.425827 0.0800098 0.00444758 0.0018346 0.023958 0.195039 0 0 0 0 0 0 0 0 0 0 0 13585
0 0 0.00198238 0.192758 0.425632 0.0799694 0.0044223 0.00183642 0.0239802 0.195655 0 0 0 0 0 0 0 0 0 0 0 13635
0 0 0.00198126 0.192726 0.425535 0.0802102 0.00438626 0.00183557 0.0239957 0.19666 0 0 0 0 0 0 0 0 0 0 0 13689
0 0 0.00197911 0.192616 0.425445 0.0807743 0.00434882 0.00183688 0.0239249 0.197674 0 0 0 0 0 0 0 0 0 0 0 13743
0 0 0.00197723 0.192573 0.425447 0.0819036 0.00431637 0.00183758 0.0238143 0.198667 0 0 0 0 0 0 0 0 0 0 0 13798
0 0 0.00197723 0.192573 0.425447 0.0819036 0.00431637 0.00183758 0.0238143 0.198667 0 0 0 0 0 0 0 0 0 0 0 13854
0 0 0.00197967 0.192488 0.425628 0.0821106 0.00427684 0.00183866 0.0238369 0.199929 0 0 0 0 0 0 0 0 0 0 0 13907
0 0 0.00198241 0.192486 0.426016 0.0831253 0.0042869 0.00183906 0.0238368 0.199865 0 0 0 0 0 0 0 0 0 0 0 13957
0 0 0.00198212 0.192356 0.426082 0.0827758 0.00426204 0.0018422 0.0238884 0.20065 0 0 0 0 0 0 0 0 0 0 0 14008
0 0 0.00197943 0.192203 0.425676 0.0835294 0.00418781 0.00184377 0.0239557 0.202629 0 0 0 0 0 0 0 0 0 0 0 14059
0 0 0.00197943 0.192203 0.425676 0.0835294 0.00418781 0.00184377 0.0239557 0.202629 0 0 0 0 0 0 0 0 0 0 0 14123
0 0 0.00197511 0.192026 0.425243 0.0834332 0.00413617 0.00184716 0.0239614 0.204093 0 0 0 0 0 0 0 0 0 0 0 14179
0 0 0.00197295 0.1922 0.425639 0.0834706 0.00411106 0.0018432 0.0240451 0.205213 0 0 0 0 0 0 0 0 0 0 0 14248
0 0 0.0019694 0.192222 0.42595 0.083629 0.0041115 0.00184284 0.0241183 0.205697 0 0 0 0 0 0 0 0 0 0 0 14311
0 0 0.00195724 0.192198 0.425792 0.0852769 0.00417164 0.00184308 0.0243386 0.204679 0 0 0 0 0 0 0 0 0 0 0 14365
0 0 0.00194173 0.192192 0.425869 0.085539 0.00419374 0.00184429 0.0245803 0.205291 0 0 0 0 0 0 0 0 0 0 0 14418
0 0 0.00194173 0.192192 0.425869 0.085539 0.00419374 0.00184429 0.0245803 0.205291 0 0 0 0 0 0 0 0 0 0 0 14469
0 0 0.00193446 0.192028 0.425558 0.0883757 0.00423445 0.00184844 0.0246908 0.20454 0 0 0 0 0 0 0 0 0 0 0 14521
0 0 0.00190201 0.191891 0.425323 0.088935 0.0043056 0.00185189 0.0254217 0.205089 0 0 0 0 0 0 0 0 0 0 0 14574
0 0 0.00187677 0.191977 0.425642 0.0896744 0.00436505 0.00185069 0.0261417 0.206123 0 0 0 0 0 0 0 0 0 0 0 14629
0 0 0.00187677 0.191977 0.425642 0.0896744 0.00436505 0.00185069 0.0261417 0.206123 0 0 0 0 0 0 0 0 0 0 0 14683
0 0 0.00185029 0.192088 0.42577 0.087516 0.00442777 0.00184827 0.0269285 0.207148 0 0 0 0 0 0 0 0 0 0 0 14738
0 0 0.00185029 0.192088 0.42577 0.087516 0.00442777 0.00184827 0.0269285 0.207148 0 0 0 0 0 0 0 0 0 0 0 14793
0 0 0.00186173 0.191962 0.425992 0.0880655 0.00441297 0.00185302 0.0264682 0.206602 0 0 0 0 0 0 0 0 0 0 0 14854
0 0 0.00186173 0.191962 0.425992 0.0880655 0.00441297 0.00185302 0.0264682 0.206602 0 0 0 0 0 0 0 0 0 0 0 14904
0 0 0.0018815 0.191988 0.426586 0.0876849 0.0044181 0.00185542 0.0258108 0.204974 0 0 0 0 0 0 0 0 0 0 0 14955
0 0 0.00187681 0.191765 0.426446 0.0875698 0.00442848 0.00186228 0.0258753 0.205225 0 0 0 0 0 0 0 0 0 0 0 15005
0 0 0.00187681 0.191765 0.426446 0.0875698 0.00442848 0.00186228 0.0258753 0.205225 0 0 0 0 0 0 0 0 0 0 0 15058
0 0 0.00186491 0.191818 0.42707 0.0889541 0.00446732 0.0018648 0.0261686 0.205941 0 0 0 0 0 0 0 0 0 0 0 15111
0 0 0.00188642 0.191715 0.425729 0.0891791 0.00445166 0.00186253 0.0256067 0.203197 0 0 0 0 0 0 0 0 0 0 0 15173
0 0 0.00192388 0.191768 0.42561 0.0894852 0.00441947 0.00185972 0.0248866 0.201011 0 0 0 0 0 0 0 0 0 0 0 15231
0 0 0.0019436 0.191715 0.425599 0.0912705 0.00436781 0.00186126 0.0244967 0.20093 0 0 0 0 0 0 0 0 0 0 0 15287
0 0 0.00196391 0.191863 0.425338 0.0957585 0.0043426 0.00185683 0.0241154 0.199796 0 0 0 0 0 0 0 0 0 0 0 15343
0 0 0.00196774 0.191525 0.42438 0.100295 0.00431078 0.00186281 0.0239505 0.199825 0 0 0 0 0 0 0 0 0 0 0 15394
0 0 0.00196774 0.191525 0.42438 0.100295 0.00431078 0.00186281 0.0239505 0.199825 0 0 0 0 0 0 0 0 0 0 0 15445
0 0 0.00197466 0.191501 0.423944 0.103954 0.00429681 0.00186143 0.0237772 0.199488 0 0 0 0 0 0 0 0 0 0 0 15501
0 0 0.00197613 0.191086 0.423097 0.110042 0.00425966 0.0018706 0.0237037 0.200024 0 0 0 0 0 0 0 0 0 0 0 15554
0 0 0.00198041 0.190939 0.422799 0.109219 0.00418465 0.00187215 0.0236644 0.201832 0 0 0 0 0 0 0 0 0 0 0 15608
0 0 0.00198041 0.190939 0.422799 0.109219 0.00418465 0.00187215 0.0236644 0.201832 0 0 0 0 0 0 0 0 0 0 0 15663
0 0 0.00197801 0.190683 0.422545 0.113603 0.00410204 0.00187972 0.0236412 0.204302 0 0 0 0 0 0 0 0 0 0 0 15718
0 0 0.00197242 0.190097 0.421524 0.129933 0.00400661 0.00189312 0.023565 0.207021 0 0 0 0 0 0 0 0 0 0 0 15771
0 0 0.00197176 0.190377 0.422312 0.128372 0.00399642 0.00188772 0.0235891 0.207711 0 0 0 0 0 0 0 0 0 0 0 15821
0 0 0.00197176 0.190377 0.422312 0.128372 0.00399642 0.00188772 0.0235891 0.207711 0 0 0 0 0 0 0 0 0 0 0 15873
0 0 0.00197333 0.190075 0.42238 0.128041 0.00394912 0.0018962 0.0235295 0.209365 0 0 0 0 0 0 0 0 0 0 0 15924
0 0 0.00197017 0.189509 0.421917 0.163212 0.00388959 0.00191048 0.0234242 0.211255 0 0 0 0 0 0 0 0 0 0 0 15976
0 0 0.00197855 0.189906 0.423604 0.190416 0.00384072 0.00190471 0.023394 0.213622 0 0 0 0 0 0 0 0 0 0 0 16029
0 0 0.00197558 0.189559 0.422819 0.247517 0.00374037 0.00191134 0.023368 0.216691 0 0 0 0 0 0 0 0 0 0 0 16086
0 0 0.00197558 0.189559 0.422819 0.247517 0.00374037 0.00191134 0.023368 0.216691 0 0 0 0 0 0 0 0 0 0 0 16139
0 0 0.00197632 0.189217 0.422777 0.243165 0.00368142 0.00192102 0.0232581 0.218986 0 0 0 0 0 0 0 0 0 0 0 16190
0 0 0.00196799 0.18838 0.421315 0.182848 0.00363335 0.0019387 0.0231531 0.220206 0 0 0 0 0 0 0 0 0 0 0 16246
0 0 0.00196212 0.186804 0.41951 0.161035 0.00357234 0.00197922 0.0228676 0.222484 0 0 0 0 0 0 0 0 0 0 0 16301
0 0 0.00192927 0.183899 0.413011 0.162233 0.00344323 0.00204384 0.0226535 0.224894 0 0 0 0 0 0 0 0 0 0 0 16351
0 0 0.00192927 0.183899 0.413011 0.162233 0.00344323 0.00204384 0.0226535 0.224894 0 0 0 0 0 0 0 0 0 0 0 16404
0 0 0.00193289 0.184953 0.41435 0.176776 0.00340678 0.00201538 0.0228508 0.226578 0 0 0 0 0 0 0 0 0 0 0 16454
0 0 0.00193696 0.186041 0.415583 0.173956 0.00342487 0.00198566 0.023059 0.226122 0 0 0 0 0 0 0 0 0 0 0 16510
0 0 0.00195315 0.188153 0.419458 0.174843 0.0030937 0.00193528 0.023344 0.241544 0 0 0 0 0 0 0 0 0 0 0 16566
0 0 0.00195315 0.188153 0.419458 0.174843 0.0030937 0.00193528 0.023344 0.241544 0 0 0 0 0 0 0 0 0 0 0 16620
0 0 0.00196117 0.189398 0.421615 0.233953 0.00277478 0.00190686 0.0234964 0.25847 0 0 0 0 0 0 0 0 0 0 0 16677
0 0 0.00196926 0.190178 0.423286 0.208445 0.00276959 0.00189028 0.0235719 0.259422 0 0 0 0 0 0 0 0 0 0 0 16731
0 0 0.00197281 0.190701 0.424192 0.174462 0.00261801 0.00187795 0.0236541 0.268423 0 0 0 0 0 0 0 0 0 0 0 16784
0 0 0.00197588 0.190918 0.424908 0.172507 0.00219959 0.00187221 0.023705 0.297835 0 0 0 0 0 0 0 0 0 0 0 16834
0 0 0.00197588 0.190918 0.424908 0.172507 0.00219959 0.00187221 0.023705 0.297835 0 0 0 0 0 0 0 0 0 0 0 16890
0 0 0.00199136 0.191 0.426312 0.177889 0.00193237 0.00187463 0.0236151 0.322764 0 0 0 0 0 0 0 0 0 0 0 16943
0 0 0.00201103 0.190926 0.428139 0.160433 0.00167416 0.00188433 0.023424 0.353412 0 0 0 0 0 0 0 0 0 0 0 16995
0 0 0.00206839 0.191027 0.432682 0.154056 0.00176426 0.00190181 0.0229909 0.347396 0 0 0 0 0 0 0 0 0 0 0 17045
0 0 0.00206839 0.191027 0.432682 0.154056 0.00176426 0.00190181 0.0229909 0.347396 0 0 0 0 0 0 0 0 0 0 0 17098
0 0 0.0023167 0.190269 0.45605 0.169221 0.00199328 0.00203168 0.0206226 0.348355 0 0 0 0 0 0 0 0 0 0 0 17154
0 0 0.0023167 0.190269 0.45605 0.169221 0.00199328 0.00203168 0.0206226 0.348355 0 0 0 0 0 0 0 0 0 0 0 17206
0 0 0.00239822 0.190528 0.462772 0.282682 0.00242714 0.00205412 0.0201238 0.315825 0 0 0 0 0 0 0 0 0 0 0 17259
0 0 0.00267167 0.190342 0.492041 0.32296 0.0028322 0.00219269 0.0179092 0.313811 0 0 0 0 0 0 0 0 0 0 0 17313
0 0 0.00267167 0.190342 0.492041 0.32296 0.0028322 0.00219269 0.0179092 0.313811 0 0 0 0 0 0 0 0 0 0 0 17365
0 0 0.00304166 0.190783 0.532613 0.289029 0.00278492 0.0023584 0.0155584 0.35309 0 0 0 0 0 0 0 0 0 0 0 17419
0 0 0.00279233 0.190562 0.510343 0.24045 0.00279859 0.0022658 0.016802 0.331868 0 0 0 0 0 0 0 0 0 0 0 17473
0 0 0.00246429 0.19046 0.477123 0.223255 0.00236574 0.00212082 0.0190019 0.334537 0 0 0 0 0 0 0 0 0 0 0 17527
0 0 0.00246429 0.19046 0.477123 0.223255 0.00236574 0.00212082 0.0190019 0.334537 0 0 0 0 0 0 0 0 0 0 0 17581
0 0 0.00218965 0.190501 0.448171 0.213783 0.00246228 0.00199096 0.0213272 0.299786 0 0 0 0 0 0 0 0 0 0 0 17636
0 0 0.00205383 0.190526 0.433141 0.175164 0.00244698 0.00192269 0.0227299 0.287019 0 0 0 0 0 0 0 0 0 0 0 17690
0 0 0.00202959 0.190417 0.430228 0.1667 0.00209335 0.0019144 0.0229545 0.312677 0 0 0 0 0 0 0 0 0 0 0 17741
0 0 0.00202959 0.190417 0.430228 0.1667 0.00209335 0.0019144 0.0229545 0.312677 0 0 0 0 0 0 0 0 0 0 0 17798
0 0 0.00198826 0.188941 0.423879 0.164744 0.0027391 0.0019322 0.0231293 0.262357 0 0 0 0 0 0 0 0 0 0 0 17852
0 0 0.00198826 0.188941 0.423879 0.164744 0.0027391 0.0019322 0.0231293 0.262357 0 0 0 0 0 0 0 0 0 0 0 17909
0 0 0.0019855 0.188521 0.423008 0.241412 0.00329429 0.00194206 0.0230647 0.234689 0 0 0 0 0 0 0 0 0 0 0 17964
0 0 0.00198994 0.189057 0.424434 0.208018 0.00353146 0.00193197 0.0230243 0.225775 0 0 0 0 0 0 0 0 0 0 0 18014
0 0 0.00200803 0.189277 0.426535 0.174572 0.00348786 0.0019349 0.0229102 0.228827 0 0 0 0 0 0 0 0 0 0 0 18067
0 0 0.00200803 0.189277 0.426535 0.174572 0.00348786 0.0019349 0.0229102 0.228827 0 0 0 0 0 0 0 0 0 0 0 18120
0 0 0.00200803 0.189277 0.426535 0.174572 0.00348786 0.0019349 0.0229102 0.228827 0 0 0 0 0 0 0 0 0 0 0 18170
0 0 0.00216243 0.191461 0.446038 0.145915 0.00348398 0.0019543 0.0217152 0.241692 0 0 0 0 0 0 0 0 0 0 0 18222
0 0 0.00216243 0.191461 0.446038 0.145915 0.00348398 0.0019543 0.0217152 0.241692 0 0 0 0 0 0 0 0 0 0 0 18275
0 0 0.00221657 0.191887 0.4524 0.119304 0.00335066 0.00196904 0.0212705 0.251926 0 0 0 0 0 0 0 0 0 0 0 18337
0 0 0.00220244 0.192266 0.451167 0.121837 0.00332022 0.0019521 0.021476 0.252043 0 0 0 0 0 0 0 0 0 0 0 18388
0 0 0.00221318 0.192393 0.452472 0.127281 0.00357369 0.00195396 0.0213923 0.242052 0 0 0 0 0 0 0 0 0 0 0 18440
0 0 0.00214988 0.192418 0.445273 0.133079 0.00370854 0.00192232 0.0220209 0.23157 0 0 0 0 0 0 0 0 0 0 0 18491
0 0 0.00214988 0.192418 0.445273 0.133079 0.00370854 0.00192232 0.0220209 0.23157 0 0 0 0 0 0 0 0 0 0 0 18544
0 0 0.00217118 0.19235 0.446691 0.142564 0.00405776 0.00193149 0.021787 0.220464 0 0 0 0 0 0 0 0 0 0 0 18594
0 0 0.00216731 0.192334 0.446503 0.150632 0.00426149 0.00193397 0.0217716 0.214022 0 0 0 0 0 0 0 0 0 0 0 18649
0 0 0.00216731 0.192334 0.446503 0.150632 0.00426149 0.00193397 0.0217716 0.214022 0 0 0 0 0 0 0 0 0 0 0 18700
0 0 0.00214576 0.192264 0.444238 0.159405 0.00440812 0.00193111 0.0218696 0.208297 0 0 0 0 0 0 0 0 0 0 0 18750
0 0 0.00214676 0.192468 0.444014 0.198854 0.00446658 0.0019361 0.0218446 0.206706 0 0 0 0 0 0 0 0 0 0 0 18802
0 0 0.0021516 0.192941 0.444382 0.238784 0.00449409 0.00194186 0.021803 0.206347 0 0 0 0 0 0 0 0 0 0 0 18859
0 0 0.0021516 0.192941 0.444382 0.238784 0.00449409 0.00194186 0.021803 0.206347 0 0 0 0 0 0 0 0 0 0 0 18911
0 0 0.00229848 0.193745 0.461089 0.20001 0.00449691 0.00200961 0.0204642 0.216856 0 0 0 0 0 0 0 0 0 0 0 18964
0 0 0.00242946 0.194807 0.475191 0.148616 0.0045018 0.00206836 0.0193698 0.225828 0 0 0 0 0 0 0 0 0 0 0 19015
0 0 0.00242131 0.197461 0.474256 0.178584 0.00450811 0.00206189 0.0194813 0.224962 0 0 0 0 0 0 0 0 0 0 0 19067
0 0 0.00238077 0.200011 0.46976 0.171523 0.00451339 0.00204005 0.0198268 0.221881 0 0 0 0 0 0 0 0 0 0 0 19121
0 0 0.00238077 0.200011 0.46976 0.171523 0.00451339 0.00204005 0.0198268 0.221881 0 0 0 0 0 0 0 0 0 0 0 19174
0 0 0.00241945 0.206928 0.473852 0.166621 0.00451449 0.00205983 0.0194785 0.224596 0 0 0 0 0 0 0 0 0 0 0 19224
0 0 0.00227885 0.216021 0.458245 0.181809 0.004509 0.00200233 0.0206359 0.214904 0 0 0 0 0 0 0 0 0 0 0 19276
0 0 0.00227885 0.216021 0.458245 0.181809 0.004509 0.00200233 0.0206359 0.214904 0 0 0 0 0 0 0 0 0 0 0 19328
0 0 0.0021704 0.231118 0.446053 0.167236 0.00450605 0.00195206 0.0215618 0.207241 0 0 0 0 0 0 0 0 0 0 0 19381
0 0 0.0020781 0.236692 0.435375 0.12966 0.00449797 0.00191147 0.0224385 0.200857 0 0 0 0 0 0 0 0 0 0 0 19435
0 0 0.00202945 0.235271 0.429694 0.113026 0.00448384 0.00190819 0.0227949 0.19829 0 0 0 0 0 0 0 0 0 0 0 19486
0 0 0.00202945 0.235271 0.429694 0.113026 0.00448384 0.00190819 0.0227949 0.19829 0 0 0 0 0 0 0 0 0 0 0 19542
0 0 0.00198525 0.227009 0.425562 0.104607 0.00448859 0.00188875 0.0233027 0.195858 0 0 0 0 0 0 0 0 0 0 0 19596
0 0 0.00195735 0.217071 0.424554 0.100175 0.00450636 0.0018729 0.0237899 0.195512 0 0 0 0 0 0 0 0 0 0 0 19650
0 0 0.0019057 0.203434 0.424407 0.0943969 0.00455197 0.00186335 0.0246092 0.197398 0 0 0 0 0 0 0 0 0 0 0 19704
0 0 0.00183947 0.197412 0.425153 0.0962905 0.00462501 0.00185082 0.0260171 0.202323 0 0 0 0 0 0 0 0 0 0 0 19758
0 0 0.00177275 0.194724 0.424218 0.0943371 0.00463794 0.00186302 0.0279467 0.208108 0 0 0 0 0 0 0 0 0 0 0 19811
0 0 0.00177275 0.194724 0.424218 0.0943371 0.00463794 0.00186302 0.0279467 0.208108 0 0 0 0 0 0 0 0 0 0 0 19862
0 0 0.00164324 0.193398 0.42506 0.0993601 0.0047288 0.0018563 0.032324 0.220915 0 0 0 0 0 0 0 0 0 0 0 19914
0 0 0.00154895 0.19268 0.425329 0.101065 0.00481182 0.00185402 0.0363251 0.23081 0 0 0 0 0 0 0 0 0 0 0 19964
0 0 0.00138232 0.192342 0.425423 0.11019 0.00496428 0.00185008 0.0448757 0.250985 0 0 0 0 0 0 0 0 0 0 0 20015
0 0 0.00138232 0.192342 0.425423 0.11019 0.00496428 0.00185008 0.0448757 0.250985 0 0 0 0 0 0 0 0 0 0 0 20065
0 0 0.00147107 0.192212 0.425731 0.157773 0.00476675 0.00184819 0.0366316 0.243758 0 0 0 0 0 0 0 0 0 0 0 20122
0 0 0.00158546 0.191593 0.425004 0.0990673 0.00443957 0.00186057 0.0349166 0.237078 0 0 0 0 0 0 0 0 0 0 0 20173
0 0 0.00181201 0.191097 0.424905 0.0901539 0.00384952 0.00187006 0.0274938 0.228356 0 0 0 0 0 0 0 0 0 0 0 20229
0 0 0.00181201 0.191097 0.424905 0.0901539 0.00384952 0.00187006 0.0274938 0.228356 0 0 0 0 0 0 0 0 0 0 0 20282
0 0 0.00190587 0.190652 0.424556 0.091794 0.00363925 0.00187828 0.0249561 0.225155 0 0 0 0 0 0 0 0 0 0 0 20338
0 0 0.00193448 0.190001 0.423229 0.0980012 0.00372209 0.00189155 0.0240227 0.217783 0 0 0 0 0 0 0 0 0 0 0 20387
0 0 0.00193286 0.187258 0.417922 0.122917 0.00388254 0.00195304 0.0233562 0.209487 0 0 0 0 0 0 0 0 0 0 0 20440
0 0 0.00193198 0.185243 0.414054 0.156143 0.0038923 0.00200277 0.0229207 0.207804 0 0 0 0 0 0 0 0 0 0 0 20494
0 0 0.00193198 0.185243 0.414054 0.156143 0.0038923 0.00200277 0.0229207 0.207804 0 0 0 0 0 0 0 0 0 0 0 20545
0 0 0.00192549 0.183167 0.411004 0.181898 0.00387846 0.00206259 0.0225014 0.207949 0 0 0 0 0 0 0 0 0 0 0 20596
0 0 0.00192549 0.183167 0.411004 0.181898 0.00387846 0.00206259 0.0225014 0.207949 0 0 0 0 0 0 0 0 0 0 0 20647
0 0 0.0019243 0.178584 0.405907 0.203963 0.00380669 0.00220599 0.0213741 0.210365 0 0 0 0 0 0 0 0 0 0 0 20700
0 0 0.00192467 0.175621 0.403874 0.251895 0.00378626 0.00232501 0.0206621 0.21244 0 0 0 0 0 0 0 0 0 0 0 20751
0 0 0.00191535 0.172102 0.399616 0.256228 0.00383796 0.00246932 0.0197657 0.210943 0 0 0 0 0 0 0 0 0 0 0 20803
0 0 0.00202306 0.177057 0.415618 0.267664 0.00403726 0.00239153 0.0191837 0.212856 0 0 0 0 0 0 0 0 0 0 0 20856
0 0 0.00202306 0.177057 0.415618 0.267664 0.00403726 0.00239153 0.0191837 0.212856 0 0 0 0 0 0 0 0 0 0 0 20911
0 0 0.0019268 0.166345 0.39233 0.218405 0.00381224 0.00290617 0.014375 0.215246 0 0 0 0 0 0 0 0 0 0 0 20963
0 0 0.00163561 0.144837 0.334576 0.396254 0.00326317 0.00430567 0.0105092 0.214277 0 0 0 0 0 0 0 0 0 0 0 21018
0 0 0.00163561 0.144837 0.334576 0.396254 0.00326317 0.00430567 0.0105092 0.214277 0 0 0 0 0 0 0 0 0 0 0 21068
0 0 0.00109998 0.0921134 0.218431 0.749309 0.00203338 0.0146674 0.00514231 0.227577 0 0 0 0 0 0 0 0 0 0 0 21129
0 0 0.000311893 0.0238394 0.0629094 6.34866 0.000574179 0.338739 0.00129357 0.230054 14.2994 0 0 0 0 0 0 0 0 0 0 21184
0 0 0.000109799 0.00661893 0.02022 44.923 0.000184341 5.58392 0.000484851 0.231956 34.3081 0 0 0 0 0 0 0 0 0 0 21238
0 0 0.000109799 0.00661893 0.02022 44.923 0.000184341 5.58392 0.000484851 0.231956 34.3081 0 0 0 0 0 0 0 0 0 0 21289
0 0 7.45303e-05 0.00202438 0.0075893 88.3506 6.79197e-05 44.2439 0.000215857 0.245509 50.6004 0 0 0 0 0 0 0 0 0 0 21344
0 0 8.42216e-05 0.000915472 0.00395244 97.3221 3.42035e-05 83.6329 9.85347e-05 0.269204 55.5957 0 0 0 0 0 0 0 0 0 0 21397
0 0 8.33313e-05 0.000555859 0.00259123 98.9499 2.20938e-05 93.9293 6.26713e-05 0.275393 59.1468 0 0 0 0 0 0 0 0 0 0 21448
0 0 0.000137589 0.00177176 0.00579406 93.6567 5.22397e-05 63.8269 0.00016444 0.257837 48.7833 0 0 0 0 0 0 0 0 0 0 21504
0 0 0.000137589 0.00177176 0.00579406 93.6567 5.22397e-05 63.8269 0.00016444 0.257837 48.7833 0 0 0 0 0 0 0 0 0 0 21558
0 0 9.32286e-05 0.00379834 0.0101293 78.467 0.000100039 24.566 0.000373289 0.228915 48.3454 0 0 0 0 0 0 0 0 0 0 21614
0 0 0.000101478 0.00671305 0.0171344 51.4403 0.000176399 7.05271 0.000718256 0.216333 43.812 0 0 0 0 0 0 0 0 0 0 21667
0 0 0.000169691 0.0158846 0.0365893 16.06 0.000392739 1.03048 0.0016753 0.208914 34.1598 0 0 0 0 0 0 0 0 0 0 21723
0 0 0.000169691 0.0158846 0.0365893 16.06 0.000392739 1.03048 0.0016753 0.208914 34.1598 0 0 0 0 0 0 0 0 0 0 21776
0 0 0.00017929 0.0149849 0.039171 13.7196 0.000423139 0.821493 0.00188294 0.20429 33.2624 0 0 0 0 0 0 0 0 0 0 21828
0 0 0.000141268 0.0108071 0.0313892 20.0276 0.000342125 1.35582 0.00156394 0.200662 36.7718 0 0 0 0 0 0 0 0 0 0 21883
0 0 0.000141268 0.0108071 0.0313892 20.0276 0.000342125 1.35582 0.00156394 0.200662 36.7718 0 0 0 0 0 0 0 0 0 0 21938
0 0 0.000200667 0.0151342 0.0445319 10.3752 0.000478641 0.56246 0.00226578 0.199955 31.0573 0 0 0 0 0 0 0 0 0 0 21988
0 0 0.00036176 0.0280786 0.0793193 3.19925 0.000828775 0.134855 0.00404505 0.201438 21.7317 0 0 0 0 0 0 0 0 0 0 22040
0 0 0.00036176 0.0280786 0.0793193 3.19925 0.000828775 0.134855 0.00404505 0.201438 21.7317 0 0 0 0 0 0 0 0 0 0 22095
0 0 0.000816209 0.0696802 0.176931 0.563981 0.00183291 0.017849 0.00929265 0.200736 8.63214 0 0 0 0 0 0 0 0 0 0 22152
0 0 0.00172012 0.160591 0.36891 0.112805 0.00374745 0.00279916 0.0198815 0.201662 0 0 0 0 0 0 0 0 0 0 0 22204
0 0 0.00191271 0.18291 0.411525 0.0875241 0.00415907 0.00207879 0.0226604 0.201216 0 0 0 0 0 0 0 0 0 0 0 22255
0 0 0.00190226 0.182358 0.410156 0.0879845 0.00411574 0.00208856 0.0226883 0.201932 0 0 0 0 0 0 0 0 0 0 0 22308
0 0 0.00190226 0.182358 0.410156 0.0879845 0.00411574 0.00208856 0.0226883 0.201932 0 0 0 0 0 0 0 0 0 0 0 22359
0 0 0.00194772 0.188842 0.421947 0.0822243 0.00409371 0.00192633 0.023639 0.205764 0 0 0 0 0 0 0 0 0 0 0 22420
0 0 0.00195505 0.190271 0.424837 0.0815374 0.00383905 0.00189068 0.0239416 0.214594 0 0 0 0 0 0 0 0 0 0 0 22473
0 0 0.00196907 0.190976 0.425713 0.0837425 0.00343223 0.00187329 0.0239233 0.229051 0 0 0 0 0 0 0 0 0 0 0 22523
0 0 0.00197447 0.19067 0.424425 0.0887265 0.00306533 0.00187827 0.0238705 0.244375 0 0 0 0 0 0 0 0 0 0 0 22578
0 0 0.00197447 0.19067 0.424425 0.0887265 0.00306533 0.00187827 0.0238705 0.244375 0 0 0 0 0 0 0 0 0 0 0 22630
0 0 0.00198198 0.190651 0.423828 0.0939056 0.00294423 0.00187895 0.0237954 0.249901 0 0 0 0 0 0 0 0 0 0 0 22683
0 0 0.00198613 0.190274 0.423344 0.101112 0.00277438 0.00188955 0.0236469 0.258708 0 0 0 0 0 0 0 0 0 0 0 22737
0 0 0.00198613 0.190274 0.423344 0.101112 0.00277438 0.00188955 0.0236469 0.258708 0 0 0 0 0 0 0 0 0 0 0 22787
0 0 0.00199376 0.190397 0.423042 0.10973 0.00301901 0.00188621 0.0236418 0.245535 0 0 0 0 0 0 0 0 0 0 0 22838
0 0 0.00198145 0.188926 0.420111 0.113013 0.00329453 0.00192054 0.0233338 0.232054 0 0 0 0 0 0 0 0 0 0 0 22890
0 0 0.00198145 0.188926 0.420111 0.113013 0.00329453 0.00192054 0.0233338 0.232054 0 0 0 0 0 0 0 0 0 0 0 22944
0 0 0.00193926 0.183974 0.41065 0.113537 0.00356148 0.00204521 0.0220777 0.218899 0 0 0 0 0 0 0 0 0 0 0 22997
0 0 0.00182491 0.170413 0.386587 0.213556 0.00353934 0.00244027 0.0166461 0.213287 0 0 0 0 0 0 0 0 0 0 0 23048
0 0 0.00182491 0.170413 0.386587 0.213556 0.00353934 0.00244027 0.0166461 0.213287 0 0 0 0 0 0 0 0 0 0 0 23102
0 0 0.00161074 0.147891 0.342531 0.131718 0.00328045 0.00333816 0.0173676 0.207723 0 0 0 0 0 0 0 0 0 0 0 23156
0 0 0.00162253 0.149419 0.345019 0.128984 0.00334567 0.00325103 0.0184099 0.205723 0 0 0 0 0 0 0 0 0 0 0 23206
0 0 0.00147866 0.13518 0.315563 0.1561 0.00307111 0.00403906 0.0171163 0.204777 0 0 0 0 0 0 0 0 0 0 0 23257
0 0 0.00147866 0.13518 0.315563 0.1561 0.00307111 0.00403906 0.0171163 0.204777 0 0 0 0 0 0 0 0 0 0 0 23308
0 0 0.00141207 0.128278 0.301361 0.172604 0.00290191 0.00453294 0.016348 0.206013 0 0 0 0 0 0 0 0 0 0 0 23359
0 0 0.00160099 0.147816 0.340913 0.131499 0.0032364 0.00331472 0.0185896 0.207971 0 0 0 0 0 0 0 0 0 0 0 23412
0 0 0.0015177 0.139149 0.323705 0.147332 0.00313863 0.00377749 0.017602 0.205299 0 0 0 0 0 0 0 0 0 0 0 23464
0 0 0.0015177 0.139149 0.323705 0.147332 0.00313863 0.00377749 0.017602 0.205299 0 0 0 0 0 0 0 0 0 0 0 23519
0 0 0.00151318 0.140642 0.324546 0.144222 0.00321265 0.00365864 0.0180146 0.201669 0 0 0 0 0 0 0 0 0 0 0 23573
0 0 0.00146128 0.134213 0.311311 0.157649 0.00308832 0.00404555 0.0173575 0.201295 0 0 0 0 0 0 0 0 0 0 0 23628
0 0 0.00146003 0.133557 0.310418 0.159109 0.00306293 0.00409038 0.0172526 0.202179 0 0 0 0 0 0 0 0 0 0 0 23684
0 0 0.00146003 0.133557 0.310418 0.159109 0.00306293 0.00409038 0.0172526 0.202179 0 0 0 0 0 0 0 0 0 0 0 23738
0 0 0.00144514 0.131315 0.306269 0.164309 0.0029992 0.00424833 0.0169575 0.203467 0 0 0 0 0 0 0 0 0 0 0 23792
0 0 0.00148294 0.132908 0.310108 0.160667 0.00311035 0.00414449 0.0170927 0.200637 0 0 0 0 0 0 0 0 0 0 0 23843
0 0 0.00165958 0.147873 0.342141 0.131298 0.00343288 0.00329842 0.0186352 0.200841 0 0 0 0 0 0 0 0 0 0 0 23893
0 0 0.00165958 0.147873 0.342141 0.131298 0.00343288 0.00329842 0.0186352 0.200841 0 0 0 0 0 0 0 0 0 0 0 23948
0 0 0.00206402 0.178339 0.409787 0.0922164 0.00404526 0.00222495 0.0214152 0.204954 0 0 0 0 0 0 0 0 0 0 0 24000
0 0 0.00244803 0.190712 0.456141 0.112015 0.0041945 0.00201176 0.0209309 0.220664 0 0 0 0 0 0 0 0 0 0 0 24052
0 0 0.00244803 0.190712 0.456141 0.112015 0.0041945 0.00201176 0.0209309 0.220664 0 0 0 0 0 0 0 0 0 0 0 24105
0 0 0.00299879 0.1929 0.512904 0.170474 0.00391827 0.00217385 0.01749 0.26566 0 0 0 0 0 0 0 0 0 0 0 24155
0 0 0.0038015 0.194205 0.575891 0.273767 0.00382518 0.00239653 0.0143803 0.314437 0 0 0 0 0 0 0 0 0 0 0 24211
0 0 0.00614247 0.196159 0.726272 0.697591 0.00381676 0.00291998 0.00976239 0.424258 0 0 0 0 0 0 0 0 0 0 0 24262
0 0 0.00670693 0.195951 0.76956 0.845522 0.00399511 0.00307926 0.00887784 0.442396 0 0 0 0 0 0 0 0 0 0 0 24318
0 0 0.00670693 0.195951 0.76956 0.845522 0.00399511 0.00307926 0.00887784 0.442396 0 0 0 0 0 0 0 0 0 0 0 24371
0 0 0.00941003 0.195119 0.909226 1.76258 0.00420836 0.00378042 0.00612425 0.56053 0 0 0 0 0 0 0 0 0 0 0 24423
0 0 0.0206486 0.195161 1.06873 8.36249 0.00437601 0.00459768 0.00419356 0.715531 -9.0499 0 0 0 0 0 0 0 0 0 0 24476
0 0 0.0338462 0.193638 0.97482 19.8912 0.00441524 0.00462551 0.00416059 0.701452 -13.9981 0 0 0 0 0 0 0 0 0 0 24528
0 0 0.034355 0.191055 0.900423 20.9175 0.00441221 0.00454691 0.00443789 0.657395 -14.2009 0 0 0 0 0 0 0 0 0 0 24579
0 0 0.034355 0.191055 0.900423 20.9175 0.00441221 0.00454691 0.00443789 0.657395 -14.2009 0 0 0 0 0 0 0 0 0 0 24631
0 0 0.02575 0.189343 0.879768 13.1321 0.00439149 0.00449096 0.00468273 0.628494 -11.3139 0 0 0 0 0 0 0 0 0 0 24681
0 0 0.0237371 0.186568 0.773203 10.8886 0.00434828 0.00426949 0.00528699 0.56033 -10.4137 0 0 0 0 0 0 0 0 0 0 24739
0 0 0.0237371 0.186568 0.773203 10.8886 0.00434828 0.00426949 0.00528699 0.56033 -10.4137 0 0 0 0 0 0 0 0 0 0 24790
0 0 0.0169155 0.182116 0.644564 13.3805 0.00426148 0.0035628 0.00807541 0.406701 -7.19682 0 0 0 0 0 0 0 0 0 0 24843
0 0 0.0133237 0.176826 0.504454 14.656 0.00409732 0.00299462 0.0121676 0.296206 -4.80661 0 0 0 0 0 0 0 0 0 0 24899
0 0 0.00710124 0.174706 0.429634 17.6161 0.00396311 0.00262023 0.0142672 0.241306 -0.895721 0 0 0 0 0 0 0 0 0 0 24954
0 0 0.00710124 0.174706 0.429634 17.6161 0.00396311 0.00262023 0.0142672 0.241306 -0.895721 0 0 0 0 0 0 0 0 0 0 25005
0 0 0.0066519 0.166833 0.390411 23.8084 0.00367626 0.00266249 0.013897 0.219195 0 0 0 0 0 0 0 0 0 0 0 25060
0 0 0.00615345 0.140993 0.336165 32.9123 0.00312269 0.00373541 0.00929729 0.212175 0 0 0 0 0 0 0 0 0 0 0 25114
0 0 0.00615345 0.140993 0.336165 32.9123 0.00312269 0.00373541 0.00929729 0.212175 0 0 0 0 0 0 0 0 0 0 0 25165
0 0 0.00448863 0.128826 0.317482 43.973 0.0028621 0.00446646 0.0132533 0.208008 0 0 0 0 0 0 0 0 0 0 0 25219
0 0 0.0027526 0.118032 0.299548 46.3134 0.00251905 0.00536733 0.0152993 0.212377 0.471627 0 0 0 0 0 0 0 0 0 0 25271
0 0 0.00179965 0.110409 0.301304 41.7803 0.00213188 0.00620929 0.0144702 0.226522 1.6304 0 0 0 0 0 0 0 0 0 0 25325
0 0 0.00179965 0.110409 0.301304 41.7803 0.00213188 0.00620929 0.0144702 0.226522 1.6304 0 0 0 0 0 0 0 0 0 0 25377
0 0 0.00130435 0.10272 0.28353 44.0388 0.00177638 0.00727186 0.0135925 0.243282 2.77885 0 0 0 0 0 0 0 0 0 0 25427
0 0 0.00108785 0.0912789 0.273638 44.132 0.0013101 0.00943289 0.00984666 0.274562 0.427253 0 0 0 0 0 0 0 0 0 0 25477
0 0 0.000889368 0.0752862 0.23646 43.9104 0.000864258 0.0144107 0.00696715 0.318759 0 0 0 0 0 0 0 0 0 0 0 25531
0 0 0.000818411 0.069162 0.211155 44.6515 0.000631751 0.0174572 0.00728535 0.370811 3.54158 0 0 0 0 0 0 0 0 0 0 25581
0 0 0.000818411 0.069162 0.211155 44.6515 0.000631751 0.0174572 0.00728535 0.370811 3.54158 0 0 0 0 0 0 0 0 0 0 25636
0 0 0.000910477 0.0763888 0.222922 43.6769 0.000494332 0.0142729 0.00955865 0.46124 6.00726 0 0 0 0 0 0 0 0 0 0 25692
0 0 0.000924171 0.0727796 0.212903 42.51 0.000336961 0.0163927 0.00895068 0.590342 7.44203 0 0 0 0 0 0 0 0 0 0 25748
0 0 0.000996716 0.0813144 0.223203 40.2282 0.000321212 0.0127325 0.010176 0.633789 6.00802 0 0 0 0 0 0 0 0 0 0 25800
0 0 0.000996716 0.0813144 0.223203 40.2282 0.000321212 0.0127325 0.010176 0.633789 6.00802 0 0 0 0 0 0 0 0 0 0 25850
0 0 0.00131219 0.112916 0.282818 38.725 0.000398599 0.00619378 0.013874 0.654963 1.41943 0 0 0 0 0 0 0 0 0 0 25908
0 0 0.00152692 0.129255 0.319387 32.9468 0.000564377 0.00469384 0.0151575 0.584054 0 0 0 0 0 0 0 0 0 0 0 25959
0 0 0.00157443 0.132462 0.325617 26.4251 0.000838397 0.00448621 0.0153075 0.469707 0 0 0 0 0 0 0 0 0 0 0 26013
0 0 0.00157443 0.132462 0.325617 26.4251 0.000838397 0.00448621 0.0153075 0.469707 0 0 0 0 0 0 0 0 0 0 0 26062
0 0 0.00175731 0.155495 0.366276 15.2763 0.0016351 0.00311375 0.0181907 0.334344 0 0 0 0 0 0 0 0 0 0 0 26118
0 0 0.00190379 0.174748 0.399165 3.89825 0.00283503 0.00241813 0.0204451 0.251719 0 0 0 0 0 0 0 0 0 0 0 26168
0 0 0.00192042 0.178389 0.402206 0.800258 0.0035702 0.00236293 0.0206675 0.220141 0 0 0 0 0 0 0 0 0 0 0 26222
0 0 0.00192939 0.18468 0.407215 0.647308 0.00388299 0.00220496 0.021603 0.209256 0 0 0 0 0 0 0 0 0 0 0 26274
0 0 0.00192939 0.18468 0.407215 0.647308 0.00388299 0.00220496 0.021603 0.209256 0 0 0 0 0 0 0 0 0 0 0 26325
0 0 0.0019538 0.194992 0.415206 0.905067 0.00422748 0.00203723 0.022586 0.200048 0 0 0 0 0 0 0 0 0 0 0 26381
0 0 0.00198098 0.204398 0.421645 0.381232 0.00439282 0.00194473 0.0230603 0.197043 0 0 0 0 0 0 0 0 0 0 0 26432
0 0 0.00199542 0.202033 0.424815 0.262403 0.00446878 0.00189676 0.0233151 0.195629 0 0 0 0 0 0 0 0 0 0 0 26486
0 0 0.00199542 0.202033 0.424815 0.262403 0.00446878 0.00189676 0.0233151 0.195629 0 0 0 0 0 0 0 0 0 0 0 26536
0 0 0.00200067 0.203351 0.426468 0.212494 0.00451121 0.00186408 0.0235111 0.194638 0 0 0 0 0 0 0 0 0 0 0 26593
0 0 0.00200354 0.206106 0.427326 0.139557 0.00452971 0.00185052 0.0233891 0.194343 0 0 0 0 0 0 0 0 0 0 0 26645
0 0 0.00201198 0.206572 0.428121 0.114266 0.00453848 0.0018471 0.0234085 0.194563 0 0 0 0 0 0 0 0 0 0 0 26697
0 0 0.00201198 0.206572 0.428121 0.114266 0.00453848 0.0018471 0.0234085 0.194563 0 0 0 0 0 0 0 0 0 0 0 26749
0 0 0.00201178 0.207618 0.428125 0.102731 0.004542 0.00184391 0.0236096 0.194451 0 0 0 0 0 0 0 0 0 0 0 26801
0 0 0.00206229 0.211772 0.43357 0.0913145 0.00454252 0.00186806 0.0230961 0.197837 0 0 0 0 0 0 0 0 0 0 0 26854
0 0 0.00208115 0.206408 0.436094 0.0877503 0.00454247 0.00187826 0.0228804 0.199303 0 0 0 0 0 0 0 0 0 0 0 26905
0 0 0.00208115 0.206408 0.436094 0.0877503 0.00454247 0.00187826 0.0228804 0.199303 0 0 0 0 0 0 0 0 0 0 0 26961
0 0 0.00213143 0.204475 0.442048 0.0923262 0.00454325 0.00190198 0.0223959 0.202789 0 0 0 0 0 0 0 0 0 0 0 27015
0 0 0.00214736 0.202107 0.444075 0.0937051 0.00454576 0.00190721 0.0222585 0.203697 0 0 0 0 0 0 0 0 0 0 0 27066
0 0 0.00226762 0.201373 0.457349 0.105359 0.00454655 0.00196457 0.0210907 0.211994 0 0 0 0 0 0 0 0 0 0 0 27120
0 0 0.00226762 0.201373 0.457349 0.105359 0.00454655 0.00196457 0.0210907 0.211994 0 0 0 0 0 0 0 0 0 0 0 27173
0 0 0.0022255 0.198175 0.451876 0.100924 0.00454801 0.00194134 0.0215654 0.208541 0 0 0 0 0 0 0 0 0 0 0 27223
0 0 0.00233474 0.19609 0.462393 0.110818 0.00455616 0.00197823 0.0207936 0.214296 0 0 0 0 0 0 0 0 0 0 0 27273
0 0 0.00233474 0.19609 0.462393 0.110818 0.00455616 0.00197823 0.0207936 0.214296 0 0 0 0 0 0 0 0 0 0 0 27327
0 0 0.00254309 0.195206 0.482132 0.131572 0.00456481 0.00205609 0.0193624 0.225832 0 0 0 0 0 0 0 0 0 0 0 27382
0 0 0.00231136 0.19422 0.457276 0.108066 0.00455516 0.00196476 0.0211889 0.210821 0 0 0 0 0 0 0 0 0 0 0 27435
0 0 0.00231136 0.19422 0.457276 0.108066 0.00455516 0.00196476 0.0211889 0.210821 0 0 0 0 0 0 0 0 0 0 0 27490
0 0 0.00237432 0.192471 0.464268 0.116033 0.00452683 0.00203061 0.0203217 0.216763 0 0 0 0 0 0 0 0 0 0 0 27543
0 0 0.00256342 0.189879 0.482937 0.140704 0.00447139 0.00219776 0.0182428 0.233381 0 0 0 0 0 0 0 0 0 0 0 27596
0 0 0.00258218 0.187803 0.484237 0.146138 0.00443058 0.00226868 0.0177035 0.237359 0 0 0 0 0 0 0 0 0 0 0 27651
0 0 0.0026791 0.186023 0.492974 0.161108 0.00439243 0.00237396 0.0167435 0.246145 0 0 0 0 0 0 0 0 0 0 0 27704
0 0 0.00364191 0.183405 0.580144 0.319824 0.0043385 0.0029139 0.0119896 0.313325 0 0 0 0 0 0 0 0 0 0 0 27758
0 0 0.00364191 0.183405 0.580144 0.319824 0.0043385 0.0029139 0.0119896 0.313325 0 0 0 0 0 0 0 0 0 0 0 27812
0 0 0.00351525 0.183031 0.569189 0.29812 0.00433367 0.00287124 0.0123679 0.305848 0 0 0 0 0 0 0 0 0 0 0 27864
0 0 0.00351525 0.183031 0.569189 0.29812 0.00433367 0.00287124 0.0123679 0.305848 0 0 0 0 0 0 0 0 0 0 0 27920
0 0 0.00432912 0.188445 0.64523 0.440229 0.00445265 0.00297559 0.0105523 0.351373 0 0 0 0 0 0 0 0 0 0 0 27975
0 0 0.00392432 0.189293 0.613517 0.354878 0.00448072 0.00278873 0.0116945 0.326456 0 0 0 0 0 0 0 0 0 0 0 28027
0 0 0.00482118 0.189313 0.686491 0.55109 0.00450194 0.0031203 0.00949644 0.381589 0 0 0 0 0 0 0 0 0 0 0 28079
0 0 0.0042416 0.187702 0.638509 0.426221 0.00447317 0.00297677 0.0106266 0.349022 0 0 0 0 0 0 0 0 0 0 0 28131
0 0 0.0042416 0.187702 0.638509 0.426221 0.00447317 0.00297677 0.0106266 0.349022 0 0 0 0 0 0 0 0 0 0 0 28190
0 0 0.00318941 0.184104 0.543065 0.240553 0.00444473 0.00268332 0.0135994 0.286187 0 0 0 0 0 0 0 0 0 0 0 28249
0 0 0.00271396 0.183994 0.497671 0.170584 0.0044072 0.00246099 0.0160047 0.253678 0 0 0 0 0 0 0 0 0 0 0 28303
0 0 0.00225749 0.186423 0.4535 0.112414 0.00445615 0.00214953 0.019674 0.219574 0 0 0 0 0 0 0 0 0 0 0 28355
0 0 0.00212063 0.188215 0.439426 0.0964606 0.00448177 0.00202495 0.0213269 0.20807 0 0 0 0 0 0 0 0 0 0 0 28406
0 0 0.00212063 0.188215 0.439426 0.0964606 0.00448177 0.00202495 0.0213269 0.20807 0 0 0 0 0 0 0 0 0 0 0 28460
0 0 0.00206378 0.19004 0.434703 0.0893554 0.0045697 0.0019442 0.022222 0.202686 0 0 0 0 0 0 0 0 0 0 0 28510
0 0 0.00200682 0.191427 0.428753 0.0829169 0.00462562 0.0018776 0.0231048 0.197607 0 0 0 0 0 0 0 0 0 0 0 28565
0 0 0.00198346 0.191748 0.42552 0.0800219 0.00453717 0.00185358 0.0236986 0.194761 0 0 0 0 0 0 0 0 0 0 0 28621
0 0 0.00198346 0.191748 0.42552 0.0800219 0.00453717 0.00185358 0.0236986 0.194761 0 0 0 0 0 0 0 0 0 0 0 28672
0 0 0.00198728 0.191793 0.424824 0.0803303 0.00451799 0.00184917 0.0238335 0.194066 0 0 0 0 0 0 0 0 0 0 0 28726
0 0 0.00199711 0.191844 0.424787 0.0812836 0.00449648 0.0018476 0.0238927 0.19412 0 0 0 0 0 0 0 0 0 0 0 28780
0 0 0.00198669 0.191736 0.425675 0.0806009 0.00447654 0.00185174 0.0238626 0.194504 0 0 0 0 0 0 0 0 0 0 0 28836
0 0 0.00198669 0.191736 0.425675 0.0806009 0.00447654 0.00185174 0.0238626 0.194504 0 0 0 0 0 0 0 0 0 0 0 28892
0 0 0.00197802 0.191196 0.425058 0.0803388 0.00442368 0.00186506 0.0237967 0.195639 0 0 0 0 0 0 0 0 0 0 0 28942
0 0 0.00197603 0.190703 0.424202 0.0806376 0.00439383 0.00187778 0.0237029 0.196303 0 0 0 0 0 0 0 0 0 0 0 28993
0 0 0.00197075 0.190285 0.422783 0.0809802 0.0043876 0.00188534 0.0236994 0.195904 0 0 0 0 0 0 0 0 0 0 0 29045
0 0 0.00197075 0.190285 0.422783 0.0809802 0.0043876 0.00188534 0.0236994 0.195904 0 0 0 0 0 0 0 0 0 0 0 29096
0 0 0.00196951 0.188574 0.420745 0.0824077 0.00436973 0.00192883 0.0233813 0.196215 0 0 0 0 0 0 0 0 0 0 0 29148
0 0 0.00199336 0.188286 0.423332 0.0837068 0.00435655 0.00194993 0.0230265 0.198486 0 0 0 0 0 0 0 0 0 0 0 29202
0 0 0.00199336 0.188286 0.423332 0.0837068 0.00435655 0.00194993 0.0230265 0.198486 0 0 0 0 0 0 0 0 0 0 0 29259
0 0 0.00198252 0.186429 0.420751 0.0844554 0.00431111 0.0019978 0.0227085 0.199432 0 0 0 0 0 0 0 0 0 0 0 29318
0 0 0.00198165 0.184907 0.419724 0.0858245 0.00429189 0.00204273 0.0223573 0.200316 0 0 0 0 0 0 0 0 0 0 0 29367
0 0 0.00193202 0.18057 0.410551 0.0894421 0.00417647 0.00214652 0.0219661 0.200473 0 0 0 0 0 0 0 0 0 0 0 29419
0 0 0.00193202 0.18057 0.410551 0.0894421 0.00417647 0.00214652 0.0219661 0.200473 0 0 0 0 0 0 0 0 0 0 0 29469
0 0 0.00188074 0.174841 0.400309 0.0951079 0.00407293 0.00230732 0.0212677 0.200551 0 0 0 0 0 0 0 0 0 0 0 29524
0 0 0.00177343 0.163816 0.378202 0.107667 0.00380565 0.00266087 0.0200498 0.201816 0 0 0 0 0 0 0 0 0 0 0 29574
0 0 0.00177343 0.163816 0.378202 0.107667 0.00380565 0.00266087 0.0200498 0.201816 0 0 0 0 0 0 0 0 0 0 0 29632
0 0 0.00169377 0.155719 0.36153 0.118593 0.00363797 0.00297193 0.0191682 0.201734 0 0 0 0 0 0 0 0 0 0 0 29686
0 0 0.0013951 0.125912 0.298793 0.177742 0.00300634 0.00471533 0.0159156 0.201216 0.0728768 0 0 0 0 0 0 0 0 0 0 29738
0 0 0.00110736 0.0975189 0.237988 0.288998 0.00239074 0.0082228 0.0127218 0.200884 3.69848 0 0 0 0 0 0 0 0 0 0 29790
0 0 0.000791803 0.067404 0.172333 0.582671 0.00173812 0.0183506 0.00922958 0.198716 8.95652 0 0 0 0 0 0 0 0 0 0 29840
0 0 0.000791803 0.067404 0.172333 0.582671 0.00173812 0.0183506 0.00922958 0.198716 8.95652 0 0 0 0 0 0 0 0 0 0 29891
0 0 0.000631632 0.0524484 0.138318 0.936541 0.00140181 0.0316827 0.00740586 0.197382 12.526 0 0 0 0 0 0 0 0 0 0 29948
0 0 0.000665737 0.0555317 0.145297 0.840905 0.00148308 0.0279982 0.00777609 0.196997 11.7127 0 0 0 0 0 0 0 0 0 0 30002
0 0 0.000665737 0.0555317 0.145297 0.840905 0.00148308 0.0279982 0.00777609 0.196997 11.7127 0 0 0 0 0 0 0 0 0 0 30054
0 0 0.000694875 0.0580398 0.151225 0.77364 0.00155066 0.0254774 0.0080496 0.197006 11.0701 0 0 0 0 0 0 0 0 0 0 30111
0 0 0.000969091 0.080496 0.205843 0.416306 0.00208433 0.0127658 0.0103144 0.203016 6.37523 0 0 0 0 0 0 0 0 0 0 30165
0 0 0.00141802 0.126309 0.301901 0.17673 0.00313281 0.00471986 0.015661 0.200024 0 0 0 0 0 0 0 0 0 0 0 30219
0 0 0.00141802 0.126309 0.301901 0.17673 0.00313281 0.00471986 0.015661 0.200024 0 0 0 0 0 0 0 0 0 0 0 30269
0 0 0.00174116 0.16249 0.371954 0.109354 0.00393246 0.00269337 0.0198543 0.197461 0 0 0 0 0 0 0 0 0 0 0 30323
0 0 0.00190108 0.180113 0.405438 0.0898758 0.00427991 0.00214303 0.0220507 0.196671 0 0 0 0 0 0 0 0 0 0 0 30375
0 0 0 0 0 0 0 0 0 0 0 0 0 0 0 0 0 0 0 0 0 30434
0 0 0 0 0 0 0 0 0 0 0 0 0 0 0 0 0 0 0 0 0 30487
0 0 0 0 0 0 0 0 0 0 0 0 0 0 0 0 0 0 0 0 0 30539
0 0 0 0 0 0 0 0 0 0 0 0 0 0 0 0 0 0 0 0 0 30590
0 0 0 0 0 0 0 0 0 0 0 0 0 0 0 0 0 0 0 0 0 30645
0 0 0 0 0 0 0 0 0 0 0 0 0 0 0 0 0 0 0 0 0 30698
0 0 0 0 0 0 0 0 0 0 0 0 0 0 0 0 0 0 0 0 0 30748
0 0 0 0 0 0 0 0 0 0 0 0 0 0 0 0 0 0 0 0 0 30805
0 0 0 0 0 0 0 0 0 0 0 0 0 0 0 0 0 0 0 0 0 30861
0 0 0 0 0 0 0 0 0 0 0 0 0 0 0 0 0 0 0 0 0 30913
0 0 0 0 0 0 0 0 0 0 0 0 0 0 0 0 0 0 0 0 0 30966
0 0 0 0 0 0 0 0 0 0 0 0 0 0 0 0 0 0 0 0 0 31024
0 0 0 0 0 0 0 0 0 0 0 0 0 0 0 0 0 0 0 0 0 31075
0 0 0 0 0 0 0 0 0 0 0 0 0 0 0 0 0 0 0 0 0 31127
0 0 0 0 0 0 0 0 0 0 0 0 0 0 0 0 0 0 0 0 0 31180
0 0 0 0 0 0 0 0 0 0 0 0 0 0 0 0 0 0 0 0 0 31230
0 0 0 0 0 0 0 0 0 0 0 0 0 0 0 0 0 0 0 0 0 31281
0 0 0 0 0 0 0 0 0 0 0 0 0 0 0 0 0 0 0 0 0 31331
0 0 0 0 0 0 0 0 0 0 0 0 0 0 0 0 0 0 0 0 0 31383
0 0 0 0 0 0 0 0 0 0 0 0 0 0 0 0 0 0 0 0 0 31435
0 0 0 0 0 0 0 0 0 0 0 0 0 0 0 0 0 0 0 0 0 31486
0 0 0 0 0 0 0 0 0 0 0 0 0 0 0 0 0 0 0 0 0 31536
0 0 0 0 0 0 0 0 0 0 0 0 0 0 0 0 0 0 0 0 0 31589
0 0 0 0 0 0 0 0 0 0 0 0 0 0 0 0 0 0 0 0 0 31646
0 0 0 0 0 0 0 0 0 0 0 0 0 0 0 0 0 0 0 0 0 31698
0 0 0 0 0 0 0 0 0 0 0 0 0 0 0 0 0 0 0 0 0 31748
0 0 0 0 0 0 0 0 0 0 0 0 0 0 0 0 0 0 0 0 0 31802
0 0 0 0 0 0 0 0 0 0 0 0 0 0 0 0 0 0 0 0 0 31852
0 0 0 0 0 0 0 0 0 0 0 0 0 0 0 0 0 0 0 0 0 31906
0 0 0 0 0 0 0 0 0 0 0 0 0 0 0 0 0 0 0 0 0 31962
0 0 0 0 0 0 0 0 0 0 0 0 0 0 0 0 0 0 0 0 0 32012
0 0 0 0 0 0 0 0 0 0 0 0 0 0 0 0 0 0 0 0 0 32065
0 0 0 0 0 0 0 0 0 0 0 0 0 0 0 0 0 0 0 0 0 32116
0 0 0 0 0 0 0 0 0 0 0 0 0 0 0 0 0 0 0 0 0 32169
0 0 0 0 0 0 0 0 0 0 0 0 0 0 0 0 0 0 0 0 0 32223
0 0 7.30522e-05 0.187027 1.61522 98.4017 0.0676149 0.00021301 6.56739e-05 66.6927 0 0 0 0 0 0 0 0 0 0 0 32277
0 0 0.000242019 0.193344 0.630447 62.0593 1.64357 8.56217e-05 9.54951e-05 43.3057 0 0 0 0 0 0 0 0 0 0 0 32331
0 0 0.00647329 0.19288 0.487989 2.00552 15.7258 0.000502841 0.000381194 3.84697 0 0 0 0 0 0 0 0 0 0 0 32387
0 0 0.00647329 0.19288 0.487989 2.00552 15.7258 0.000502841 0.000381194 3.84697 0 0 0 0 0 0 0 0 0 0 0 32445
0 0 0.0278333 0.192872 0.476651 0.196865 19.4101 0.00151975 0.00123536 0.649966 0 0 0 0 0 0 0 0 0 0 0 32503
0 0 0.0400762 0.192729 0.475716 0.146769 25.4577 0.00182674 0.0014088 0.491079 0 0 0 0 0 0 0 0 0 0 0 32556
0 0 0.0432444 0.192714 0.496712 0.152025 29.7994 0.0018329 0.00130268 0.490926 0 0 0 0 0 0 0 0 0 0 0 32610
0 0 0.0494366 0.192718 0.525572 0.196775 37.6339 0.00183106 0.00122323 0.507668 0 0 0 0 0 0 0 0 0 0 0 32666
0 0 0.0494366 0.192718 0.525572 0.196775 37.6339 0.00183106 0.00122323 0.507668 0 0 0 0 0 0 0 0 0 0 0 32728
0 0 0.0506654 0.192726 0.527236 0.251495 36.9124 0.00183091 0.00140095 0.510253 0 0 0 0 0 0 0 0 0 0 0 32781
0 0 0 0 0 0 0 0 0 0 0 0 0 0 0 0 0 0 0 0 0 32834
0 0 0 0 0 0 0 0 0 0 0 0 0 0 0 0 0 0 0 0 0 32890
0 0 0 0 0 0 0 0 0 0 0 0 0 0 0 0 0 0 0 0 0 32946
0 0 0 0 0 0 0 0 0 0 0 0 0 0 0 0 0 0 0 0 0 32999
0 0 0 0 0 0 0 0 0 0 0 0 0 0 0 0 0 0 0 0 0 33054
0 0 0 0 0 0 0 0 0 0 0 0 0 0 0 0 0 0 0 0 0 33111
0 0 0 0 0 0 0 0 0 0 0 0 0 0 0 0 0 0 0 0 0 33182
0 0 0 0 0 0 0 0 0 0 0 0 0 0 0 0 0 0 0 0 0 33245
0 0 0 0 0 0 0 0 0 0 0 0 0 0 0 0 0 0 0 0 0 33295
0 0 0 0 0 0 0 0 0 0 0 0 0 0 0 0 0 0 0 0 0 33349
0 0 0 0 0 0 0 0 0 0 0 0 0 0 0 0 0 0 0 0 0 33415
0 0 0 0 0 0 0 0 0 0 0 0 0 0 0 0 0 0 0 0 0 33468
0 0 0 0 0 0 0 0 0 0 0 0 0 0 0 0 0 0 0 0 0 33517
0 0 0 0 0 0 0 0 0 0 0 0 0 0 0 0 0 0 0 0 0 33569
0 0 0 0 0 0 0 0 0 0 0 0 0 0 0 0 0 0 0 0 0 33623
0 0 0 0 0 0 0 0 0 0 0 0 0 0 0 0 0 0 0 0 0 33681
0 0 0 0 0 0 0 0 0 0 0 0 0 0 0 0 0 0 0 0 0 33755
0 0 0 0 0 0 0 0 0 0 0 0 0 0 0 0 0 0 0 0 0 33809
0 0 0 0 0 0 0 0 0 0 0 0 0 0 0 0 0 0 0 0 0 33866
0 0 0 0 0 0 0 0 0 0 0 0 0 0 0 0 0 0 0 0 0 33923
0 0 0 0 0 0 0 0 0 0 0 0 0 0 0 0 0 0 0 0 0 33978
0 0 0 0 0 0 0 0 0 0 0 0 0 0 0 0 0 0 0 0 0 34032
0 0 0 0 0 0 0 0 0 0 0 0 0 0 0 0 0 0 0 0 0 34094
0 0 0 0 0 0 0 0 0 0 0 0 0 0 0 0 0 0 0 0 0 34148
0 0 0 0 0 0 0 0 0 0 0 0 0 0 0 0 0 0 0 0 0 34202
0 0 0 0 0 0 0 0 0 0 0 0 0 0 0 0 0 0 0 0 0 34258
0 0 0 0 0 0 0 0 0 0 0 0 0 0 0 0 0 0 0 0 0 34316
0 0 0 0 0 0 0 0 0 0 0 0 0 0 0 0 0 0 0 0 0 34364
0 0 0 0 0 0 0 0 0 0 0 0 0 0 0 0 0 0 0 0 0 34415
0 0 0 0 0 0 0 0 0 0 0 0 0 0 0 0 0 0 0 0 0 34469
0 0 0 0 0 0 0 0 0 0 0 0 0 0 0 0 0 0 0 0 0 34524
0 0 0 0 0 0 0 0 0 0 0 0 0 0 0 0 0 0 0 0 0 34586
0 0 0 0 0 0 0 0 0 0 0 0 0 0 0 0 0 0 0 0 0 34636
0 0 0 0 0 0 0 0 0 0 0 0 0 0 0 0 0 0 0 0 0 34692
0 0 0 0 0 0 0 0 0 0 0 0 0 0 0 0 0 0 0 0 0 34744
0 0 0 0 0 0 0 0 0 0 0 0 0 0 0 0 0 0 0 0 0 34807
0 0 0 0 0 0 0 0 0 0 0 0 0 0 0 0 0 0 0 0 0 34865
0 0 0 0 0 0 0 0 0 0 0 0 0 0 0 0 0 0 0 0 0 34918
0 0 0 0 0 0 0 0 0 0 0 0 0 0 0 0 0 0 0 0 0 34971
0 0 0 0 0 0 0 0 0 0 0 0 0 0 0 0 0 0 0 0 0 35025
0 0 0 0 0 0 0 0 0 0 0 0 0 0 0 0 0 0 0 0 0 35079
0 0 0 0 0 0 0 0 0 0 0 0 0 0 0 0 0 0 0 0 0 35133
0 0 0 0 0 0 0 0 0 0 0 0 0 0 0 0 0 0 0 0 0 35188
0 0 0 0 0 0 0 0 0 0 0 0 0 0 0 0 0 0 0 0 0 35241
0 0 0 0 0 0 0 0 0 0 0 0 0 0 0 0 0 0 0 0 0 35293
0 0 0 0 0 0 0 0 0 0 0 0 0 0 0 0 0 0 0 0 0 35346
0 0 0 0 0 0 0 0 0 0 0 0 0 0 0 0 0 0 0 0 0 35396
0 0 0 0 0 0 0 0 0 0 0 0 0 0 0 0 0 0 0 0 0 35450
0 0 0 0 0 0 0 0 0 0 0 0 0 0 0 0 0 0 0 0 0 35502
0 0 0 0 0 0 0 0 0 0 0 0 0 0 0 0 0 0 0 0 0 35551
0 0 0 0 0 0 0 0 0 0 0 0 0 0 0 0 0 0 0 0 0 35603
0 0 0 0 0 0 0 0 0 0 0 0 0 0 0 0 0 0 0 0 0 35656
0 0 0 0 0 0 0 0 0 0 0 0 0 0 0 0 0 0 0 0 0 35707
0 0 0 0 0 0 0 0 0 0 0 0 0 0 0 0 0 0 0 0 0 35760
0 0 0 0 0 0 0 0 0 0 0 0 0 0 0 0 0 0 0 0 0 35810
0 0 0 0 0 0 0 0 0 0 0 0 0 0 0 0 0 0 0 0 0 35862
0 0 0 0 0 0 0 0 0 0 0 0 0 0 0 0 0 0 0 0 0 35913
0 0 0 0 0 0 0 0 0 0 0 0 0 0 0 0 0 0 0 0 0 35964
0 0 0 0 0 0 0 0 0 0 0 0 0 0 0 0 0 0 0 0 0 36015
0 0 0 0 0 0 0 0 0 0 0 0 0 0 0 0 0 0 0 0 0 36069
0 0 0 0 0 0 0 0 0 0 0 0 0 0 0 0 0 0 0 0 0 36124
0 0 0 0 0 0 0 0 0 0 0 0 0 0 0 0 0 0 0 0 0 36183
0 0 0 0 0 0 0 0 0 0 0 0 0 0 0 0 0 0 0 0 0 36242
0 0 0 0 0 0 0 0 0 0 0 0 0 0 0 0 0 0 0 0 0 36297
0 0 0 0 0 0 0 0 0 0 0 0 0 0 0 0 0 0 0 0 0 36348
0 0 0 0 0 0 0 0 0 0 0 0 0 0 0 0 0 0 0 0 0 36405
0 0 0 0 0 0 0 0 0 0 0 0 0 0 0 0 0 0 0 0 0 36465
0 0 0 0 0 0 0 0 0 0 0 0 0 0 0 0 0 0 0 0 0 36516
0 0 0 0 0 0 0 0 0 0 0 0 0 0 0 0 0 0 0 0 0 36574
0 0 0 0 0 0 0 0 0 0 0 0 0 0 0 0 0 0 0 0 0 36626
0 0 0 0 0 0 0 0 0 0 0 0 0 0 0 0 0 0 0 0 0 36678
0 0 0 0 0 0 0 0 0 0 0 0 0 0 0 0 0 0 0 0 0 36731
0 0 0 0 0 0 0 0 0 0 0 0 0 0 0 0 0 0 0 0 0 36788
0 0 0 0 0 0 0 0 0 0 0 0 0 0 0 0 0 0 0 0 0 36839
0 0 0 0 0 0 0 0 0 0 0 0 0 0 0 0 0 0 0 0 0 36891
0 0 0 0 0 0 0 0 0 0 0 0 0 0 0 0 0 0 0 0 0 36941
0 0 0 0 0 0 0 0 0 0 0 0 0 0 0 0 0 0 0 0 0 36994
0 0 0 0 0 0 0 0 0 0 0 0 0 0 0 0 0 0 0 0 0 37047
0 0 0 0 0 0 0 0 0 0 0 0 0 0 0 0 0 0 0 0 0 37100
0 0 0 0 0 0 0 0 0 0 0 0 0 0 0 0 0 0 0 0 0 37157
0 0 0 0 0 0 0 0 0 0 0 0 0 0 0 0 0 0 0 0 0 37209
0 0 0 0 0 0 0 0 0 0 0 0 0 0 0 0 0 0 0 0 0 37264
0 0 0 0 0 0 0 0 0 0 0 0 0 0 0 0 0 0 0 0 0 37318
0 0 0 0 0 0 0 0 0 0 0 0 0 0 0 0 0 0 0 0 0 37369
0 0 0 0 0 0 0 0 0 0 0 0 0 0 0 0 0 0 0 0 0 37423
0 0 0 0 0 0 0 0 0 0 0 0 0 0 0 0 0 0 0 0 0 37480
0 0 0 0 0 0 0 0 0 0 0 0 0 0 0 0 0 0 0 0 0 37531
0 0 0 0 0 0 0 0 0 0 0 0 0 0 0 0 0 0 0 0 0 37584
0 0 0 0 0 0 0 0 0 0 0 0 0 0 0 0 0 0 0 0 0 37634
0 0 0 0 0 0 0 0 0 0 0 0 0 0 0 0 0 0 0 0 0 37686
0 0 0 0 0 0 0 0 0 0 0 0 0 0 0 0 0 0 0 0 0 37741
0 0 0 0 0 0 0 0 0 0 0 0 0 0 0 0 0 0 0 0 0 37793
0 0 0 0 0 0 0 0 0 0 0 0 0 0 0 0 0 0 0 0 0 37843
0 0 0 0 0 0 0 0 0 0 0 0 0 0 0 0 0 0 0 0 0 37898
0 0 0 0 0 0 0 0 0 0 0 0 0 0 0 0 0 0 0 0 0 37950
0 0 0 0 0 0 0 0 0 0 0 0 0 0 0 0 0 0 0 0 0 38003
0 0 0 0 0 0 0 0 0 0 0 0 0 0 0 0 0 0 0 0 0 38060
0 0 0 0 0 0 0 0 0 0 0 0 0 0 0 0 0 0 0 0 0 38126
0 0 0 0 0 0 0 0 0 0 0 0 0 0 0 0 0 0 0 0 0 38177
0 0 0 0 0 0 0 0 0 0 0 0 0 0 0 0 0 0 0 0 0 38231
0 0 0 0 0 0 0 0 0 0 0 0 0 0 0 0 0 0 0 0 0 38288
0 0 0 0 0 0 0 0 0 0 0 0 0 0 0 0 0 0 0 0 0 38337
0 0 0 0 0 0 0 0 0 0 0 0 0 0 0 0 0 0 0 0 0 38392
0 0 0 0 0 0 0 0 0 0 0 0 0 0 0 0 0 0 0 0 0 38444
0 0 0 0 0 0 0 0 0 0 0 0 0 0 0 0 0 0 0 0 0 38494
0 0 0 0 0 0 0 0 0 0 0 0 0 0 0 0 0 0 0 0 0 38551
0 0 0 0 0 0 0 0 0 0 0 0 0 0 0 0 0 0 0 0 0 38603
0 0 0 0 0 0 0 0 0 0 0 0 0 0 0 0 0 0 0 0 0 38655
0 0 0 0 0 0 0 0 0 0 0 0 0 0 0 0 0 0 0 0 0 38710
0 0 0 0 0 0 0 0 0 0 0 0 0 0 0 0 0 0 0 0 0 38768
0 0 0 0 0 0 0 0 0 0 0 0 0 0 0 0 0 0 0 0 0 38819
0 0 0 0 0 0 0 0 0 0 0 0 0 0 0 0 0 0 0 0 0 38874
0 0 0 0 0 0 0 0 0 0 0 0 0 0 0 0 0 0 0 0 0 38928
0 0 0 0 0 0 0 0 0 0 0 0 0 0 0 0 0 0 0 0 0 38982
0 0 0 0 0 0 0 0 0 0 0 0 0 0 0 0 0 0 0 0 0 39038
0 0 0 0 0 0 0 0 0 0 0 0 0 0 0 0 0 0 0 0 0 39088
0 0 0 0 0 0 0 0 0 0 0 0 0 0 0 0 0 0 0 0 0 39141
0 0 0 0 0 0 0 0 0 0 0 0 0 0 0 0 0 0 0 0 0 39197
0 0 0 0 0 0 0 0 0 0 0 0 0 0 0 0 0 0 0 0 0 39248
0 0 0 0 0 0 0 0 0 0 0 0 0 0 0 0 0 0 0 0 0 39304
0 0 0 0 0 0 0 0 0 0 0 0 0 0 0 0 0 0 0 0 0 39361
0 0 0 0 0 0 0 0 0 0 0 0 0 0 0 0 0 0 0 0 0 39412
0 0 0 0 0 0 0 0 0 0 0 0 0 0 0 0 0 0 0 0 0 39462
0 0 0 0 0 0 0 0 0 0 0 0 0 0 0 0 0 0 0 0 0 39517
0 0 0 0 0 0 0 0 0 0 0 0 0 0 0 0 0 0 0 0 0 39568
0 0 0 0 0 0 0 0 0 0 0 0 0 0 0 0 0 0 0 0 0 39618
0 0 0 0 0 0 0 0 0 0 0 0 0 0 0 0 0 0 0 0 0 39669
0 0 0 0 0 0 0 0 0 0 0 0 0 0 0 0 0 0 0 0 0 39722
0 0 0 0 0 0 0 0 0 0 0 0 0 0 0 0 0 0 0 0 0 39775
0 0 0 0 0 0 0 0 0 0 0 0 0 0 0 0 0 0 0 0 0 39827
0 0 0 0 0 0 0 0 0 0 0 0 0 0 0 0 0 0 0 0 0 39882
0 0 0 0 0 0 0 0 0 0 0 0 0 0 0 0 0 0 0 0 0 39933
0 0 0 0 0 0 0 0 0 0 0 0 0 0 0 0 0 0 0 0 0 39988
0 0 0 0 0 0 0 0 0 0 0 0 0 0 0 0 0 0 0 0 0 40040
0 0 0 0 0 0 0 0 0 0 0 0 0 0 0 0 0 0 0 0 0 40100
0 0 0 0 0 0 0 0 0 0 0 0 0 0 0 0 0 0 0 0 0 40166
0 0 0 0 0 0 0 0 0 0 0 0 0 0 0 0 0 0 0 0 0 40250
0 0 0 0 0 0 0 0 0 0 0 0 0 0 0 0 0 0 0 0 0 40311
0 0 0 0 0 0 0 0 0 0 0 0 0 0 0 0 0 0 0 0 0 40366
0 0 0 0 0 0 0 0 0 0 0 0 0 0 0 0 0 0 0 0 0 40424
0 0 0 0 0 0 0 0 0 0 0 0 0 0 0 0 0 0 0 0 0 40478
0 0 0 0 0 0 0 0 0 0 0 0 0 0 0 0 0 0 0 0 0 40533
0 0 0 0 0 0 0 0 0 0 0 0 0 0 0 0 0 0 0 0 0 40585
0 0 0 0 0 0 0 0 0 0 0 0 0 0 0 0 0 0 0 0 0 40636
0 0 0 0 0 0 0 0 0 0 0 0 0 0 0 0 0 0 0 0 0 40688
0 0 0 0 0 0 0 0 0 0 0 0 0 0 0 0 0 0 0 0 0 40740
0 0 0 0 0 0 0 0 0 0 0 0 0 0 0 0 0 0 0 0 0 40792
0 0 0 0 0 0 0 0 0 0 0 0 0 0 0 0 0 0 0 0 0 40853
0 0 0 0 0 0 0 0 0 0 0 0 0 0 0 0 0 0 0 0 0 40906
0 0 0 0 0 0 0 0 0 0 0 0 0 0 0 0 0 0 0 0 0 40958
0 0 0 0 0 0 0 0 0 0 0 0 0 0 0 0 0 0 0 0 0 41008
0 0 0 0 0 0 0 0 0 0 0 0 0 0 0 0 0 0 0 0 0 41070
0 0 0 0 0 0 0 0 0 0 0 0 0 0 0 0 0 0 0 0 0 41122
0 0 0 0 0 0 0 0 0 0 0 0 0 0 0 0 0 0 0 0 0 41173
0 0 0 0 0 0 0 0 0 0 0 0 0 0 0 0 0 0 0 0 0 41226
0 0 0 0 0 0 0 0 0 0 0 0 0 0 0 0 0 0 0 0 0 41281
0 0 0 0 0 0 0 0 0 0 0 0 0 0 0 0 0 0 0 0 0 41333
0 0 0 0 0 0 0 0 0 0 0 0 0 0 0 0 0 0 0 0 0 41383
0 0 0 0 0 0 0 0 0 0 0 0 0 0 0 0 0 0 0 0 0 41435
0 0 0 0 0 0 0 0 0 0 0 0 0 0 0 0 0 0 0 0 0 41486
0 0 0 0 0 0 0 0 0 0 0 0 0 0 0 0 0 0 0 0 0 41541
0 0 0 0 0 0 0 0 0 0 0 0 0 0 0 0 0 0 0 0 0 41593
0 0 0 0 0 0 0 0 0 0 0 0 0 0 0 0 0 0 0 0 0 41650
0 0 0 0 0 0 0 0 0 0 0 0 0 0 0 0 0 0 0 0 0 41704
0 0 0 0 0 0 0 0 0 0 0 0 0 0 0 0 0 0 0 0 0 41760
0 0 0 0 0 0 0 0 0 0 0 0 0 0 0 0 0 0 0 0 0 41815
0 0 0.000121371 0.000803254 0.0113356 96.4526 5.07524e-06 90.0092 1.69498e-05 5.27688 71.9904 0 0 0 0 0 0 0 0 0 0 41869
0 0 0.00197781 0.122935 0.367738 0.200204 0.000244846 0.00620519 0.0109345 1.23014 0.191288 0 0 0 0 0 0 0 0 0 0 41924
0 0 0.00197781 0.122935 0.367738 0.200204 0.000244846 0.00620519 0.0109345 1.23014 0.191288 0 0 0 0 0 0 0 0 0 0 41979
0 0 0.00161807 0.142333 0.369131 0.141131 0.000289736 0.00399437 0.0187841 1.10249 0 0 0 0 0 0 0 0 0 0 0 42031
0 0 0.00111473 0.110115 0.302234 0.230602 0.000259443 0.00714767 0.0198939 1.21693 0 0 0 0 0 0 0 0 0 0 0 42083
0 0 0.000516466 0.0616602 0.177612 0.692847 0.000144986 0.0246996 0.0177901 1.39873 4.76363 0 0 0 0 0 0 0 0 0 0 42135
0 0 0.000516466 0.0616602 0.177612 0.692847 0.000144986 0.0246996 0.0177901 1.39873 4.76363 0 0 0 0 0 0 0 0 0 0 42187
0 0 0.000291918 0.0377922 0.113792 1.74123 9.49065e-05 0.0699233 0.0151217 1.36978 8.19284 0 0 0 0 0 0 0 0 0 0 42241
0 0 0.00019946 0.0280119 0.0872004 3.04248 5.27849e-05 0.134353 0.0169725 1.73057 6.80998 0 0 0 0 0 0 0 0 0 0 42293
0 0 0.00019946 0.0280119 0.0872004 3.04248 5.27849e-05 0.134353 0.0169725 1.73057 6.80998 0 0 0 0 0 0 0 0 0 0 42348
0 0 9.74298e-05 0.0255297 0.0771689 3.61028 6.11866e-05 0.158338 0.0937667 2.70404 0 0 0 0 0 0 0 0 0 0 0 42408
0 0 0.000102914 0.0309701 0.0924112 2.52939 6.58365e-05 0.104966 0.172865 3.16684 0 0 0 0 0 0 0 0 0 0 0 42464
0 0 0.000164063 0.047825 0.140212 1.12369 8.04657e-05 0.0422792 0.177159 3.19543 0 0 0 0 0 0 0 0 0 0 0 42514
0 0 0.000164063 0.047825 0.140212 1.12369 8.04657e-05 0.0422792 0.177159 3.19543 0 0 0 0 0 0 0 0 0 0 0 42569
0 0 0.000268598 0.0630572 0.180752 0.664962 8.31271e-05 0.0234959 0.110805 2.73004 0 0 0 0 0 0 0 0 0 0 0 42625
0 0 0.000495851 0.0716076 0.196943 0.522058 9.01839e-05 0.017367 0.0386292 1.81477 0 0 0 0 0 0 0 0 0 0 0 42680
0 0 0.000693832 0.0820815 0.224359 0.403069 0.000119184 0.0130367 0.0265768 1.56354 0 0 0 0 0 0 0 0 0 0 0 42731
0 0 0.000968406 0.0824493 0.230345 0.399914 0.000137716 0.0132006 0.0143645 1.26734 0.284989 0 0 0 0 0 0 0 0 0 0 42785
0 0 0.000968406 0.0824493 0.230345 0.399914 0.000137716 0.0132006 0.0143645 1.26734 0.284989 0 0 0 0 0 0 0 0 0 0 42835
0 0 0.00131521 0.0994205 0.270696 0.281223 0.000208958 0.00874853 0.0137041 0.990428 0 0 0 0 0 0 0 0 0 0 0 42889
0 0 0.00136887 0.0973428 0.26557 0.293254 0.000325706 0.00915863 0.0116415 0.739737 1.29557 0 0 0 0 0 0 0 0 0 0 42941
0 0 0.00124474 0.0993067 0.255084 0.281047 0.000524699 0.00828538 0.0124103 0.529069 2.44351 0 0 0 0 0 0 0 0 0 0 42995
0 0 0.00129243 0.107662 0.268558 0.241047 0.00086088 0.00681724 0.0135442 0.402753 1.8211 0 0 0 0 0 0 0 0 0 0 43049
0 0 0.00162883 0.139621 0.337824 0.146944 0.00181598 0.00388529 0.0167267 0.298411 0 0 0 0 0 0 0 0 0 0 0 43112
0 0 0.00162883 0.139621 0.337824 0.146944 0.00181598 0.00388529 0.0167267 0.298411 0 0 0 0 0 0 0 0 0 0 0 43170
0 0 0.00174178 0.15497 0.364655 0.120746 0.00254691 0.0030608 0.0187267 0.252883 0 0 0 0 0 0 0 0 0 0 0 43223
0 0 0.00175774 0.159987 0.370613 0.113679 0.00289404 0.00282604 0.0196751 0.2347 0 0 0 0 0 0 0 0 0 0 0 43276
0 0 0.00183195 0.170185 0.388517 0.101576 0.00358047 0.00247714 0.0208555 0.212203 0 0 0 0 0 0 0 0 0 0 0 43326
0 0 0.00183195 0.170185 0.388517 0.101576 0.00358047 0.00247714 0.0208555 0.212203 0 0 0 0 0 0 0 0 0 0 0 43517
0 0 0.00166308 0.157463 0.353893 0.124377 0.00367016 0.0031206 0.0188184 0.197196 0 0 0 0 0 0 0 0 0 0 0 43571
0 0 0.00133853 0.128711 0.28572 0.200216 0.00294158 0.00541611 0.0141744 0.198412 0 0 0 0 0 0 0 0 0 0 0 43626
0 0 0.000997549 0.0987467 0.213392 1.23412 0.00218622 0.0112708 0.00585445 0.199396 0 0 0 0 0 0 0 0 0 0 0 43680
0 0 0.000997549 0.0987467 0.213392 1.23412 0.00218622 0.0112708 0.00585445 0.199396 0 0 0 0 0 0 0 0 0 0 0 43735
0 0 0.000499073 0.0492467 0.107955 9.37475 0.00108769 0.0628717 0.00175648 0.200765 0 0 0 0 0 0 0 0 0 0 0 43790
0 0 0.000252323 0.0247242 0.0542307 8.20032 0.000533059 0.368424 0.000858377 0.205871 6.93513 0 0 0 0 0 0 0 0 0 0 43843
0 0 9.16296e-05 0.00864476 0.0193114 44.1733 0.000181361 5.16015 0.000287255 0.216604 25.1049 0 0 0 0 0 0 0 0 0 0 43896
0 0 9.16296e-05 0.00864476 0.0193114 44.1733 0.000181361 5.16015 0.000287255 0.216604 25.1049 0 0 0 0 0 0 0 0 0 0 43946
0 0 2.28952e-05 0.00151515 0.00454945 95.4364 3.95761e-05 71.4341 6.6543e-05 0.240698 53.2328 0 0 0 0 0 0 0 0 0 0 43997
0 0 1.01368e-05 0.000455518 0.00195695 99.3296 1.62023e-05 96.1332 1.99587e-05 0.259103 64.2274 0 0 0 0 0 0 0 0 0 0 44051
0 0 6.55955e-06 0.000223459 0.00116238 99.7867 1.00607e-05 98.9912 9.65177e-06 0.279677 71.1029 0 0 0 0 0 0 0 0 0 0 44113
0 0 6.55955e-06 0.000223459 0.00116238 99.7867 1.00607e-05 98.9912 9.65177e-06 0.279677 71.1029 0 0 0 0 0 0 0 0 0 0 44174
0 0 5.05907e-06 0.000155324 0.000931059 99.8731 9.37768e-06 99.4364 8.01041e-06 0.276036 75.9492 0 0 0 0 0 0 0 0 0 0 44226
0 0 5.05135e-06 0.00013928 0.000902997 99.8929 1.02489e-05 99.5546 1.27511e-05 0.292525 89.561 0 0 0 0 0 0 0 0 0 0 44280
0 0 4.38594e-06 0.00015199 0.000862635 99.8839 1.23023e-05 99.4619 2.14488e-05 0.255876 94.7666 0 0 0 0 0 0 0 0 0 0 44330
0 0 3.92356e-06 0.000188446 0.000865769 99.8572 1.4494e-05 99.2371 3.25594e-05 0.218928 95.0823 0 0 0 0 0 0 0 0 0 0 44386
0 0 3.93963e-06 0.000237649 0.000917204 99.8244 1.7735e-05 98.9849 4.03214e-05 0.20426 93.8941 0 0 0 0 0 0 0 0 0 0 44443
0 0 3.93963e-06 0.000237649 0.000917204 99.8244 1.7735e-05 98.9849 4.03214e-05 0.20426 93.8941 0 0 0 0 0 0 0 0 0 0 44499
0 0 5.384e-06 0.00048984 0.00126948 99.6314 2.12057e-05 97.6112 5.99183e-05 0.19928 88.4581 0 0 0 0 0 0 0 0 0 0 44551
0 0 9.09877e-06 0.00129842 0.00212993 98.8732 2.67359e-05 91.8459 0.000101819 0.199321 80.1674 0 0 0 0 0 0 0 0 0 0 44602
0 0 9.09877e-06 0.00129842 0.00212993 98.8732 2.67359e-05 91.8459 0.000101819 0.199321 80.1674 0 0 0 0 0 0 0 0 0 0 44653
0 0 3.31413e-05 0.0117309 0.00766513 83.979 8.78734e-05 30.6462 0.000389716 0.196811 59.2361 0 0 0 0 0 0 0 0 0 0 44703
0 0 0.000115562 0.035154 0.0261896 26.3965 0.000274897 2.00274 0.00136659 0.196407 39.3522 0 0 0 0 0 0 0 0 0 0 44755
0 0 0.000791775 0.234004 0.17496 0.560304 0.00184815 0.0174791 0.00967855 0.196167 8.47141 0 0 0 0 0 0 0 0 0 0 44810
0 0 0.000791775 0.234004 0.17496 0.560304 0.00184815 0.0174791 0.00967855 0.196167 8.47141 0 0 0 0 0 0 0 0 0 0 44863
0 0 0.00102177 0.22382 0.224894 0.323964 0.00237386 0.00929904 0.0125127 0.19582 4.41585 0 0 0 0 0 0 0 0 0 0 44917
0 0 0.00143311 0.211001 0.313826 0.15752 0.00331902 0.00407259 0.017555 0.196847 0 0 0 0 0 0 0 0 0 0 0 44970
0 0 0.00188004 0.207425 0.411008 0.110878 0.00433889 0.002108 0.0230014 0.198828 0 0 0 0 0 0 0 0 0 0 0 45024
0 0 0.00190495 0.197602 0.415547 0.119181 0.00435497 0.00209953 0.0229978 0.201035 0 0 0 0 0 0 0 0 0 0 0 45078
0 0 0.00190495 0.197602 0.415547 0.119181 0.00435497 0.00209953 0.0229978 0.201035 0 0 0 0 0 0 0 0 0 0 0 45130
0 0 0.00195031 0.193266 0.430964 0.108649 0.00450585 0.00195579 0.0241687 0.204362 0 0 0 0 0 0 0 0 0 0 0 45181
0 0 0.00196227 0.192876 0.437686 0.137609 0.00455282 0.0019126 0.0246517 0.20584 0 0 0 0 0 0 0 0 0 0 0 45239
0 0 0.00192244 0.192365 0.442835 0.141739 0.00460858 0.00191394 0.0259271 0.212808 0 0 0 0 0 0 0 0 0 0 0 45290
0 0 0.00192244 0.192365 0.442835 0.141739 0.00460858 0.00191394 0.0259271 0.212808 0 0 0 0 0 0 0 0 0 0 0 45340
0 0 0.00193984 0.191627 0.447409 0.132124 0.004593 0.00194534 0.0257485 0.218143 0 0 0 0 0 0 0 0 0 0 0 45396
0 0 0.00193594 0.190626 0.45931 0.137882 0.00460704 0.00201603 0.0264856 0.232767 0 0 0 0 0 0 0 0 0 0 0 45454
0 0 0.00196683 0.189723 0.466999 0.138827 0.00454804 0.00206817 0.0259947 0.239995 0 0 0 0 0 0 0 0 0 0 0 45504
0 0 0.00196683 0.189723 0.466999 0.138827 0.00454804 0.00206817 0.0259947 0.239995 0 0 0 0 0 0 0 0 0 0 0 45556
0 0 0.00197827 0.189189 0.465944 0.12729 0.00444286 0.00207593 0.0257023 0.240618 0 0 0 0 0 0 0 0 0 0 0 45614
0 0 0.00191332 0.18877 0.461111 0.129318 0.00440084 0.00204802 0.0265508 0.235848 0 0 0 0 0 0 0 0 0 0 0 45667
0 0 0.00185987 0.187881 0.450849 0.131304 0.0042364 0.00204188 0.0272663 0.236978 0 0 0 0 0 0 0 0 0 0 0 45722
0 0 0.00185987 0.187881 0.450849 0.131304 0.0042364 0.00204188 0.0272663 0.236978 0 0 0 0 0 0 0 0 0 0 0 45775
0 0 0.0018859 0.187271 0.451149 0.117353 0.00407813 0.0020492 0.0266106 0.237827 0 0 0 0 0 0 0 0 0 0 0 45827
0 0 0.00193454 0.185276 0.444264 0.116587 0.00383273 0.00209211 0.0253171 0.239728 0 0 0 0 0 0 0 0 0 0 0 45878
0 0 0.00192002 0.181874 0.440718 0.106187 0.00369284 0.00217449 0.0243785 0.239672 0 0 0 0 0 0 0 0 0 0 0 45933
0 0 0.00188398 0.18025 0.432783 0.110671 0.00360521 0.00219586 0.024336 0.237702 0 0 0 0 0 0 0 0 0 0 0 45986
0 0 0.00188398 0.18025 0.432783 0.110671 0.00360521 0.00219586 0.024336 0.237702 0 0 0 0 0 0 0 0 0 0 0 46040
0 0 0.00183403 0.175031 0.417815 0.11237 0.00340207 0.0023449 0.0235557 0.242761 0 0 0 0 0 0 0 0 0 0 0 46093
0 0 0.00179973 0.173041 0.41041 0.101238 0.00340192 0.0023924 0.0232062 0.238534 0 0 0 0 0 0 0 0 0 0 0 46142
0 0 0.00174913 0.169486 0.400712 0.105337 0.00327997 0.00250287 0.0230164 0.242165 0 0 0 0 0 0 0 0 0 0 0 46193
0 0 0.00174913 0.169486 0.400712 0.105337 0.00327997 0.00250287 0.0230164 0.242165 0 0 0 0 0 0 0 0 0 0 0 46252
0 0 0.00176763 0.167167 0.393145 0.103955 0.0030534 0.00257864 0.0218141 0.246462 0 0 0 0 0 0 0 0 0 0 0 46309
0 0 0.00170938 0.165916 0.390364 0.105376 0.00303474 0.00261438 0.0224668 0.249245 0 0 0 0 0 0 0 0 0 0 0 46359
0 0 0.00168288 0.165887 0.387602 0.105296 0.00309901 0.00260707 0.0227958 0.246235 0 0 0 0 0 0 0 0 0 0 0 46418
0 0 0.00168288 0.165887 0.387602 0.105296 0.00309901 0.00260707 0.0227958 0.246235 0 0 0 0 0 0 0 0 0 0 0 46469
0 0 0.00167397 0.164176 0.381257 0.107349 0.00313613 0.00265949 0.0223207 0.240605 0 0 0 0 0 0 0 0 0 0 0 46520
0 0 0.00170848 0.169322 0.390373 0.102182 0.00325162 0.00247956 0.0231181 0.238886 0 0 0 0 0 0 0 0 0 0 0 46572
0 0 0.00171412 0.169981 0.390904 0.104169 0.00325021 0.00245708 0.0231501 0.239108 0 0 0 0 0 0 0 0 0 0 0 46628
0 0 0.00175305 0.172551 0.397166 0.0984977 0.00335195 0.00238608 0.0232185 0.237486 0 0 0 0 0 0 0 0 0 0 0 46683
0 0 0.00171919 0.167026 0.385516 0.103832 0.00336383 0.00256002 0.0221732 0.230864 0 0 0 0 0 0 0 0 0 0 0 46734
0 0 0.00171919 0.167026 0.385516 0.103832 0.00336383 0.00256002 0.0221732 0.230864 0 0 0 0 0 0 0 0 0 0 0 46787
0 0 0.00166892 0.165673 0.383414 0.105443 0.00346163 0.00261165 0.0228654 0.231012 0 0 0 0 0 0 0 0 0 0 0 46839
0 0 0.00169452 0.165762 0.383002 0.105316 0.0035433 0.00260569 0.0222649 0.224704 0 0 0 0 0 0 0 0 0 0 0 46889
0 0 0.00169452 0.165762 0.383002 0.105316 0.0035433 0.00260569 0.0222649 0.224704 0 0 0 0 0 0 0 0 0 0 0 46942
0 0 0.00171982 0.16738 0.387144 0.103376 0.00355887 0.00255713 0.0222942 0.225632 0 0 0 0 0 0 0 0 0 0 0 46995
0 0 0.00170817 0.170506 0.390739 0.0997935 0.00369392 0.00243955 0.0233184 0.22268 0 0 0 0 0 0 0 0 0 0 0 47047
0 0 0.00173885 0.173876 0.397796 0.0961424 0.00378817 0.00233987 0.0236396 0.222003 0 0 0 0 0 0 0 0 0 0 0 47105
0 0 0.00171875 0.172846 0.393165 0.0972561 0.00371772 0.00235557 0.0236844 0.220817 0 0 0 0 0 0 0 0 0 0 0 47158
0 0 0.00171875 0.172846 0.393165 0.0972561 0.00371772 0.00235557 0.0236844 0.220817 0 0 0 0 0 0 0 0 0 0 0 47209
0 0 0.00172229 0.176651 0.398569 0.0933087 0.00381054 0.00223409 0.0246518 0.219755 0 0 0 0 0 0 0 0 0 0 0 47265
0 0 0.00177024 0.178267 0.400995 0.0917426 0.00379428 0.00218734 0.0241053 0.217302 0 0 0 0 0 0 0 0 0 0 0 47319
0 0 0.00179481 0.177176 0.398104 0.0928671 0.00377613 0.00221439 0.0231891 0.213323 0 0 0 0 0 0 0 0 0 0 0 47370
0 0 0.00179481 0.177176 0.398104 0.0928671 0.00377613 0.00221439 0.0231891 0.213323 0 0 0 0 0 0 0 0 0 0 0 47421
0 0 0.0017854 0.171349 0.387508 0.0989866 0.0036513 0.00238678 0.0215564 0.211551 0 0 0 0 0 0 0 0 0 0 0 47483
0 0 0.0018032 0.172168 0.388486 0.0981365 0.00372766 0.00235994 0.0215155 0.207542 0 0 0 0 0 0 0 0 0 0 0 47541
0 0 0.00174709 0.1654 0.375337 0.105921 0.00362341 0.00257764 0.0206122 0.2064 0 0 0 0 0 0 0 0 0 0 0 47594
0 0 0.00170133 0.161112 0.36599 0.111449 0.00359286 0.00272807 0.0200945 0.203962 0 0 0 0 0 0 0 0 0 0 0 47648
0 0 0.00170133 0.161112 0.36599 0.111449 0.00359286 0.00272807 0.0200945 0.203962 0 0 0 0 0 0 0 0 0 0 0 47700
0 0 0.00168326 0.15871 0.361507 0.114746 0.00357755 0.00282378 0.0198749 0.203158 0 0 0 0 0 0 0 0 0 0 0 47753
0 0 0.00176356 0.166655 0.377458 0.104644 0.0037693 0.0025436 0.0203231 0.202601 0 0 0 0 0 0 0 0 0 0 0 47807
0 0 0.00178442 0.16767 0.380294 0.11046 0.00379762 0.00251762 0.019243 0.203221 0 0 0 0 0 0 0 0 0 0 0 47864
0 0 0.00181082 0.170034 0.385262 0.261113 0.0038597 0.00244706 0.0158973 0.203408 0 0 0 0 0 0 0 0 0 0 0 47927
0 0 0.00183719 0.174078 0.391284 0.282791 0.00399834 0.00231412 0.0160884 0.200906 0 0 0 0 0 0 0 0 0 0 0 47980
0 0 0.00183719 0.174078 0.391284 0.282791 0.00399834 0.00231412 0.0160884 0.200906 0 0 0 0 0 0 0 0 0 0 0 48032
0 0 0.00183539 0.171161 0.387644 0.490228 0.00397571 0.00240818 0.0138512 0.201514 0 0 0 0 0 0 0 0 0 0 0 48082
0 0 0.00187993 0.17473 0.394412 0.4765 0.00411 0.00230505 0.0141976 0.20033 0 0 0 0 0 0 0 0 0 0 0 48135
0 0 0.00193178 0.179114 0.404451 0.451238 0.00430741 0.002195 0.0146093 0.200658 0 0 0 0 0 0 0 0 0 0 0 48185
0 0 0.00193178 0.179114 0.404451 0.451238 0.00430741 0.002195 0.0146093 0.200658 0 0 0 0 0 0 0 0 0 0 0 48237
0 0 0.00188567 0.175799 0.394419 0.226587 0.00431465 0.00229156 0.0169609 0.198169 0 0 0 0 0 0 0 0 0 0 0 48290
0 0 0.00184031 0.173166 0.388085 0.0991245 0.00429045 0.0023867 0.0205217 0.196628 0 0 0 0 0 0 0 0 0 0 0 48345
0 0 0.00184031 0.173166 0.388085 0.0991245 0.00429045 0.0023867 0.0205217 0.196628 0 0 0 0 0 0 0 0 0 0 0 48397
0 0 0.00187311 0.177846 0.396354 0.0940787 0.00426069 0.00224508 0.021893 0.195928 0 0 0 0 0 0 0 0 0 0 0 48452
0 0 0.00190202 0.18071 0.403397 0.0905923 0.00427934 0.00215243 0.0222662 0.195775 0 0 0 0 0 0 0 0 0 0 0 48506
0 0 0.00190628 0.182133 0.407052 0.09305 0.00428353 0.00211958 0.0223675 0.195948 0 0 0 0 0 0 0 0 0 0 0 48557
0 0 0.00189365 0.182189 0.406159 0.101255 0.00427762 0.00210932 0.0225073 0.194805 0 0 0 0 0 0 0 0 0 0 0 48623
0 0 0.00190675 0.18359 0.408589 0.103169 0.00430022 0.00208156 0.0226003 0.194895 0 0 0 0 0 0 0 0 0 0 0 48675
0 0 0.00190675 0.18359 0.408589 0.103169 0.00430022 0.00208156 0.0226003 0.194895 0 0 0 0 0 0 0 0 0 0 0 48728
0 0 0.00192296 0.186021 0.412097 0.117904 0.00435214 0.00202456 0.0228891 0.19443 0 0 0 0 0 0 0 0 0 0 0 48779
0 0 0.0019334 0.187785 0.414641 0.127254 0.0043841 0.00199356 0.0230252 0.194315 0 0 0 0 0 0 0 0 0 0 0 48832
0 0 0.0019334 0.187785 0.414641 0.127254 0.0043841 0.00199356 0.0230252 0.194315 0 0 0 0 0 0 0 0 0 0 0 48891
0 0 0.00193611 0.189263 0.415425 0.133489 0.00440732 0.0019715 0.0231062 0.193878 0 0 0 0 0 0 0 0 0 0 0 48943
0 0 0.00193731 0.189585 0.415476 0.154921 0.00441312 0.00196801 0.0229705 0.193856 0 0 0 0 0 0 0 0 0 0 0 48996
0 0 0.0019313 0.189893 0.413696 0.191614 0.00441548 0.00196313 0.0229109 0.193354 0 0 0 0 0 0 0 0 0 0 0 49048
0 0 0.00192949 0.189446 0.409595 0.264763 0.00439072 0.00199244 0.0222004 0.193443 0 0 0 0 0 0 0 0 0 0 0 49100
0 0 0.00192949 0.189446 0.409595 0.264763 0.00439072 0.00199244 0.0222004 0.193443 0 0 0 0 0 0 0 0 0 0 0 49155
0 0 0.00186899 0.182796 0.396568 0.47759 0.00424625 0.00216595 0.0194164 0.193568 0 0 0 0 0 0 0 0 0 0 0 49210
0 0 0.00169522 0.164239 0.358705 0.876101 0.00382824 0.00280245 0.0144073 0.193974 0 0 0 0 0 0 0 0 0 0 0 49261
0 0 0.00169522 0.164239 0.358705 0.876101 0.00382824 0.00280245 0.0144073 0.193974 0 0 0 0 0 0 0 0 0 0 0 49316
0 0 0.00145491 0.137006 0.305029 2.57273 0.00324 0.00424433 0.00741219 0.194798 0 0 0 0 0 0 0 0 0 0 0 49372
0 0 0.00115736 0.103325 0.240465 1.69843 0.00251341 0.00800951 0.00625197 0.197029 0 0 0 0 0 0 0 0 0 0 0 49431
0 0 0.00078282 0.0597033 0.143474 1.67821 0.00149723 0.0294187 0.00360366 0.200574 0 0 0 0 0 0 0 0 0 0 0 49486
0 0 0.000639581 0.0529128 0.128098 1.13599 0.00131858 0.0405116 0.00574168 0.201413 10.5131 0 0 0 0 0 0 0 0 0 0 49536
0 0 0.000762055 0.0673247 0.156458 0.782574 0.00157216 0.0268765 0.00743016 0.207151 9.93029 0 0 0 0 0 0 0 0 0 0 49592
0 0 0.000762055 0.0673247 0.156458 0.782574 0.00157216 0.0268765 0.00743016 0.207151 9.93029 0 0 0 0 0 0 0 0 0 0 49642
0 0 0.000834038 0.0780244 0.172607 0.633669 0.00174486 0.0210518 0.00824791 0.20694 8.96362 0 0 0 0 0 0 0 0 0 0 49694
0 0 0.0009478 0.0913803 0.198924 0.444919 0.00207111 0.0137075 0.0101513 0.20091 6.75566 0 0 0 0 0 0 0 0 0 0 49746
0 0 0.0009478 0.0913803 0.198924 0.444919 0.00207111 0.0137075 0.0101513 0.20091 6.75566 0 0 0 0 0 0 0 0 0 0 49804
0 0 0.000870666 0.0793153 0.183657 0.526031 0.00191034 0.0165549 0.00948874 0.200036 8.11245 0 0 0 0 0 0 0 0 0 0 49860
0 0 0.000789575 0.0682585 0.168057 0.633664 0.00175624 0.0204388 0.00886861 0.199821 9.45188 0 0 0 0 0 0 0 0 0 0 49914
0 0 0.000660664 0.0557698 0.145178 0.871439 0.00151149 0.0294972 0.00783478 0.201091 11.7287 0 0 0 0 0 0 0 0 0 0 49967
0 0 0.000542001 0.0457532 0.123731 1.23719 0.00129258 0.0442595 0.00694378 0.20396 14.138 0 0 0 0 0 0 0 0 0 0 50018
0 0 0.000749314 0.0663672 0.171522 0.608348 0.00180258 0.0194596 0.00979923 0.204023 8.78394 0 0 0 0 0 0 0 0 0 0 50069
0 0 0.00105355 0.103638 0.253939 0.259269 0.00273669 0.00727469 0.0159946 0.208578 2.01273 0 0 0 0 0 0 0 0 0 0 50136
0 0 0.00105355 0.103638 0.253939 0.259269 0.00273669 0.00727469 0.0159946 0.208578 2.01273 0 0 0 0 0 0 0 0 0 0 50189
0 0 0.00143167 0.145857 0.342065 0.134874 0.00367491 0.00343001 0.0215215 0.207778 0 0 0 0 0 0 0 0 0 0 0 50245
0 0 0.00170632 0.173809 0.398271 0.0983026 0.0042191 0.00233062 0.0242538 0.205306 0 0 0 0 0 0 0 0 0 0 0 50300
0 0 0.00183896 0.185892 0.420976 0.0991382 0.00437613 0.00200925 0.0250464 0.204674 0 0 0 0 0 0 0 0 0 0 0 50353
0 0 0.00183896 0.185892 0.420976 0.0991382 0.00437613 0.00200925 0.0250464 0.204674 0 0 0 0 0 0 0 0 0 0 0 50410
0 0 0.00193071 0.191903 0.427576 0.146842 0.00421113 0.00186125 0.0244462 0.205853 0 0 0 0 0 0 0 0 0 0 0 50463
0 0 0.00193071 0.191903 0.427576 0.146842 0.00421113 0.00186125 0.0244462 0.205853 0 0 0 0 0 0 0 0 0 0 0 50514
0 0 0.00195796 0.192145 0.426643 0.143642 0.00409367 0.0018569 0.0241458 0.206927 0 0 0 0 0 0 0 0 0 0 0 50570
0 0 0.00195796 0.192145 0.426643 0.143642 0.00409367 0.0018569 0.0241458 0.206927 0 0 0 0 0 0 0 0 0 0 0 50622
0 0 0.00194669 0.18854 0.419109 0.13263 0.00425345 0.00193418 0.0231429 0.199237 0 0 0 0 0 0 0 0 0 0 0 50682
0 0 0.00194669 0.18854 0.419109 0.13263 0.00425345 0.00193418 0.0231429 0.199237 0 0 0 0 0 0 0 0 0 0 0 50731
0 0 0.00190996 0.183836 0.409964 0.154273 0.00425122 0.00204558 0.0226168 0.19686 0 0 0 0 0 0 0 0 0 0 0 50784
0 0 0.00190996 0.183836 0.409964 0.154273 0.00425122 0.00204558 0.0226168 0.19686 0 0 0 0 0 0 0 0 0 0 0 50834
0 0 0.00185101 0.175244 0.394529 0.185784 0.00412701 0.00228758 0.020382 0.196969 0 0 0 0 0 0 0 0 0 0 0 50891
0 0 0.00173352 0.160232 0.358914 0.238457 0.0038249 0.00278882 0.0163953 0.195938 0 0 0 0 0 0 0 0 0 0 0 50952
0 0 0.00164376 0.136406 0.299982 0.220505 0.00330305 0.00407938 0.0130713 0.198061 0 0 0 0 0 0 0 0 0 0 0 51004
0 0 0.00149926 0.10712 0.236178 0.585298 0.00261843 0.00748016 0.00780996 0.203134 0 0 0 0 0 0 0 0 0 0 0 51058
0 0 0.00149926 0.10712 0.236178 0.585298 0.00261843 0.00748016 0.00780996 0.203134 0 0 0 0 0 0 0 0 0 0 0 51116
0 0 0.00137142 0.0797016 0.165244 0.510425 0.00192393 0.0163317 0.00626813 0.205747 0 0 0 0 0 0 0 0 0 0 0 51171
0 0 0.00111667 0.0711399 0.134792 0.708433 0.00165315 0.0238343 0.00613929 0.205871 3.17455 0 0 0 0 0 0 0 0 0 0 51224
0 0 0.00111667 0.0711399 0.134792 0.708433 0.00165315 0.0238343 0.00613929 0.205871 3.17455 0 0 0 0 0 0 0 0 0 0 51280
0 0 0.000941964 0.0786585 0.146677 0.666221 0.00171029 0.0222966 0.00715877 0.207134 6.67217 0 0 0 0 0 0 0 0 0 0 51341
0 0 0.00090065 0.0900681 0.160454 0.585824 0.00180682 0.0190344 0.00818073 0.204227 7.3228 0 0 0 0 0 0 0 0 0 0 51393
0 0 0.000962521 0.118112 0.182051 0.460253 0.00201269 0.0142556 0.00959425 0.200967 6.14174 0 0 0 0 0 0 0 0 0 0 51449
0 0 0.000979141 0.130106 0.199338 0.417701 0.00210007 0.012889 0.0100441 0.203963 5.95532 0 0 0 0 0 0 0 0 0 0 51503
0 0 0.00100541 0.126286 0.210135 0.370997 0.00221416 0.0110714 0.0110139 0.19963 5.28383 0 0 0 0 0 0 0 0 0 0 51557
0 0 0.0013046 0.163424 0.276697 0.20258 0.00293869 0.00546059 0.0150207 0.196499 0.887775 0 0 0 0 0 0 0 0 0 0 51610
0 0 0.0013046 0.163424 0.276697 0.20258 0.00293869 0.00546059 0.0150207 0.196499 0.887775 0 0 0 0 0 0 0 0 0 0 51660
0 0 0.00164918 0.211343 0.350363 0.122995 0.00370437 0.00308152 0.0189673 0.196616 0 0 0 0 0 0 0 0 0 0 0 51711
0 0 0.00164918 0.211343 0.350363 0.122995 0.00370437 0.00308152 0.0189673 0.196616 0 0 0 0 0 0 0 0 0 0 0 51765
0 0 0.0017016 0.2154 0.350691 0.119465 0.00375747 0.00301194 0.0180827 0.199417 0 0 0 0 0 0 0 0 0 0 0 51824
0 0 0.0017016 0.2154 0.350691 0.119465 0.00375747 0.00301194 0.0180827 0.199417 0 0 0 0 0 0 0 0 0 0 0 51879
0 0 0.00194926 0.192788 0.397684 0.10691 0.00412303 0.00277813 0.0177698 0.213679 0 0 0 0 0 0 0 0 0 0 0 51930
0 0 0.00309708 0.177196 0.512493 0.28642 0.0174315 0.00364633 0.00691929 0.352284 0 0 0 0 0 0 0 0 0 0 0 51984
0 0 0.00309708 0.177196 0.512493 0.28642 0.0174315 0.00364633 0.00691929 0.352284 0 0 0 0 0 0 0 0 0 0 0 52036
0 0 0.00939244 0.15462 0.703794 1.54289 0.810824 0.00739872 0.000749743 0.945895 0 0 0 0 0 0 0 0 0 0 0 52087
0 0 0.0434217 0.155405 1.86592 40.0238 43.2868 0.0163608 3.05709e-05 5.44631 0 0 0 0 0 0 0 0 0 0 0 52141
0 0 0.0343734 0.123332 1.68382 51.6102 37.5351 0.0287952 2.00504e-05 6.55892 0.175546 0 0 0 0 0 0 0 0 0 0 52194
0 0 0.0343734 0.123332 1.68382 51.6102 37.5351 0.0287952 2.00504e-05 6.55892 0.175546 0 0 0 0 0 0 0 0 0 0 52251
0 0 0.0198852 0.0717952 1.06446 54.4652 25.9504 0.093602 1.18239e-05 7.05644 8.00608 0 0 0 0 0 0 0 0 0 0 52304
0 0 0.00233445 0.00745823 0.148689 57.9346 4.06645 11.0397 1.50267e-06 7.75439 40.2232 0 0 0 0 0 0 0 0 0 0 52357
0 0 0.00233445 0.00745823 0.148689 57.9346 4.06645 11.0397 1.50267e-06 7.75439 40.2232 0 0 0 0 0 0 0 0 0 0 52412
0 0 0.00106803 0.00366395 0.0792691 61.1849 1.44745 34.9471 8.83125e-07 8.04131 50.0711 0 0 0 0 0 0 0 0 0 0 52463
0 0 0.0046441 0.0174212 0.291644 48.4721 0.031369 1.88147 2.45792e-05 3.937 28.1532 0 0 0 0 0 0 0 0 0 0 52520
0 0 0.00243602 0.0145139 0.194186 27.1235 0.000392924 2.15386 0.000128493 2.01429 30.8811 0 0 0 0 0 0 0 0 0 0 52572
0 0 0.00243602 0.0145139 0.194186 27.1235 0.000392924 2.15386 0.000128493 2.01429 30.8811 0 0 0 0 0 0 0 0 0 0 52631
0 0 0.000742984 0.0178936 0.106853 7.37473 0.000399351 0.674341 0.000682413 0.677178 28.1658 0 0 0 0 0 0 0 0 0 0 52698
0 0 7.04683e-05 0.00612819 0.021485 37.8374 0.00012196 3.10144 0.000836661 0.34245 43.3033 0 0 0 0 0 0 0 0 0 0 52752
0 0 0.00029368 0.0254296 0.0738664 3.83912 0.000404071 0.155091 0.00332438 0.317135 23.1195 0 0 0 0 0 0 0 0 0 0 52803
0 0 0.00029368 0.0254296 0.0738664 3.83912 0.000404071 0.155091 0.00332438 0.317135 23.1195 0 0 0 0 0 0 0 0 0 0 52853
0 0 0.000275032 0.0253679 0.0713284 3.87067 0.000394362 0.151355 0.00347297 0.308248 23.0537 0 0 0 0 0 0 0 0 0 0 52907
0 0 0.000140927 0.0134455 0.0415922 11.9508 0.000231299 0.57059 0.00173034 0.332683 31.3328 0 0 0 0 0 0 0 0 0 0 52958
0 0 0.000317254 0.0226503 0.068034 5.26684 0.000438529 0.258798 0.00163348 0.285679 16.4705 0 0 0 0 0 0 0 0 0 0 53010
0 0 0.000317254 0.0226503 0.068034 5.26684 0.000438529 0.258798 0.00163348 0.285679 16.4705 0 0 0 0 0 0 0 0 0 0 53069
0 0 0.000208744 0.00915139 0.0391027 24.0897 0.000204361 2.30616 0.000523128 0.411794 32.4445 0 0 0 0 0 0 0 0 0 0 53126
0 0 0.000282307 0.00721318 0.0400984 36.0186 0.00021548 5.85825 0.000229269 0.571969 37.1201 0 0 0 0 0 0 0 0 0 0 53176
0 0 0.00199392 0.0191764 0.150834 13.3061 0.0094665 2.54017 4.17705e-05 1.80507 25.067 0 0 0 0 0 0 0 0 0 0 53227
0 0 0.00199392 0.0191764 0.150834 13.3061 0.0094665 2.54017 4.17705e-05 1.80507 25.067 0 0 0 0 0 0 0 0 0 0 53277
0 0 0.00481764 0.0183241 0.214904 45.9386 6.81965 4.22997 2.19972e-06 6.09132 27.7797 0 0 0 0 0 0 0 0 0 0 53331
0 0 0.00321132 0.0154253 0.161383 50.7847 4.92865 7.62941 1.44784e-06 6.8621 31.3142 0 0 0 0 0 0 0 0 0 0 53388
0 0 0.000657307 0.00225987 0.0293118 91.2904 0.980041 83.4486 2.61854e-07 7.47739 58.8746 0 0 0 0 0 0 0 0 0 0 53441
0 0 0.000657307 0.00225987 0.0293118 91.2904 0.980041 83.4486 2.61854e-07 7.47739 58.8746 0 0 0 0 0 0 0 0 0 0 53492
0 0 0.000162279 0.000367637 0.00663368 99.5575 0.232881 99.4063 6.60009e-08 7.43919 82.834 0 0 0 0 0 0 0 0 0 0 53544
0 0 9.78646e-05 0.000285194 0.00614229 99.6813 0.0768765 99.587 9.9382e-08 6.22048 88.471 0 0 0 0 0 0 0 0 0 0 53596
0 0 5.30973e-05 0.000186693 0.00425634 99.8168 4.40307e-05 99.7338 1.14951e-06 2.64924 94.0933 0 0 0 0 0 0 0 0 0 0 53648
0 0 1.86041e-05 0.000161072 0.00237017 99.8518 7.53594e-06 99.65 4.8897e-06 1.08907 96.3258 0 0 0 0 0 0 0 0 0 0 53701
0 0 5.80593e-06 0.000153111 0.00122872 99.8619 6.70366e-06 99.4034 1.57677e-05 0.444445 96.9594 0 0 0 0 0 0 0 0 0 0 53759
0 0 5.80593e-06 0.000153111 0.00122872 99.8619 6.70366e-06 99.4034 1.57677e-05 0.444445 96.9594 0 0 0 0 0 0 0 0 0 0 53811
0 0 5.09096e-06 0.000190553 0.00113584 99.7898 8.75867e-06 98.8594 3.42363e-05 0.262553 93.1616 0 0 0 0 0 0 0 0 0 0 53862
0 0 7.31326e-06 0.000368797 0.00176263 99.2879 1.52339e-05 94.9995 7.56226e-05 0.220124 83.4731 0 0 0 0 0 0 0 0 0 0 53914
0 0 5.14188e-05 0.00363636 0.0123917 64.9008 0.00011323 11.478 0.000605084 0.211786 51.347 0 0 0 0 0 0 0 0 0 0 53971
0 0 5.14188e-05 0.00363636 0.0123917 64.9008 0.00011323 11.478 0.000605084 0.211786 51.347 0 0 0 0 0 0 0 0 0 0 54023
0 0 0.000468308 0.044497 0.110691 1.51539 0.00103749 0.0529997 0.00564082 0.214765 15.7751 0 0 0 0 0 0 0 0 0 0 54074
0 0 0.00128932 0.139496 0.309931 0.161109 0.00290689 0.00391524 0.0158576 0.221465 0 0 0 0 0 0 0 0 0 0 0 54128
0 0 0.00128932 0.139496 0.309931 0.161109 0.00290689 0.00391524 0.0158576 0.221465 0 0 0 0 0 0 0 0 0 0 0 54183
0 0 0.00152461 0.17759 0.391925 0.113934 0.00353236 0.002062 0.0192725 0.239636 0 0 0 0 0 0 0 0 0 0 0 54237
0 0 0.00138104 0.188947 0.418222 0.159216 0.00366581 0.00154223 0.0177707 0.294532 0 0 0 0 0 0 0 0 0 0 0 54290
0 0 0.00151262 0.190689 0.420951 0.295886 0.0131233 0.00113518 0.00860259 0.528833 0 0 0 0 0 0 0 0 0 0 0 54343
0 0 0.00428252 0.19249 0.42553 0.720754 1.22795 0.00072912 0.00122306 1.60764 0 0 0 0 0 0 0 0 0 0 0 54397
0 0 0.00200415 0.192963 0.426788 2.50913 1.08059 0.000393331 0.00066512 4.19088 0 0 0 0 0 0 0 0 0 0 0 54451
0 0 0.00200415 0.192963 0.426788 2.50913 1.08059 0.000393331 0.00066512 4.19088 0 0 0 0 0 0 0 0 0 0 0 54507
0 0 0.000345743 0.192813 0.427731 3.74838 0.0127537 0.000312513 0.00233515 3.90699 0 0 0 0 0 0 0 0 0 0 0 54558
0 0 0.000296622 0.192675 0.426446 1.49142 0.00171822 0.000483019 0.0074438 1.58828 0 0 0 0 0 0 0 0 0 0 0 54611
0 0 0.000163167 0.192528 0.426363 2.8791 0.000875872 0.0003555 0.00667405 2.39765 0 0 0 0 0 0 0 0 0 0 0 54663
0 0 0.000163167 0.192528 0.426363 2.8791 0.000875872 0.0003555 0.00667405 2.39765 0 0 0 0 0 0 0 0 0 0 0 54718
0 0 9.43225e-05 0.192507 0.425739 5.99599 0.00059447 0.000250058 0.00514551 4.01026 0 0 0 0 0 0 0 0 0 0 0 54777
0 0 4.65578e-05 0.192486 0.426958 14.7593 0.000364832 0.00015855 0.0036311 7.75978 0 0 0 0 0 0 0 0 0 0 0 54834
0 0 4.65578e-05 0.192486 0.426958 14.7593 0.000364832 0.00015855 0.0036311 7.75978 0 0 0 0 0 0 0 0 0 0 0 54887
0 0 3.70829e-05 0.192487 0.42693 19.4937 0.000313834 0.000136758 0.00321795 9.56432 0 0 0 0 0 0 0 0 0 0 0 54939
0 0 5.37091e-05 0.192432 0.423966 12.6362 0.000400533 0.000173639 0.00382873 6.85401 0 0 0 0 0 0 0 0 0 0 0 54994
0 0 0.000316364 0.192326 0.419784 1.15477 0.00129859 0.000551203 0.00916494 1.24706 0 0 0 0 0 0 0 0 0 0 0 55048
0 0 0.00112802 0.192086 0.418307 0.190586 0.00304202 0.0012668 0.0174334 0.349159 0 0 0 0 0 0 0 0 0 0 0 55102
0 0 0.00112802 0.192086 0.418307 0.190586 0.00304202 0.0012668 0.0174334 0.349159 0 0 0 0 0 0 0 0 0 0 0 55152
0 0 0.00179248 0.191733 0.417583 0.0955836 0.00414906 0.00171985 0.022209 0.218945 0 0 0 0 0 0 0 0 0 0 0 55207
0 0 0 0 0 0 0 0 0 0 0 0 0 0 0 0 0 0 0 0 0 55261
0 0 0 0 0 0 0 0 0 0 0 0 0 0 0 0 0 0 0 0 0 55312
0 0 0 0 0 0 0 0 0 0 0 0 0 0 0 0 0 0 0 0 0 55365
0 0 0 0 0 0 0 0 0 0 0 0 0 0 0 0 0 0 0 0 0 55417
0 0 0 0 0 0 0 0 0 0 0 0 0 0 0 0 0 0 0 0 0 55472
0 0 0 0 0 0 0 0 0 0 0 0 0 0 0 0 0 0 0 0 0 55527
0 0 0 0 0 0 0 0 0 0 0 0 0 0 0 0 0 0 0 0 0 55578
0 0 0 0 0 0 0 0 0 0 0 0 0 0 0 0 0 0 0 0 0 55629
0 0 0 0 0 0 0 0 0 0 0 0 0 0 0 0 0 0 0 0 0 55679
0 0 0 0 0 0 0 0 0 0 0 0 0 0 0 0 0 0 0 0 0 55730
0 0 0 0 0 0 0 0 0 0 0 0 0 0 0 0 0 0 0 0 0 55783
0 0 0 0 0 0 0 0 0 0 0 0 0 0 0 0 0 0 0 0 0 55838
0 0 0 0 0 0 0 0 0 0 0 0 0 0 0 0 0 0 0 0 0 55893
0 0 0 0 0 0 0 0 0 0 0 0 0 0 0 0 0 0 0 0 0 55945
0 0 0 0 0 0 0 0 0 0 0 0 0 0 0 0 0 0 0 0 0 56000
0 0 0 0 0 0 0 0 0 0 0 0 0 0 0 0 0 0 0 0 0 56055
0 0 0 0 0 0 0 0 0 0 0 0 0 0 0 0 0 0 0 0 0 56106
0 0 0 0 0 0 0 0 0 0 0 0 0 0 0 0 0 0 0 0 0 56159
0 0 0 0 0 0 0 0 0 0 0 0 0 0 0 0 0 0 0 0 0 56211
0 0 0 0 0 0 0 0 0 0 0 0 0 0 0 0 0 0 0 0 0 56263
0 0 0 0 0 0 0 0 0 0 0 0 0 0 0 0 0 0 0 0 0 56313
0 0 0 0 0 0 0 0 0 0 0 0 0 0 0 0 0 0 0 0 0 56369
0 0 0 0 0 0 0 0 0 0 0 0 0 0 0 0 0 0 0 0 0 56431
0 0 0 0 0 0 0 0 0 0 0 0 0 0 0 0 0 0 0 0 0 56485
0 0 0 0 0 0 0 0 0 0 0 0 0 0 0 0 0 0 0 0 0 56538
0 0 0 0 0 0 0 0 0 0 0 0 0 0 0 0 0 0 0 0 0 56588
0 0 0 0 0 0 0 0 0 0 0 0 0 0 0 0 0 0 0 0 0 56640
0 0 0 0 0 0 0 0 0 0 0 0 0 0 0 0 0 0 0 0 0 56693
0 0 0 0 0 0 0 0 0 0 0 0 0 0 0 0 0 0 0 0 0 56746
0 0 0 0 0 0 0 0 0 0 0 0 0 0 0 0 0 0 0 0 0 56796
0 0 0 0 0 0 0 0 0 0 0 0 0 0 0 0 0 0 0 0 0 56847
0 0 0 0 0 0 0 0 0 0 0 0 0 0 0 0 0 0 0 0 0 56900
0 0 0 0 0 0 0 0 0 0 0 0 0 0 0 0 0 0 0 0 0 56962
0 0 0 0 0 0 0 0 0 0 0 0 0 0 0 0 0 0 0 0 0 57013
0 0 0 0 0 0 0 0 0 0 0 0 0 0 0 0 0 0 0 0 0 57063
0 0 0 0 0 0 0 0 0 0 0 0 0 0 0 0 0 0 0 0 0 57115
0 0 0 0 0 0 0 0 0 0 0 0 0 0 0 0 0 0 0 0 0 57167
0 0 0 0 0 0 0 0 0 0 0 0 0 0 0 0 0 0 0 0 0 57219
0 0 0 0 0 0 0 0 0 0 0 0 0 0 0 0 0 0 0 0 0 57271
0 0 0 0 0 0 0 0 0 0 0 0 0 0 0 0 0 0 0 0 0 57323
0 0 0 0 0 0 0 0 0 0 0 0 0 0 0 0 0 0 0 0 0 57374
0 0 0 0 0 0 0 0 0 0 0 0 0 0 0 0 0 0 0 0 0 57426
0 0 0 0 0 0 0 0 0 0 0 0 0 0 0 0 0 0 0 0 0 57477
0 0 0 0 0 0 0 0 0 0 0 0 0 0 0 0 0 0 0 0 0 57528
0 0 0 0 0 0 0 0 0 0 0 0 0 0 0 0 0 0 0 0 0 57578
0 0 0.0222314 0.213674 29.1051 99.8518 0.000210708 0.0067128 0.00158431 8.94122 0 0 0 0 0 0 0 0 0 0 0 57631
0 0 0.0159121 0.192847 8.71442 80.7839 0.000438336 0.0056994 0.00297089 3.63288 0 0 0 0 0 0 0 0 0 0 0 57682
0 0 0.0159121 0.192847 8.71442 80.7839 0.000438336 0.0056994 0.00297089 3.63288 0 0 0 0 0 0 0 0 0 0 0 57733
0 0 0.0159121 0.192847 8.71442 80.7839 0.000438336 0.0056994 0.00297089 3.63288 0 0 0 0 0 0 0 0 0 0 0 57784
0 0 0.0159121 0.192847 8.71442 80.7839 0.000438336 0.0056994 0.00297089 3.63288 0 0 0 0 0 0 0 0 0 0 0 57835
0 0 0.0159121 0.192847 8.71442 80.7839 0.000438336 0.0056994 0.00297089 3.63288 0 0 0 0 0 0 0 0 0 0 0 57886
0 0 0.0159121 0.192847 8.71442 80.7839 0.000438336 0.0056994 0.00297089 3.63288 0 0 0 0 0 0 0 0 0 0 0 57938
0 0 0.0159121 0.192847 8.71442 80.7839 0.000438336 0.0056994 0.00297089 3.63288 0 0 0 0 0 0 0 0 0 0 0 57989
0 0 0.0159121 0.192847 8.71442 80.7839 0.000438336 0.0056994 0.00297089 3.63288 0 0 0 0 0 0 0 0 0 0 0 58040
0 0 0.0159121 0.192847 8.71442 80.7839 0.000438336 0.0056994 0.00297089 3.63288 0 0 0 0 0 0 0 0 0 0 0 58090
0 0 0.0159121 0.192847 8.71442 80.7839 0.000438336 0.0056994 0.00297089 3.63288 0 0 0 0 0 0 0 0 0 0 0 58142
0 0 0.0159121 0.192847 8.71442 80.7839 0.000438336 0.0056994 0.00297089 3.63288 0 0 0 0 0 0 0 0 0 0 0 58194
0 0 0.0159121 0.192847 8.71442 80.7839 0.000438336 0.0056994 0.00297089 3.63288 0 0 0 0 0 0 0 0 0 0 0 58245
0 0 0.0159121 0.192847 8.71442 80.7839 0.000438336 0.0056994 0.00297089 3.63288 0 0 0 0 0 0 0 0 0 0 0 58296
