0 0 0 0 0 0 0 0 0 0 0 0 0 0 0 0 0 0 0 0 0 2936
0 0 0 0 0 0 0 0 0 0 0 0 0 0 0 0 0 0 0 0 0 2986
0 0 0 0 0 0 0 0 0 0 0 0 0 0 0 0 0 0 0 0 0 3039
0 0 0 0 0 0 0 0 0 0 0 0 0 0 0 0 0 0 0 0 0 3090
0 0 0 0 0 0 0 0 0 0 0 0 0 0 0 0 0 0 0 0 0 3141
0 0 0 0 0 0 0 0 0 0 0 0 0 0 0 0 0 0 0 0 0 3192
0 0 0 0 0 0 0 0 0 0 0 0 0 0 0 0 0 0 0 0 0 3245
0 0 0 0 0 0 0 0 0 0 0 0 0 0 0 0 0 0 0 0 0 3298
0 0 0 0 0 0 0 0 0 0 0 0 0 0 0 0 0 0 0 0 0 3351
0 0 0 0 0 0 0 0 0 0 0 0 0 0 0 0 0 0 0 0 0 3405
0 0 0 0 0 0 0 0 0 0 0 0 0 0 0 0 0 0 0 0 0 3458
0 0 0 0 0 0 0 0 0 0 0 0 0 0 0 0 0 0 0 0 0 3510
0 0 0 0 0 0 0 0 0 0 0 0 0 0 0 0 0 0 0 0 0 3561
0 0 0 0 0 0 0 0 0 0 0 0 0 0 0 0 0 0 0 0 0 3611
0 0 0 0 0 0 0 0 0 0 0 0 0 0 0 0 0 0 0 0 0 3665
0 0 0 0 0 0 0 0 0 0 0 0 0 0 0 0 0 0 0 0 0 3718
0 0 0 0 0 0 0 0 0 0 0 0 0 0 0 0 0 0 0 0 0 3772
0 0 0 0 0 0 0 0 0 0 0 0 0 0 0 0 0 0 0 0 0 3821
0 0 0 0 0 0 0 0 0 0 0 0 0 0 0 0 0 0 0 0 0 3872
0 0 0 0 0 0 0 0 0 0 0 0 0 0 0 0 0 0 0 0 0 3927
0 0 0 0 0 0 0 0 0 0 0 0 0 0 0 0 0 0 0 0 0 3981
0 0 0 0 0 0 0 0 0 0 0 0 0 0 0 0 0 0 0 0 0 4031
0 0 0 0 0 0 0 0 0 0 0 0 0 0 0 0 0 0 0 0 0 4081
0 0 0 0 0 0 0 0 0 0 0 0 0 0 0 0 0 0 0 0 0 4134
0 0 0 0 0 0 0 0 0 0 0 0 0 0 0 0 0 0 0 0 0 4188
0 0 0 0 0 0 0 0 0 0 0 0 0 0 0 0 0 0 0 0 0 4238
0 0 0 0 0 0 0 0 0 0 0 0 0 0 0 0 0 0 0 0 0 4292
0 0 0 0 0 0 0 0 0 0 0 0 0 0 0 0 0 0 0 0 0 4346
0 0 0 0 0 0 0 0 0 0 0 0 0 0 0 0 0 0 0 0 0 4397
0 0 0 0 0 0 0 0 0 0 0 0 0 0 0 0 0 0 0 0 0 4449
0 0 0 0 0 0 0 0 0 0 0 0 0 0 0 0 0 0 0 0 0 4503
0 0 0 0 0 0 0 0 0 0 0 0 0 0 0 0 0 0 0 0 0 4555
0 0 0 0 0 0 0 0 0 0 0 0 0 0 0 0 0 0 0 0 0 4606
0 0 0.00273929 0.193067 0.513786 0.158396 0.00390575 0.00216451 0.0176257 0.267739 0 0 0 0 0 0 0 0 0 0 0 4658
0 0 0.00273929 0.193067 0.513786 0.158396 0.00390575 0.00216451 0.0176257 0.267739 0 0 0 0 0 0 0 0 0 0 0 4712
0 0 0.00209088 0.193073 0.441661 0.0889824 0.00420048 0.00186839 0.0231233 0.20966 0 0 0 0 0 0 0 0 0 0 0 4767
0 0 0.00209875 0.193251 0.439484 0.0889169 0.00422879 0.00186037 0.0232156 0.207848 0 0 0 0 0 0 0 0 0 0 0 4820
0 0 0.00205218 0.193239 0.433211 0.0842322 0.00429103 0.00183601 0.0237714 0.202156 0 0 0 0 0 0 0 0 0 0 0 4873
0 0 0.00205218 0.193239 0.433211 0.0842322 0.00429103 0.00183601 0.0237714 0.202156 0 0 0 0 0 0 0 0 0 0 0 4925
0 0 0.00205191 0.193518 0.431291 0.0835713 0.00440133 0.00182225 0.024034 0.197682 0 0 0 0 0 0 0 0 0 0 0 4978
0 0 0.00206705 0.194015 0.429791 0.0834412 0.00448115 0.00180202 0.0243677 0.193716 0 0 0 0 0 0 0 0 0 0 0 5031
0 0 0.00208409 0.194267 0.431024 0.0843014 0.00453269 0.0018002 0.0243132 0.192466 0 0 0 0 0 0 0 0 0 0 0 5081
0 0 0.00208409 0.194267 0.431024 0.0843014 0.00453269 0.0018002 0.0243132 0.192466 0 0 0 0 0 0 0 0 0 0 0 5133
0 0 0.00209652 0.194186 0.436304 0.0965045 0.00454425 0.00181867 0.0230661 0.194006 0 0 0 0 0 0 0 0 0 0 0 5184
0 0 0.00209652 0.194186 0.436304 0.0965045 0.00454425 0.00181867 0.0230661 0.194006 0 0 0 0 0 0 0 0 0 0 0 5236
0 0 0.00211301 0.194287 0.440878 0.385466 0.00456078 0.00183435 0.016501 0.19528 0 0 0 0 0 0 0 0 0 0 0 5288
0 0 0.00210899 0.193644 0.437586 3.67658 0.00455922 0.00186602 0.00946948 0.197455 -3.98276 0 0 0 0 0 0 0 0 0 0 5341
0 0 0.00213396 0.193491 0.437166 4.58079 0.00457179 0.00189703 0.00888096 0.198012 -5.00168 0 0 0 0 0 0 0 0 0 0 5392
0 0 0.00214412 0.191078 0.432597 3.36062 0.00450345 0.00207023 0.00903207 0.202029 -2.98264 0 0 0 0 0 0 0 0 0 0 5445
0 0 0.00212373 0.174171 0.418006 3.43487 0.00427881 0.00272769 0.00752209 0.214773 -1.67486 0 0 0 0 0 0 0 0 0 0 5495
0 0 0.00212373 0.174171 0.418006 3.43487 0.00427881 0.00272769 0.00752209 0.214773 -1.67486 0 0 0 0 0 0 0 0 0 0 5546
0 0 0.00158386 0.122963 0.309441 2.86671 0.00336305 0.00734833 0.0048627 0.231394 0 0 0 0 0 0 0 0 0 0 0 5597
0 0 0.000819446 0.0570782 0.154609 1.78395 0.00232593 0.0473705 0.00238825 0.245628 0 0 0 0 0 0 0 0 0 0 0 5648
0 0 0.000819446 0.0570782 0.154609 1.78395 0.00232593 0.0473705 0.00238825 0.245628 0 0 0 0 0 0 0 0 0 0 0 5700
0 0 0.000289635 0.021637 0.0551178 11.1404 0.00157488 0.735704 0.000817018 0.256638 18.7019 0 0 0 0 0 0 0 0 0 0 5752
0 0 0.00010886 0.00811625 0.0188454 58.9776 0.000941417 11.7117 0.000215859 0.290082 36.3077 0 0 0 0 0 0 0 0 0 0 5804
0 0 0.00010886 0.00811625 0.0188454 58.9776 0.000941417 11.7117 0.000215859 0.290082 36.3077 0 0 0 0 0 0 0 0 0 0 5855
0 0 3.36814e-05 0.00242256 0.0062567 93.7567 0.000454859 65.2029 7.24341e-05 0.274493 52.2321 0 0 0 0 0 0 0 0 0 0 5910
0 0 1.17955e-05 0.00066541 0.00234883 99.0527 0.000200578 94.1212 4.24178e-05 0.246682 71.3373 0 0 0 0 0 0 0 0 0 0 5967
0 0 9.92101e-06 0.000470155 0.0018518 99.2672 0.000177469 95.0916 6.32875e-05 0.213125 77.6204 0 0 0 0 0 0 0 0 0 0 6019
0 0 9.92101e-06 0.000470155 0.0018518 99.2672 0.000177469 95.0916 6.32875e-05 0.213125 77.6204 0 0 0 0 0 0 0 0 0 0 6069
0 0 1.22311e-05 0.000454043 0.00183471 99.2198 0.000172881 94.5928 8.08611e-05 0.20408 78.3268 0 0 0 0 0 0 0 0 0 0 6121
0 0 2.06992e-05 0.000678071 0.00272019 98.0972 0.00023186 85.9025 0.00013072 0.198278 70.7715 0 0 0 0 0 0 0 0 0 0 6175
0 0 6.03373e-05 0.00154858 0.00570994 90.788 0.000408705 47.4526 0.000290223 0.194469 55.5149 0 0 0 0 0 0 0 0 0 0 6226
0 0 6.03373e-05 0.00154858 0.00570994 90.788 0.000408705 47.4526 0.000290223 0.194469 55.5149 0 0 0 0 0 0 0 0 0 0 6278
0 0 0.000197728 0.00489431 0.016128 50.3738 0.000687274 6.22897 0.000849406 0.192811 37.3519 0 0 0 0 0 0 0 0 0 0 6330
0 0 0.000927491 0.0198368 0.0549066 6.52109 0.0013044 0.307591 0.00297669 0.192209 14.625 0 0 0 0 0 0 0 0 0 0 6381
0 0 0.00305901 0.0486914 0.122276 2.97746 0.00200382 0.0416092 0.00673387 0.192259 0 0 0 0 0 0 0 0 0 0 0 6435
0 0 0.00668465 0.0731687 0.179804 6.59288 0.00234194 0.01586 0.00997168 0.192363 0 0 0 0 0 0 0 0 0 0 0 6486
0 0 0.00668465 0.0731687 0.179804 6.59288 0.00234194 0.01586 0.00997168 0.192363 0 0 0 0 0 0 0 0 0 0 0 6542
0 0 0.0110672 0.113904 0.266345 8.0352 0.00305153 0.00590504 0.0148963 0.192555 0 0 0 0 0 0 0 0 0 0 0 6593
0 0 0.0116338 0.144821 0.329027 5.71417 0.00359798 0.0034549 0.0185267 0.192578 -1.86933 0 0 0 0 0 0 0 0 0 0 6646
0 0 0.014454 0.166233 0.370832 6.82379 0.00399718 0.00254078 0.0210422 0.192699 -5.08119 0 0 0 0 0 0 0 0 0 0 6697
0 0 0.014454 0.166233 0.370832 6.82379 0.00399718 0.00254078 0.0210422 0.192699 -5.08119 0 0 0 0 0 0 0 0 0 0 6750
0 0 0.0167133 0.178186 0.39208 7.92446 0.00419661 0.00217643 0.0226371 0.192812 -7.43572 0 0 0 0 0 0 0 0 0 0 6802
0 0 0.0178782 0.185775 0.403728 8.28502 0.004226 0.00198471 0.0244051 0.192931 -9.71786 0 0 0 0 0 0 0 0 0 0 6853
0 0 0.0178782 0.185775 0.403728 8.28502 0.004226 0.00198471 0.0244051 0.192931 -9.71786 0 0 0 0 0 0 0 0 0 0 6905
0 0 0.0161964 0.188328 0.407653 6.61459 0.00383086 0.00192632 0.0290618 0.193163 -14.0532 0 0 0 0 0 0 0 0 0 0 6955
0 0 0.0126348 0.190435 0.407836 3.83299 0.00318046 0.00188096 0.0389428 0.193415 -21.0417 0 0 0 0 0 0 0 0 0 0 7008
0 0 0.0137581 0.190287 0.40173 4.43432 0.00268269 0.0018845 0.0497891 0.193541 -30.0496 0 0 0 0 0 0 0 0 0 0 7059
0 0 0.0137581 0.190287 0.40173 4.43432 0.00268269 0.0018845 0.0497891 0.193541 -30.0496 0 0 0 0 0 0 0 0 0 0 7110
0 0 0.00950441 0.189969 0.413678 2.19711 0.00219892 0.00189369 0.0666365 0.193909 -36.0575 0 0 0 0 0 0 0 0 0 0 7161
0 0 0.00941647 0.189945 0.417964 2.81943 0.00193293 0.00189924 0.081103 0.194587 -42.1202 0 0 0 0 0 0 0 0 0 0 7213
0 0 0.00941647 0.189945 0.417964 2.81943 0.00193293 0.00189924 0.081103 0.194587 -42.1202 0 0 0 0 0 0 0 0 0 0 7266
0 0 0.00959794 0.190185 0.420754 5.49318 0.00164593 0.00190075 0.102535 0.195536 -50.2166 0 0 0 0 0 0 0 0 0 0 7318
0 0 0.00908868 0.189761 0.424771 6.48387 0.00157815 0.00191527 0.109106 0.196226 -51.543 0 0 0 0 0 0 0 0 0 0 7369
0 0 0.0154437 0.189145 0.430657 8.33692 0.00147954 0.00195932 0.115448 0.200488 -60.1868 0 0 0 0 0 0 0 0 0 0 7420
0 0 0.0154437 0.189145 0.430657 8.33692 0.00147954 0.00195932 0.115448 0.200488 -60.1868 0 0 0 0 0 0 0 0 0 0 7472
0 0 0.0263822 0.187844 0.441575 17.6141 0.00133896 0.00203499 0.127481 0.206845 -70.2017 0 0 0 0 0 0 0 0 0 0 7524
0 0 0.0368705 0.186676 0.497439 31.8339 0.00122891 0.00219388 0.127668 0.225201 -78.3121 0 0 0 0 0 0 0 0 0 0 7575
0 0 0.04397 0.183037 0.807924 48.0978 0.00106288 0.00266537 0.118298 0.277589 -88.7444 0 0 0 0 0 0 0 0 0 0 7628
0 0 0.04397 0.183037 0.807924 48.0978 0.00106288 0.00266537 0.118298 0.277589 -88.7444 0 0 0 0 0 0 0 0 0 0 7681
0 0 0.0447672 0.181654 2.55407 68.8563 0.00100234 0.00302051 0.107412 0.32263 -98.9673 0 0 0 0 0 0 0 0 0 0 7735
0 0 0.0464878 0.179723 7.63467 84.1865 0.00100195 0.00360459 0.0807832 0.398583 -98.9173 0 0 0 0 0 0 0 0 0 0 7789
0 0 0.0465022 0.17396 5.0788 80.4388 0.000938347 0.0039798 0.0826744 0.414553 -98.4043 0 0 0 0 0 0 0 0 0 0 7841
0 0 0.0465022 0.17396 5.0788 80.4388 0.000938347 0.0039798 0.0826744 0.414553 -98.4043 0 0 0 0 0 0 0 0 0 0 7892
0 0 0.0468615 0.173261 2.61084 70.0527 0.000957775 0.00430504 0.0732451 0.455841 -98.3196 0 0 0 0 0 0 0 0 0 0 7944
0 0 0.0425503 0.166347 3.47904 74.391 0.000952816 0.00417995 0.0885929 0.387093 -97.6311 0 0 0 0 0 0 0 0 0 0 8016
0 0 0.0425503 0.166347 3.47904 74.391 0.000952816 0.00417995 0.0885929 0.387093 -97.6311 0 0 0 0 0 0 0 0 0 0 8115
0 0 0.0447387 0.174361 12.9876 89.1701 0.00111246 0.00330834 0.111375 0.314465 -98.0542 0 0 0 0 0 0 0 0 0 0 8165
0 0 0.0467638 0.177034 10.2492 86.9946 0.00121702 0.00297693 0.120891 0.277962 -98.0689 0 0 0 0 0 0 0 0 0 0 8215
0 0 0.0467638 0.177034 10.2492 86.9946 0.00121702 0.00297693 0.120891 0.277962 -98.0689 0 0 0 0 0 0 0 0 0 0 8265
0 0 0.0610817 0.186778 9.5795 88.604 0.00144037 0.00231711 0.158936 0.217932 -98.2188 0 0 0 0 0 0 0 0 0 0 8317
0 0 0.0697748 0.189006 0.864609 56.0562 0.00189414 0.00206008 0.175434 0.185413 -90.588 0 0 0 0 0 0 0 0 0 0 8369
0 0 0.0821872 0.193348 0.629358 58.9398 0.00262495 0.00192726 0.160206 0.17385 -86.5232 0 0 0 0 0 0 0 0 0 0 8420
0 0 0.0821872 0.193348 0.629358 58.9398 0.00262495 0.00192726 0.160206 0.17385 -86.5232 0 0 0 0 0 0 0 0 0 0 8474
0 0 0.0898317 0.197679 0.510381 60.4845 0.00379951 0.00169948 0.137482 0.152898 -81.3344 0 0 0 0 0 0 0 0 0 0 8526
0 0 0.0916327 0.202191 0.461379 60.7111 0.00566346 0.00161559 0.0999889 0.153536 -73.1979 0 0 0 0 0 0 0 0 0 0 8576
0 0 0.089652 0.202849 0.499823 60.2111 0.00702949 0.00172875 0.0633772 0.172866 -64.1273 0 0 0 0 0 0 0 0 0 0 8628
0 0 0.0719049 0.198224 0.458713 54.7003 0.00769887 0.00179454 0.050435 0.183444 -52.7301 0 0 0 0 0 0 0 0 0 0 8680
0 0 0.0719049 0.198224 0.458713 54.7003 0.00769887 0.00179454 0.050435 0.183444 -52.7301 0 0 0 0 0 0 0 0 0 0 8730
0 0 0.0609002 0.196248 0.427247 46.4969 0.0100275 0.00181076 0.0273482 0.186608 -41.0029 0 0 0 0 0 0 0 0 0 0 8781
0 0 0.0297382 0.195372 0.424446 17.4459 0.0102032 0.00179957 0.0222391 0.18727 -28.3272 0 0 0 0 0 0 0 0 0 0 8833
0 0 0.00515991 0.196519 0.416088 0.488289 0.0081507 0.00173951 0.025019 0.182735 -3.68857 0 0 0 0 0 0 0 0 0 0 8883
0 0 0.00515991 0.196519 0.416088 0.488289 0.0081507 0.00173951 0.025019 0.182735 -3.68857 0 0 0 0 0 0 0 0 0 0 8934
0 0 0.00256293 0.197155 0.420672 0.117876 0.00693817 0.00171301 0.0274411 0.180963 0 0 0 0 0 0 0 0 0 0 0 8987
0 0 0.00224829 0.195544 0.417143 0.0981493 0.00638226 0.00175322 0.0255451 0.185122 0 0 0 0 0 0 0 0 0 0 0 9040
0 0 0.00224829 0.195544 0.417143 0.0981493 0.00638226 0.00175322 0.0255451 0.185122 0 0 0 0 0 0 0 0 0 0 0 9092
0 0 0.00212222 0.19477 0.42084 0.0893989 0.00561541 0.00176927 0.0251766 0.186905 0 0 0 0 0 0 0 0 0 0 0 9145
0 0 0.00206141 0.193546 0.421049 0.0855336 0.00515661 0.00180812 0.0243774 0.190791 0 0 0 0 0 0 0 0 0 0 0 9197
0 0 0.00206141 0.193546 0.421049 0.0855336 0.00515661 0.00180812 0.0243774 0.190791 0 0 0 0 0 0 0 0 0 0 0 9247
0 0 0.00205892 0.193202 0.415951 0.0850639 0.0050377 0.0018162 0.0241346 0.192392 0 0 0 0 0 0 0 0 0 0 0 9297
0 0 0.00200981 0.192912 0.421342 0.0820493 0.00491412 0.00182333 0.0243945 0.193938 0 0 0 0 0 0 0 0 0 0 0 9348
0 0 0.00200981 0.192912 0.421342 0.0820493 0.00491412 0.00182333 0.0243945 0.193938 0 0 0 0 0 0 0 0 0 0 0 9400
0 0 0 0 0 0 0 0 0 0 0 0 0 0 0 0 0 0 0 0 0 9458
0 0 0.00198064 0.192877 0.42205 0.0807318 0.0048496 0.0018251 0.0250485 0.196393 0 0 0 0 0 0 0 0 0 0 0 9510
0 0 0.00196844 0.192842 0.420833 0.0809435 0.00490245 0.00182612 0.0255329 0.19812 0 0 0 0 0 0 0 0 0 0 0 9561
0 0 0.00191414 0.19284 0.421975 0.080558 0.00482231 0.00182626 0.0266589 0.199752 0 0 0 0 0 0 0 0 0 0 0 9614
0 0 0.00191414 0.19284 0.421975 0.080558 0.00482231 0.00182626 0.0266589 0.199752 0 0 0 0 0 0 0 0 0 0 0 9666
0 0 0.00183376 0.192817 0.421103 0.0806984 0.00492746 0.00182666 0.0290853 0.205169 0 0 0 0 0 0 0 0 0 0 0 9718
0 0 0.00170829 0.192825 0.424767 0.0798973 0.00509454 0.00182642 0.0330194 0.213018 0 0 0 0 0 0 0 0 0 0 0 9769
0 0 0.00167573 0.192809 0.424904 0.0801104 0.00517793 0.00182682 0.0344802 0.216105 0 0 0 0 0 0 0 0 0 0 0 9819
0 0 0.00158648 0.192788 0.425967 0.0804636 0.00519083 0.00182698 0.0380525 0.221719 0 0 0 0 0 0 0 0 0 0 0 9871
0 0 0.0016208 0.19275 0.426229 0.080616 0.00508961 0.00182804 0.0362768 0.218408 0 0 0 0 0 0 0 0 0 0 0 9925
0 0 0.0016208 0.19275 0.426229 0.080616 0.00508961 0.00182804 0.0362768 0.218408 0 0 0 0 0 0 0 0 0 0 0 9977
0 0 0.00167612 0.192732 0.42656 0.0807213 0.00498748 0.00182847 0.0338454 0.213814 0 0 0 0 0 0 0 0 0 0 0 10030
0 0 0.00172159 0.192716 0.426336 0.0806203 0.00492025 0.00182873 0.0320985 0.210476 0 0 0 0 0 0 0 0 0 0 0 10081
0 0 0.00180259 0.192705 0.426105 0.0804058 0.00479191 0.00182892 0.029198 0.204527 0 0 0 0 0 0 0 0 0 0 0 10131
0 0 0.00188695 0.192702 0.425488 0.0801157 0.00469032 0.00182895 0.026697 0.199165 0 0 0 0 0 0 0 0 0 0 0 10184
0 0 0.00188695 0.192702 0.425488 0.0801157 0.00469032 0.00182895 0.026697 0.199165 0 0 0 0 0 0 0 0 0 0 0 10234
0 0 0.00193044 0.192702 0.425114 0.080033 0.00463309 0.00182907 0.0254931 0.19647 0 0 0 0 0 0 0 0 0 0 0 10284
0 0 0 0 0 0 0 0 0 0 0 0 0 0 0 0 0 0 0 0 0 10339
0 0 0.00196176 0.192705 0.426587 0.0798091 0.00457333 0.00183145 0.0244356 0.194436 0 0 0 0 0 0 0 0 0 0 0 10399
0 0 0.00197667 0.192705 0.429238 0.0808854 0.00455943 0.00183827 0.0241195 0.195112 0 0 0 0 0 0 0 0 0 0 0 10451
0 0 0 0 0 0 0 0 0 0 0 0 0 0 0 0 0 0 0 0 0 10504
0 0 0.00203242 0.192725 0.433629 0.0850553 0.0045463 0.00186162 0.0234296 0.198344 0 0 0 0 0 0 0 0 0 0 0 10556
0 0 0 0 0 0 0 0 0 0 0 0 0 0 0 0 0 0 0 0 0 10608
0 0 0.00300351 0.192761 0.535372 0.194992 0.00453073 0.00229787 0.0158723 0.264863 0 0 0 0 0 0 0 0 0 0 0 10659
0 0 0 0 0 0 0 0 0 0 0 0 0 0 0 0 0 0 0 0 0 10713
0 0 0 0 0 0 0 0 0 0 0 0 0 0 0 0 0 0 0 0 0 10765
0 0 0 0 0 0 0 0 0 0 0 0 0 0 0 0 0 0 0 0 0 10816
0 0 0 0 0 0 0 0 0 0 0 0 0 0 0 0 0 0 0 0 0 10868
0 0 0 0 0 0 0 0 0 0 0 0 0 0 0 0 0 0 0 0 0 10921
0 0 0 0 0 0 0 0 0 0 0 0 0 0 0 0 0 0 0 0 0 10972
0 0 0 0 0 0 0 0 0 0 0 0 0 0 0 0 0 0 0 0 0 11023
0 0 0 0 0 0 0 0 0 0 0 0 0 0 0 0 0 0 0 0 0 11073
0 0 0 0 0 0 0 0 0 0 0 0 0 0 0 0 0 0 0 0 0 11128
0 0 0 0 0 0 0 0 0 0 0 0 0 0 0 0 0 0 0 0 0 11180
0 0 0 0 0 0 0 0 0 0 0 0 0 0 0 0 0 0 0 0 0 11232
0 0 0 0 0 0 0 0 0 0 0 0 0 0 0 0 0 0 0 0 0 11286
0 0 0 0 0 0 0 0 0 0 0 0 0 0 0 0 0 0 0 0 0 11337
0 0 0 0 0 0 0 0 0 0 0 0 0 0 0 0 0 0 0 0 0 11388
0 0 0 0 0 0 0 0 0 0 0 0 0 0 0 0 0 0 0 0 0 11441
0 0 0 0 0 0 0 0 0 0 0 0 0 0 0 0 0 0 0 0 0 11495
0 0 0 0 0 0 0 0 0 0 0 0 0 0 0 0 0 0 0 0 0 11548
0 0 0 0 0 0 0 0 0 0 0 0 0 0 0 0 0 0 0 0 0 11598
0 0 0 0 0 0 0 0 0 0 0 0 0 0 0 0 0 0 0 0 0 11650
0 0 0 0 0 0 0 0 0 0 0 0 0 0 0 0 0 0 0 0 0 11703
0 0 0 0 0 0 0 0 0 0 0 0 0 0 0 0 0 0 0 0 0 11753
0 0 0.0019889 0.192901 0.42419 0.0808298 0.0041173 0.00183568 0.0237623 0.206279 0 0 0 0 0 0 0 0 0 0 0 11805
0 0 0 0 0 0 0 0 0 0 0 0 0 0 0 0 0 0 0 0 0 11855
0 0 0 0 0 0 0 0 0 0 0 0 0 0 0 0 0 0 0 0 0 11906
0 0 0 0 0 0 0 0 0 0 0 0 0 0 0 0 0 0 0 0 0 11960
0 0 0 0 0 0 0 0 0 0 0 0 0 0 0 0 0 0 0 0 0 12013
0 0 0 0 0 0 0 0 0 0 0 0 0 0 0 0 0 0 0 0 0 12065
0 0 0 0 0 0 0 0 0 0 0 0 0 0 0 0 0 0 0 0 0 12121
0 0 0 0 0 0 0 0 0 0 0 0 0 0 0 0 0 0 0 0 0 12174
0 0 0 0 0 0 0 0 0 0 0 0 0 0 0 0 0 0 0 0 0 12224
0 0 0 0 0 0 0 0 0 0 0 0 0 0 0 0 0 0 0 0 0 12275
0 0 0 0 0 0 0 0 0 0 0 0 0 0 0 0 0 0 0 0 0 12327
0 0 0 0 0 0 0 0 0 0 0 0 0 0 0 0 0 0 0 0 0 12379
0 0 0 0 0 0 0 0 0 0 0 0 0 0 0 0 0 0 0 0 0 12431
0 0 0 0 0 0 0 0 0 0 0 0 0 0 0 0 0 0 0 0 0 12483
0 0 0 0 0 0 0 0 0 0 0 0 0 0 0 0 0 0 0 0 0 12536
0 0 0 0 0 0 0 0 0 0 0 0 0 0 0 0 0 0 0 0 0 12587
0 0 0 0 0 0 0 0 0 0 0 0 0 0 0 0 0 0 0 0 0 12639
0 0 0 0 0 0 0 0 0 0 0 0 0 0 0 0 0 0 0 0 0 12691
0 0 0 0 0 0 0 0 0 0 0 0 0 0 0 0 0 0 0 0 0 12746
0 0 0 0 0 0 0 0 0 0 0 0 0 0 0 0 0 0 0 0 0 12797
0 0 0 0 0 0 0 0 0 0 0 0 0 0 0 0 0 0 0 0 0 12848
0 0 0 0 0 0 0 0 0 0 0 0 0 0 0 0 0 0 0 0 0 12902
0 0 0 0 0 0 0 0 0 0 0 0 0 0 0 0 0 0 0 0 0 12953
0 0 0 0 0 0 0 0 0 0 0 0 0 0 0 0 0 0 0 0 0 13003
0 0 0 0 0 0 0 0 0 0 0 0 0 0 0 0 0 0 0 0 0 13054
0 0 0 0 0 0 0 0 0 0 0 0 0 0 0 0 0 0 0 0 0 13108
0 0 0 0 0 0 0 0 0 0 0 0 0 0 0 0 0 0 0 0 0 13161
0 0 0 0 0 0 0 0 0 0 0 0 0 0 0 0 0 0 0 0 0 13212
0 0 0 0 0 0 0 0 0 0 0 0 0 0 0 0 0 0 0 0 0 13263
0 0 0 0 0 0 0 0 0 0 0 0 0 0 0 0 0 0 0 0 0 13314
0 0 0 0 0 0 0 0 0 0 0 0 0 0 0 0 0 0 0 0 0 13364
0 0 0 0 0 0 0 0 0 0 0 0 0 0 0 0 0 0 0 0 0 13415
0 0 0 0 0 0 0 0 0 0 0 0 0 0 0 0 0 0 0 0 0 13466
0 0 0 0 0 0 0 0 0 0 0 0 0 0 0 0 0 0 0 0 0 13518
0 0 0 0 0 0 0 0 0 0 0 0 0 0 0 0 0 0 0 0 0 13569
0 0 0 0 0 0 0 0 0 0 0 0 0 0 0 0 0 0 0 0 0 13622
0 0 0 0 0 0 0 0 0 0 0 0 0 0 0 0 0 0 0 0 0 13672
0 0 0 0 0 0 0 0 0 0 0 0 0 0 0 0 0 0 0 0 0 13723
0 0 0 0 0 0 0 0 0 0 0 0 0 0 0 0 0 0 0 0 0 13775
0 0 0 0 0 0 0 0 0 0 0 0 0 0 0 0 0 0 0 0 0 13830
0 0 0 0 0 0 0 0 0 0 0 0 0 0 0 0 0 0 0 0 0 13882
0 0 0 0 0 0 0 0 0 0 0 0 0 0 0 0 0 0 0 0 0 13935
0 0 0 0 0 0 0 0 0 0 0 0 0 0 0 0 0 0 0 0 0 13987
0 0 0 0 0 0 0 0 0 0 0 0 0 0 0 0 0 0 0 0 0 14038
0 0 0 0 0 0 0 0 0 0 0 0 0 0 0 0 0 0 0 0 0 14089
0 0 0 0 0 0 0 0 0 0 0 0 0 0 0 0 0 0 0 0 0 14143
0 0 0 0 0 0 0 0 0 0 0 0 0 0 0 0 0 0 0 0 0 14196
0 0 0 0 0 0 0 0 0 0 0 0 0 0 0 0 0 0 0 0 0 14247
0 0 0 0 0 0 0 0 0 0 0 0 0 0 0 0 0 0 0 0 0 14297
0 0 0 0 0 0 0 0 0 0 0 0 0 0 0 0 0 0 0 0 0 14351
0 0 0 0 0 0 0 0 0 0 0 0 0 0 0 0 0 0 0 0 0 14404
0 0 0.00103633 0.19881 0.446644 0.24664 0.000119393 0.00124538 0.0157715 2.66553 0 0 0 0 0 0 0 0 0 0 0 14457
0 0 0 0 0 0 0 0 0 0 0 0 0 0 0 0 0 0 0 0 0 14511
0 0 0.00139873 0.195529 0.469483 0.228792 0.00013356 0.00148226 0.0158411 2.39406 0 0 0 0 0 0 0 0 0 0 0 14562
0 0 0 0 0 0 0 0 0 0 0 0 0 0 0 0 0 0 0 0 0 14613
0 0 0 0 0 0 0 0 0 0 0 0 0 0 0 0 0 0 0 0 0 14663
0 0 0 0 0 0 0 0 0 0 0 0 0 0 0 0 0 0 0 0 0 14714
0 0 0 0 0 0 0 0 0 0 0 0 0 0 0 0 0 0 0 0 0 14768
0 0 0 0 0 0 0 0 0 0 0 0 0 0 0 0 0 0 0 0 0 14820
0 0 0 0 0 0 0 0 0 0 0 0 0 0 0 0 0 0 0 0 0 14871
0 0 0 0 0 0 0 0 0 0 0 0 0 0 0 0 0 0 0 0 0 14923
0 0 0 0 0 0 0 0 0 0 0 0 0 0 0 0 0 0 0 0 0 14976
0 0 0 0 0 0 0 0 0 0 0 0 0 0 0 0 0 0 0 0 0 15028
0 0 0 0 0 0 0 0 0 0 0 0 0 0 0 0 0 0 0 0 0 15082
0 0 0 0 0 0 0 0 0 0 0 0 0 0 0 0 0 0 0 0 0 15131
0 0 0 0 0 0 0 0 0 0 0 0 0 0 0 0 0 0 0 0 0 15184
0 0 0 0 0 0 0 0 0 0 0 0 0 0 0 0 0 0 0 0 0 15235
0 0 0 0 0 0 0 0 0 0 0 0 0 0 0 0 0 0 0 0 0 15284
0 0 0 0 0 0 0 0 0 0 0 0 0 0 0 0 0 0 0 0 0 15338
0 0 0 0 0 0 0 0 0 0 0 0 0 0 0 0 0 0 0 0 0 15389
0 0 0 0 0 0 0 0 0 0 0 0 0 0 0 0 0 0 0 0 0 15440
0 0 0 0 0 0 0 0 0 0 0 0 0 0 0 0 0 0 0 0 0 15491
0 0 0 0 0 0 0 0 0 0 0 0 0 0 0 0 0 0 0 0 0 15544
0 0 0 0 0 0 0 0 0 0 0 0 0 0 0 0 0 0 0 0 0 15595
0 0 0 0 0 0 0 0 0 0 0 0 0 0 0 0 0 0 0 0 0 15647
0 0 0 0 0 0 0 0 0 0 0 0 0 0 0 0 0 0 0 0 0 15702
0 0 0 0 0 0 0 0 0 0 0 0 0 0 0 0 0 0 0 0 0 15752
0 0 0 0 0 0 0 0 0 0 0 0 0 0 0 0 0 0 0 0 0 15804
0 0 0 0 0 0 0 0 0 0 0 0 0 0 0 0 0 0 0 0 0 15856
0 0 0 0 0 0 0 0 0 0 0 0 0 0 0 0 0 0 0 0 0 15907
0 0 0 0 0 0 0 0 0 0 0 0 0 0 0 0 0 0 0 0 0 15957
0 0 0 0 0 0 0 0 0 0 0 0 0 0 0 0 0 0 0 0 0 16010
0 0 0 0 0 0 0 0 0 0 0 0 0 0 0 0 0 0 0 0 0 16061
0 0 0 0 0 0 0 0 0 0 0 0 0 0 0 0 0 0 0 0 0 16111
0 0 0 0 0 0 0 0 0 0 0 0 0 0 0 0 0 0 0 0 0 16161
0 0 0.00651499 0.196701 0.940449 2.45343 0.00119589 0.00345948 0.00498409 1.45607 0 0 0 0 0 0 0 0 0 0 0 16213
0 0 0.00447682 0.195275 0.72191 0.768946 0.000916451 0.00284106 0.0084828 1.12366 0 0 0 0 0 0 0 0 0 0 0 16265
0 0 0.00447682 0.195275 0.72191 0.768946 0.000916451 0.00284106 0.0084828 1.12366 0 0 0 0 0 0 0 0 0 0 0 16318
0 0 0.00426893 0.193996 0.685988 0.595977 0.00058549 0.00277264 0.00949941 1.33494 0 0 0 0 0 0 0 0 0 0 0 16370
0 0 0.00426893 0.193996 0.685988 0.595977 0.00058549 0.00277264 0.00949941 1.33494 0 0 0 0 0 0 0 0 0 0 0 16420
0 0 0.00281499 0.193757 0.534737 0.211413 0.000486602 0.00221809 0.0153183 1.03595 0 0 0 0 0 0 0 0 0 0 0 16473
0 0 0.0030172 0.193778 0.547641 0.225274 0.000535647 0.00230793 0.0148107 0.997794 0 0 0 0 0 0 0 0 0 0 0 16528
0 0 0.0030172 0.193778 0.547641 0.225274 0.000535647 0.00230793 0.0148107 0.997794 0 0 0 0 0 0 0 0 0 0 0 16577
0 0 0.0026267 0.194041 0.513326 0.179035 0.000483486 0.00213861 0.0165371 0.980822 0 0 0 0 0 0 0 0 0 0 0 16630
0 0 0 0 0 0 0 0 0 0 0 0 0 0 0 0 0 0 0 0 0 16682
0 0 0.00180289 0.193792 0.462571 0.150603 0.000327363 0.00172464 0.0184392 1.18439 0 0 0 0 0 0 0 0 0 0 0 16733
0 0 0 0 0 0 0 0 0 0 0 0 0 0 0 0 0 0 0 0 0 16784
0 0 0 0 0 0 0 0 0 0 0 0 0 0 0 0 0 0 0 0 0 16836
0 0 0 0 0 0 0 0 0 0 0 0 0 0 0 0 0 0 0 0 0 16886
0 0 0 0 0 0 0 0 0 0 0 0 0 0 0 0 0 0 0 0 0 16938
0 0 0 0 0 0 0 0 0 0 0 0 0 0 0 0 0 0 0 0 0 16989
0 0 0 0 0 0 0 0 0 0 0 0 0 0 0 0 0 0 0 0 0 17039
0 0 0 0 0 0 0 0 0 0 0 0 0 0 0 0 0 0 0 0 0 17092
0 0 0 0 0 0 0 0 0 0 0 0 0 0 0 0 0 0 0 0 0 17143
0 0 0 0 0 0 0 0 0 0 0 0 0 0 0 0 0 0 0 0 0 17195
0 0 0 0 0 0 0 0 0 0 0 0 0 0 0 0 0 0 0 0 0 17245
0 0 0 0 0 0 0 0 0 0 0 0 0 0 0 0 0 0 0 0 0 17296
0 0 0 0 0 0 0 0 0 0 0 0 0 0 0 0 0 0 0 0 0 17347
0 0 0 0 0 0 0 0 0 0 0 0 0 0 0 0 0 0 0 0 0 17399
0 0 0 0 0 0 0 0 0 0 0 0 0 0 0 0 0 0 0 0 0 17449
0 0 0 0 0 0 0 0 0 0 0 0 0 0 0 0 0 0 0 0 0 17502
0 0 0 0 0 0 0 0 0 0 0 0 0 0 0 0 0 0 0 0 0 17554
0 0 0 0 0 0 0 0 0 0 0 0 0 0 0 0 0 0 0 0 0 17605
0 0 0 0 0 0 0 0 0 0 0 0 0 0 0 0 0 0 0 0 0 17656
0 0 0 0 0 0 0 0 0 0 0 0 0 0 0 0 0 0 0 0 0 17706
0 0 0 0 0 0 0 0 0 0 0 0 0 0 0 0 0 0 0 0 0 17756
0 0 0 0 0 0 0 0 0 0 0 0 0 0 0 0 0 0 0 0 0 17806
0 0 0 0 0 0 0 0 0 0 0 0 0 0 0 0 0 0 0 0 0 17858
0 0 0 0 0 0 0 0 0 0 0 0 0 0 0 0 0 0 0 0 0 17908
0 0 0 0 0 0 0 0 0 0 0 0 0 0 0 0 0 0 0 0 0 17966
0 0 0 0 0 0 0 0 0 0 0 0 0 0 0 0 0 0 0 0 0 18020
0 0 0 0 0 0 0 0 0 0 0 0 0 0 0 0 0 0 0 0 0 18072
0 0 0 0 0 0 0 0 0 0 0 0 0 0 0 0 0 0 0 0 0 18123
0 0 0.00221137 0.234567 0.735501 0.679085 0.00205989 0.00190673 0.0220546 0.33171 0 0 0 0 0 0 0 0 0 0 0 18176
0 0 0.00218004 0.196344 0.51187 0.140594 0.00128633 0.00191954 0.0220067 0.440185 0 0 0 0 0 0 0 0 0 0 0 18226
0 0 0.00218004 0.196344 0.51187 0.140594 0.00128633 0.00191954 0.0220067 0.440185 0 0 0 0 0 0 0 0 0 0 0 18276
0 0 0.00225375 0.193293 0.478512 0.105248 0.00188735 0.00195884 0.0212497 0.359299 0 0 0 0 0 0 0 0 0 0 0 18328
0 0 0.00230639 0.192381 0.473816 0.111239 0.00126368 0.00199412 0.0206562 0.465055 0 0 0 0 0 0 0 0 0 0 0 18379
0 0 0.00268324 0.192853 0.50579 0.150818 0.00118304 0.00212508 0.0182715 0.531587 0 0 0 0 0 0 0 0 0 0 0 18433
0 0 0.00304739 0.193353 0.542504 0.19617 0.00102986 0.00224597 0.0163737 0.629543 0 0 0 0 0 0 0 0 0 0 0 18483
0 0 0.00295725 0.193307 0.536262 0.184397 0.000878902 0.00221366 0.0167849 0.678813 0 0 0 0 0 0 0 0 0 0 0 18535
0 0 0.00260105 0.192546 0.495203 0.143627 0.000826996 0.00210984 0.0180911 0.68628 0 0 0 0 0 0 0 0 0 0 0 18585
0 0 0.00298768 0.192381 0.535675 0.196892 0.000690823 0.00229039 0.0156326 0.837609 0 0 0 0 0 0 0 0 0 0 0 18637
0 0 0.00298768 0.192381 0.535675 0.196892 0.000690823 0.00229039 0.0156326 0.837609 0 0 0 0 0 0 0 0 0 0 0 18688
0 0 0 0 0 0 0 0 0 0 0 0 0 0 0 0 0 0 0 0 0 18742
0 0 0 0 0 0 0 0 0 0 0 0 0 0 0 0 0 0 0 0 0 18793
0 0 0 0 0 0 0 0 0 0 0 0 0 0 0 0 0 0 0 0 0 18844
0 0 0 0 0 0 0 0 0 0 0 0 0 0 0 0 0 0 0 0 0 18895
0 0 0 0 0 0 0 0 0 0 0 0 0 0 0 0 0 0 0 0 0 18948
0 0 0 0 0 0 0 0 0 0 0 0 0 0 0 0 0 0 0 0 0 18999
0 0 0 0 0 0 0 0 0 0 0 0 0 0 0 0 0 0 0 0 0 19051
0 0 0 0 0 0 0 0 0 0 0 0 0 0 0 0 0 0 0 0 0 19107
0 0 0 0 0 0 0 0 0 0 0 0 0 0 0 0 0 0 0 0 0 19158
0 0 0 0 0 0 0 0 0 0 0 0 0 0 0 0 0 0 0 0 0 19209
0 0 0 0 0 0 0 0 0 0 0 0 0 0 0 0 0 0 0 0 0 19259
0 0 0 0 0 0 0 0 0 0 0 0 0 0 0 0 0 0 0 0 0 19309
0 0 0 0 0 0 0 0 0 0 0 0 0 0 0 0 0 0 0 0 0 19359
0 0 0 0 0 0 0 0 0 0 0 0 0 0 0 0 0 0 0 0 0 19411
0 0 0 0 0 0 0 0 0 0 0 0 0 0 0 0 0 0 0 0 0 19460
0 0 0 0 0 0 0 0 0 0 0 0 0 0 0 0 0 0 0 0 0 19511
0 0 0 0 0 0 0 0 0 0 0 0 0 0 0 0 0 0 0 0 0 19561
0 0 0 0 0 0 0 0 0 0 0 0 0 0 0 0 0 0 0 0 0 19611
0 0 0 0 0 0 0 0 0 0 0 0 0 0 0 0 0 0 0 0 0 19662
0 0 0 0 0 0 0 0 0 0 0 0 0 0 0 0 0 0 0 0 0 19713
0 0 0 0 0 0 0 0 0 0 0 0 0 0 0 0 0 0 0 0 0 19764
0 0 0 0 0 0 0 0 0 0 0 0 0 0 0 0 0 0 0 0 0 19814
0 0 0 0 0 0 0 0 0 0 0 0 0 0 0 0 0 0 0 0 0 19865
0 0 0 0 0 0 0 0 0 0 0 0 0 0 0 0 0 0 0 0 0 19916
0 0 0 0 0 0 0 0 0 0 0 0 0 0 0 0 0 0 0 0 0 19967
0 0 0 0 0 0 0 0 0 0 0 0 0 0 0 0 0 0 0 0 0 20017
0 0 0 0 0 0 0 0 0 0 0 0 0 0 0 0 0 0 0 0 0 20067
0 0 0 0 0 0 0 0 0 0 0 0 0 0 0 0 0 0 0 0 0 20117
0 0 0 0 0 0 0 0 0 0 0 0 0 0 0 0 0 0 0 0 0 20167
0 0 0 0 0 0 0 0 0 0 0 0 0 0 0 0 0 0 0 0 0 20218
0 0 0 0 0 0 0 0 0 0 0 0 0 0 0 0 0 0 0 0 0 20268
0 0 0 0 0 0 0 0 0 0 0 0 0 0 0 0 0 0 0 0 0 20320
0 0 0 0 0 0 0 0 0 0 0 0 0 0 0 0 0 0 0 0 0 20370
0 0 0 0 0 0 0 0 0 0 0 0 0 0 0 0 0 0 0 0 0 20420
0 0 0 0 0 0 0 0 0 0 0 0 0 0 0 0 0 0 0 0 0 20471
0 0 0 0 0 0 0 0 0 0 0 0 0 0 0 0 0 0 0 0 0 20521
0 0 0 0 0 0 0 0 0 0 0 0 0 0 0 0 0 0 0 0 0 20571
