0 0  0 0 0 0 0 0 0 0 0 0 1649
0 0  0 0 0 0 0 0 0 0 0 0 1701
0 0  0 0 0 0 0 0 0 0 0 0 1754
0 0  0 0 0 0 0 0 0 0 0 0 1804
0 0  0 0 0 0 0 0 0 0 0 0 1855
0 0  0 0 0 0 0 0 0 0 0 0 1905
0 0  0 0 0 0 0 0 0 0 0 0 1967
0 0  0 0 0 0 0 0 0 0 0 0 2019
0 0  0 0 0 0 0 0 0 0 0 0 2073
0 0  0 0 0 0 0 0 0 0 0 0 2123
0 0  0 0 0 0 0 0 0 0 0 0 2174
0 0  0 0 0 0 0 0 0 0 0 0 2227
0 0  0 0 0 0 0 0 0 0 0 0 2278
0 0  0 0 0 0 0 0 0 0 0 0 2333
0 0  0 0 0 0 0 0 0 0 0 0 2391
0 0  0 0 0 0 0 0 0 0 0 0 2443
0 0  0 0 0 0 0 0 0 0 0 0 2494
0 0  0 0 0 0 0 0 0 0 0 0 2546
0 0  0 0 0 0 0 0 0 0 0 0 2599
0 0  0 0 0 0 0 0 0 0 0 0 2659
0 0  0 0 0 0 0 0 0 0 0 0 2709
0 0  0 0 0 0 0 0 0 0 0 0 2760
0 0  0 0 0 0 0 0 0 0 0 0 2810
0 0  0 0 0 0 0 0 0 0 0 0 2863
0 0  0 0 0 0 0 0 0 0 0 0 2918
0 0  0 0 0 0 0 0 0 0 0 0 2969
0 0  0 0 0 0 0 0 0 0 0 0 3023
0 0  0 0 0 0 0 0 0 0 0 0 3076
0 0  0 0 0 0 0 0 0 0 0 0 3128
0 0  0 0 0 0 0 0 0 0 0 0 3181
0 0  0 0 0 0 0 0 0 0 0 0 3234
0 0  0 0 0 0 0 0 0 0 0 0 3286
0 0  0 0 0 0 0 0 0 0 0 0 3338
0 0  0 0 0 0 0 0 0 0 0 0 3389
0 0  0 0 0 0 0 0 0 0 0 0 3440
0 0  0 0 0 0 0 0 0 0 0 0 3490
0 0  0 0 0 0 0 0 0 0 0 0 3541
0 0  0 0 0 0 0 0 0 0 0 0 3592
0 0  0 0 0 0 0 0 0 0 0 0 3645
0 0  0 0 0 0 0 0 0 0 0 0 3697
0 0  0 0 0 0 0 0 0 0 0 0 3748
0 0  0 0 0 0 0 0 0 0 0 0 3799
0 0  0 0 0 0 0 0 0 0 0 0 3854
0 0  0 0 0 0 0 0 0 0 0 0 3908
0 0  0 0 0 0 0 0 0 0 0 0 3959
0 0  0 0 0 0 0 0 0 0 0 0 4009
0 0  0 0 0 0 0 0 0 0 0 0 4061
0 0  0 0 0 0 0 0 0 0 0 0 4114
0 0  0 0 0 0 0 0 0 0 0 0 4165
0 0  0 0 0 0 0 0 0 0 0 0 4217
0 0  0 0 0 0 0 0 0 0 0 0 4269
0 0  0 0 0 0 0 0 0 0 0 0 4320
0 0  0 0 0 0 0 0 0 0 0 0 4372
0 0  0 0 0 0 0 0 0 0 0 0 4431
0 0  0 0 0 0 0 0 0 0 0 0 4481
0 0  0 0 0 0 0 0 0 0 0 0 4539
0 0  0 0 0 0 0 0 0 0 0 0 4595
0 0  0 0 0 0 0 0 0 0 0 0 4650
0 0  0 0 0 0 0 0 0 0 0 0 4704
0 0  0 0 0 0 0 0 0 0 0 0 4762
0 0  0 0 0 0 0 0 0 0 0 0 4814
0 0  0 0 0 0 0 0 0 0 0 0 4866
0 0  0 0 0 0 0 0 0 0 0 0 4926
0 0  0 0 0 0 0 0 0 0 0 0 4980
0 0  0 0 0 0 0 0 0 0 0 0 5033
0 0  0 0 0 0 0 0 0 0 0 0 5084
0 0  0 0 0 0 0 0 0 0 0 0 5141
0 0  0 0 0 0 0 0 0 0 0 0 5195
0 0  0 0 0 0 0 0 0 0 0 0 5249
0 0  0 0 0 0 0 0 0 0 0 0 5301
0 0  0 0 0 0 0 0 0 0 0 0 5352
0 0  0 0 0 0 0 0 0 0 0 0 5404
0 0  0 0 0 0 0 0 0 0 0 0 5455
0 0  0 0 0 0 0 0 0 0 0 0 5511
0 0  0 0 0 0 0 0 0 0 0 0 5567
0 0  0 0 0 0 0 0 0 0 0 0 5619
0 0  0 0 0 0 0 0 0 0 0 0 5670
0 0  0 0 0 0 0 0 0 0 0 0 5731
0 0  0 0 0 0 0 0 0 0 0 0 5782
0 0  0 0 0 0 0 0 0 0 0 0 5833
0 0  0 0 0 0 0 0 0 0 0 0 5885
0 0  0 0 0 0 0 0 0 0 0 0 5939
0 0  0 0 0 0 0 0 0 0 0 0 5990
0 0  0 0 0 0 0 0 0 0 0 0 6042
0 0  0 0 0 0 0 0 0 0 0 0 6093
0 0  0 0 0 0 0 0 0 0 0 0 6145
0 0  0 0 0 0 0 0 0 0 0 0 6198
0 0  0 0 0 0 0 0 0 0 0 0 6248
0 0  0 0 0 0 0 0 0 0 0 0 6299
0 0  0 0 0 0 0 0 0 0 0 0 6351
0 0  0 0 0 0 0 0 0 0 0 0 6402
0 0  0 0 0 0 0 0 0 0 0 0 6454
0 0  0 0 0 0 0 0 0 0 0 0 6505
0 0  0 0 0 0 0 0 0 0 0 0 6562
0 0  0 0 0 0 0 0 0 0 0 0 6613
0 0  0 0 0 0 0 0 0 0 0 0 6664
0 0  0 0 0 0 0 0 0 0 0 0 6714
0 0  0 0 0 0 0 0 0 0 0 0 6765
0 0  0 0 0 0 0 0 0 0 0 0 6816
0 0  0 0 0 0 0 0 0 0 0 0 6867
0 0  0 0 0 0 0 0 0 0 0 0 6918
0 0  0 0 0 0 0 0 0 0 0 0 6969
0 0  0 0 0 0 0 0 0 0 0 0 7020
0 0  0 0 0 0 0 0 0 0 0 0 7071
0 0  0 0 0 0 0 0 0 0 0 0 7121
0 0  0 0 0 0 0 0 0 0 0 0 7172
0 0  0 0 0 0 0 0 0 0 0 0 7222
0 0  0 0 0 0 0 0 0 0 0 0 7273
0 0  0 0 0 0 0 0 0 0 0 0 7323
0 0  0 0 0 0 0 0 0 0 0 0 7378
0 0  0 0 0 0 0 0 0 0 0 0 7429
0 0  0 0 0 0 0 0 0 0 0 0 7480
0 0  0 0 0 0 0 0 0 0 0 0 7531
0 0  0 0 0 0 0 0 0 0 0 0 7581
0 0  0 0 0 0 0 0 0 0 0 0 7632
0 0  0 0 0 0 0 0 0 0 0 0 7682
0 0  0 0 0 0 0 0 0 0 0 0 7733
0 0  0 0 0 0 0 0 0 0 0 0 7783
0 0  0 0 0 0 0 0 0 0 0 0 7834
0 0  0 0 0 0 0 0 0 0 0 0 7885
0 0  0 0 0 0 0 0 0 0 0 0 7935
0 0  0 0 0 0 0 0 0 0 0 0 7985
0 0  0 0 0 0 0 0 0 0 0 0 8036
0 0  0 0 0 0 0 0 0 0 0 0 8086
0 0  0 0 0 0 0 0 0 0 0 0 8137
0 0  0 0 0 0 0 0 0 0 0 0 8188
0 0  0 0 0 0 0 0 0 0 0 0 8240
0 0  0 0 0 0 0 0 0 0 0 0 8292
0 0  0 0 0 0 0 0 0 0 0 0 8343
0 0  0 0 0 0 0 0 0 0 0 0 8393
0 0  0 0 0 0 0 0 0 0 0 0 8444
0 0  0 0 0 0 0 0 0 0 0 0 8495
0 0  0 0 0 0 0 0 0 0 0 0 8545
0 0  0 0 0 0 0 0 0 0 0 0 8684
0 0  0 0 0 0 0 0 0 0 0 0 8806
0 0  0 0 0 0 0 0 0 0 0 0 8896
0 0  0 0 0 0 0 0 0 0 0 0 8953
0 0  0 0 0 0 0 0 0 0 0 0 9003
0 0  0 0 0 0 0 0 0 0 0 0 9053
0 0  0 0 0 0 0 0 0 0 0 0 9105
0 0  0 0 0 0 0 0 0 0 0 0 9155
0 0  0 0 0 0 0 0 0 0 0 0 9205
0 0  0 0 0 0 0 0 0 0 0 0 9255
0 0  0 0 0 0 0 0 0 0 0 0 9306
0 0  0 0 0 0 0 0 0 0 0 0 9356
0 0  0 0 0 0 0 0 0 0 0 0 9406
0 0  0 0 0 0 0 0 0 0 0 0 9457
0 0  0 0 0 0 0 0 0 0 0 0 9509
0 0  0 0 0 0 0 0 0 0 0 0 9560
0 0  0 0 0 0 0 0 0 0 0 0 9611
0 0  0 0 0 0 0 0 0 0 0 0 9663
0 0  0 0 0 0 0 0 0 0 0 0 9713
0 0  0 0 0 0 0 0 0 0 0 0 9764
0 0  0 0 0 0 0 0 0 0 0 0 9814
0 0  0 0 0 0 0 0 0 0 0 0 9864
0 0  0 0 0 0 0 0 0 0 0 0 9915
0 0  0 0 0 0 0 0 0 0 0 0 9965
0 0  0 0 0 0 0 0 0 0 0 0 10016
0 0  0 0 0 0 0 0 0 0 0 0 10066
0 0  0 0 0 0 0 0 0 0 0 0 10117
0 0  0 0 0 0 0 0 0 0 0 0 10168
0 0  0 0 0 0 0 0 0 0 0 0 10218
0 0  0 0 0 0 0 0 0 0 0 0 10268
0 0  0 0 0 0 0 0 0 0 0 0 10319
0 0  0 0 0 0 0 0 0 0 0 0 10370
0 0  0 0 0 0 0 0 0 0 0 0 10426
0 0  0 0 0 0 0 0 0 0 0 0 10476
0 0  0 0 0 0 0 0 0 0 0 0 10527
0 0  0 0 0 0 0 0 0 0 0 0 10577
0 0  0 0 0 0 0 0 0 0 0 0 10627
0 0  0 0 0 0 0 0 0 0 0 0 10678
0 0  0 0 0 0 0 0 0 0 0 0 10729
0 0  0 0 0 0 0 0 0 0 0 0 10779
0 0  0 0 0 0 0 0 0 0 0 0 10830
0 0  0 0 0 0 0 0 0 0 0 0 10880
0 0  0 0 0 0 0 0 0 0 0 0 10931
0 0  0 0 0 0 0 0 0 0 0 0 10982
0 0  0 0 0 0 0 0 0 0 0 0 11033
0 0  0 0 0 0 0 0 0 0 0 0 11082
0 0  0 0 0 0 0 0 0 0 0 0 11133
0 0  0 0 0 0 0 0 0 0 0 0 11183
0 0  0 0 0 0 0 0 0 0 0 0 11233
0 0  0 0 0 0 0 0 0 0 0 0 11285
0 0  0 0 0 0 0 0 0 0 0 0 11335
0 0  0 0 0 0 0 0 0 0 0 0 11386
0 0  0 0 0 0 0 0 0 0 0 0 11436
0 0  0 0 0 0 0 0 0 0 0 0 11486
0 0  0 0 0 0 0 0 0 0 0 0 11537
0 0  0 0 0 0 0 0 0 0 0 0 11588
0 0  0 0 0 0 0 0 0 0 0 0 11638
0 0  0 0 0 0 0 0 0 0 0 0 11688
0 0  0 0 0 0 0 0 0 0 0 0 11740
0 0  0 0 0 0 0 0 0 0 0 0 11791
0 0  0 0 0 0 0 0 0 0 0 0 11856
0 0  0 0 0 0 0 0 0 0 0 0 11906
0 0  0 0 0 0 0 0 0 0 0 0 11957
0 0  0 0 0 0 0 0 0 0 0 0 12008
0 0  0 0 0 0 0 0 0 0 0 0 12058
0 0  0 0 0 0 0 0 0 0 0 0 12108
0 0  0 0 0 0 0 0 0 0 0 0 12159
0 0  0 0 0 0 0 0 0 0 0 0 12210
0 0  0 0 0 0 0 0 0 0 0 0 12261
0 0  0 0 0 0 0 0 0 0 0 0 12311
0 0  0 0 0 0 0 0 0 0 0 0 12362
0 0  0 0 0 0 0 0 0 0 0 0 12412
0 0  0 0 0 0 0 0 0 0 0 0 12463
0 0  0 0 0 0 0 0 0 0 0 0 12519
0 0  0 0 0 0 0 0 0 0 0 0 12569
0 0  0 0 0 0 0 0 0 0 0 0 12620
0 0  0 0 0 0 0 0 0 0 0 0 12670
0 0  0 0 0 0 0 0 0 0 0 0 12720
0 0  0 0 0 0 0 0 0 0 0 0 12771
0 0  0 0 0 0 0 0 0 0 0 0 12839
0 0  0 0 0 0 0 0 0 0 0 0 12891
0 0  0 0 0 0 0 0 0 0 0 0 12941
0 0  0 0 0 0 0 0 0 0 0 0 12992
0 0  0 0 0 0 0 0 0 0 0 0 13043
0 0  0 0 0 0 0 0 0 0 0 0 13093
0 0  0 0 0 0 0 0 0 0 0 0 13143
0 0  0 0 0 0 0 0 0 0 0 0 13194
0 0  0 0 0 0 0 0 0 0 0 0 13246
0 0  0 0 0 0 0 0 0 0 0 0 13298
0 0  0 0 0 0 0 0 0 0 0 0 13348
0 0  0 0 0 0 0 0 0 0 0 0 13399
0 0  0 0 0 0 0 0 0 0 0 0 13449
0 0  0 0 0 0 0 0 0 0 0 0 13499
0 0  0 0 0 0 0 0 0 0 0 0 13558
0 0  0 0 0 0 0 0 0 0 0 0 13608
0 0  0 0 0 0 0 0 0 0 0 0 13661
0 0  0 0 0 0 0 0 0 0 0 0 13711
0 0  0 0 0 0 0 0 0 0 0 0 13762
0 0  0 0 0 0 0 0 0 0 0 0 13813
0 0  0 0 0 0 0 0 0 0 0 0 13864
0 0  0 0 0 0 0 0 0 0 0 0 13916
0 0  0 0 0 0 0 0 0 0 0 0 16364
0 0  0 0 0 0 0 0 0 0 0 0 16414
0 0  0 0 0 0 0 0 0 0 0 0 16465
0 0  0 0 0 0 0 0 0 0 0 0 16519
0 0  0 0 0 0 0 0 0 0 0 0 16569
0 0  0 0 0 0 0 0 0 0 0 0 16619
0 0  0 0 0 0 0 0 0 0 0 0 16669
0 0  0 0 0 0 0 0 0 0 0 0 16719
0 0  0 0 0 0 0 0 0 0 0 0 16770
0 0  0 0 0 0 0 0 0 0 0 0 16820
0 0  0 0 0 0 0 0 0 0 0 0 16870
0 0  0 0 0 0 0 0 0 0 0 0 16920
0 0  0 0 0 0 0 0 0 0 0 0 16971
0 0  0 0 0 0 0 0 0 0 0 0 17022
0 0  0 0 0 0 0 0 0 0 0 0 17072
0 0  0 0 0 0 0 0 0 0 0 0 17122
0 0  0 0 0 0 0 0 0 0 0 0 17172
0 0  0 0 0 0 0 0 0 0 0 0 17222
0 0  0 0 0 0 0 0 0 0 0 0 17273
0 0  0 0 0 0 0 0 0 0 0 0 17323
0 0  0 0 0 0 0 0 0 0 0 0 17373
0 0  0 0 0 0 0 0 0 0 0 0 17424
0 0  0 0 0 0 0 0 0 0 0 0 17475
0 0  0 0 0 0 0 0 0 0 0 0 17526
0 0  0 0 0 0 0 0 0 0 0 0 17576
0 0  0 0 0 0 0 0 0 0 0 0 17627
0 0  0 0 0 0 0 0 0 0 0 0 17677
0 0  0 0 0 0 0 0 0 0 0 0 17727
0 0  0 0 0 0 0 0 0 0 0 0 17777
0 0  0 0 0 0 0 0 0 0 0 0 17827
0 0  0 0 0 0 0 0 0 0 0 0 17879
0 0  0 0 0 0 0 0 0 0 0 0 17930
0 0  0 0 0 0 0 0 0 0 0 0 17980
0 0  0 0 0 0 0 0 0 0 0 0 18030
0 0  0 0 0 0 0 0 0 0 0 0 18081
0 0  0 0 0 0 0 0 0 0 0 0 18131
0 0  0 0 0 0 0 0 0 0 0 0 18181
0 0  0 0 0 0 0 0 0 0 0 0 18231
0 0  0 0 0 0 0 0 0 0 0 0 18282
0 0  0 0 0 0 0 0 0 0 0 0 18332
0 0  0 0 0 0 0 0 0 0 0 0 18382
0 0  0 0 0 0 0 0 0 0 0 0 18433
0 0  0 0 0 0 0 0 0 0 0 0 18483
0 0  0 0 0 0 0 0 0 0 0 0 18533
0 0  0 0 0 0 0 0 0 0 0 0 18584
0 0  0 0 0 0 0 0 0 0 0 0 18634
0 0  0 0 0 0 0 0 0 0 0 0 18684
0 0  0 0 0 0 0 0 0 0 0 0 18734
0 0  0 0 0 0 0 0 0 0 0 0 18785
0 0  0 0 0 0 0 0 0 0 0 0 18835
0 0  0 0 0 0 0 0 0 0 0 0 18885
0 0  0 0 0 0 0 0 0 0 0 0 18936
0 0  0 0 0 0 0 0 0 0 0 0 18986
0 0  0 0 0 0 0 0 0 0 0 0 19036
0 0  0 0 0 0 0 0 0 0 0 0 19088
0 0  0 0 0 0 0 0 0 0 0 0 19138
0 0  0 0 0 0 0 0 0 0 0 0 19189
0 0  0 0 0 0 0 0 0 0 0 0 19239
0 0  0 0 0 0 0 0 0 0 0 0 19290
0 0  0 0 0 0 0 0 0 0 0 0 19340
0 0  0 0 0 0 0 0 0 0 0 0 19391
0 0  0 0 0 0 0 0 0 0 0 0 19441
0 0  0 0 0 0 0 0 0 0 0 0 19491
0 0  0 0 0 0 0 0 0 0 0 0 19541
0 0  0 0 0 0 0 0 0 0 0 0 19591
0 0  0 0 0 0 0 0 0 0 0 0 19642
0 0  0 0 0 0 0 0 0 0 0 0 19692
0 0  0 0 0 0 0 0 0 0 0 0 19742
0 0  0 0 0 0 0 0 0 0 0 0 19792
0 0  0 0 0 0 0 0 0 0 0 0 19843
0 0  0 0 0 0 0 0 0 0 0 0 19894
0 0  0 0 0 0 0 0 0 0 0 0 19944
0 0  0 0 0 0 0 0 0 0 0 0 19994
0 0  0 0 0 0 0 0 0 0 0 0 20044
0 0  0 0 0 0 0 0 0 0 0 0 20094
0 0  0 0 0 0 0 0 0 0 0 0 20145
0 0  0 0 0 0 0 0 0 0 0 0 20195
0 0  0 0 0 0 0 0 0 0 0 0 20246
0 0  0 0 0 0 0 0 0 0 0 0 20296
0 0  0 0 0 0 0 0 0 0 0 0 20347
0 0  0 0 0 0 0 0 0 0 0 0 20398
0 0  0 0 0 0 0 0 0 0 0 0 20448
0 0  0 0 0 0 0 0 0 0 0 0 20498
0 0  0 0 0 0 0 0 0 0 0 0 20550
0 0  0 0 0 0 0 0 0 0 0 0 20600
0 0  0 0 0 0 0 0 0 0 0 0 20651
0 0  0 0 0 0 0 0 0 0 0 0 20702
0 0  0 0 0 0 0 0 0 0 0 0 20753
0 0  0 0 0 0 0 0 0 0 0 0 20803
0 0  0 0 0 0 0 0 0 0 0 0 20853
0 0  0 0 0 0 0 0 0 0 0 0 20905
0 0  0 0 0 0 0 0 0 0 0 0 20956
0 0  0 0 0 0 0 0 0 0 0 0 21006
0 0  0 0 0 0 0 0 0 0 0 0 21056
0 0  0 0 0 0 0 0 0 0 0 0 21107
0 0  0 0 0 0 0 0 0 0 0 0 21157
0 0  0 0 0 0 0 0 0 0 0 0 21207
0 0  0 0 0 0 0 0 0 0 0 0 21258
0 0  0 0 0 0 0 0 0 0 0 0 21308
0 0  0 0 0 0 0 0 0 0 0 0 21358
0 0  0 0 0 0 0 0 0 0 0 0 21408
0 0  0 0 0 0 0 0 0 0 0 0 21459
0 0  0 0 0 0 0 0 0 0 0 0 21509
0 0  0 0 0 0 0 0 0 0 0 0 21559
0 0  0 0 0 0 0 0 0 0 0 0 21609
0 0  0 0 0 0 0 0 0 0 0 0 21660
0 0  0 0 0 0 0 0 0 0 0 0 21710
0 0  0 0 0 0 0 0 0 0 0 0 21760
0 0  0 0 0 0 0 0 0 0 0 0 21811
0 0  0 0 0 0 0 0 0 0 0 0 21861
0 0  0 0 0 0 0 0 0 0 0 0 21911
0 0  0 0 0 0 0 0 0 0 0 0 21963
0 0  0 0 0 0 0 0 0 0 0 0 22014
0 0  0 0 0 0 0 0 0 0 0 0 22064
0 0  0 0 0 0 0 0 0 0 0 0 22114
0 0  0 0 0 0 0 0 0 0 0 0 22164
0 0  0 0 0 0 0 0 0 0 0 0 22216
0 0  0 0 0 0 0 0 0 0 0 0 22267
0 0  0 0 0 0 0 0 0 0 0 0 22317
0 0  0 0 0 0 0 0 0 0 0 0 22367
0 0  0 0 0 0 0 0 0 0 0 0 22417
0 0  0 0 0 0 0 0 0 0 0 0 22468
0 0  0 0 0 0 0 0 0 0 0 0 22518
0 0  0 0 0 0 0 0 0 0 0 0 22568
0 0  0 0 0 0 0 0 0 0 0 0 22619
0 0  0 0 0 0 0 0 0 0 0 0 22670
0 0  0 0 0 0 0 0 0 0 0 0 22722
0 0  0 0 0 0 0 0 0 0 0 0 22774
0 0  0 0 0 0 0 0 0 0 0 0 22825
0 0  0 0 0 0 0 0 0 0 0 0 22875
0 0  0 0 0 0 0 0 0 0 0 0 22925
0 0  0 0 0 0 0 0 0 0 0 0 22976
0 0  0 0 0 0 0 0 0 0 0 0 23026
0 0  0 0 0 0 0 0 0 0 0 0 23076
0 0  0 0 0 0 0 0 0 0 0 0 23126
0 0  0 0 0 0 0 0 0 0 0 0 23177
0 0  0 0 0 0 0 0 0 0 0 0 23227
0 0  0 0 0 0 0 0 0 0 0 0 23277
0 0  0 0 0 0 0 0 0 0 0 0 23327
0 0  0 0 0 0 0 0 0 0 0 0 23378
0 0  0 0 0 0 0 0 0 0 0 0 23429
0 0  0 0 0 0 0 0 0 0 0 0 23479
0 0  0 0 0 0 0 0 0 0 0 0 23529
0 0  0 0 0 0 0 0 0 0 0 0 23579
0 0  0 0 0 0 0 0 0 0 0 0 23629
0 0  0 0 0 0 0 0 0 0 0 0 23681
0 0  0 0 0 0 0 0 0 0 0 0 23731
0 0  0 0 0 0 0 0 0 0 0 0 23783
0 0  0 0 0 0 0 0 0 0 0 0 23834
0 0  0 0 0 0 0 0 0 0 0 0 23884
0 0  0 0 0 0 0 0 0 0 0 0 23934
0 0  0 0 0 0 0 0 0 0 0 0 23984
0 0  0 0 0 0 0 0 0 0 0 0 24035
0 0  0 0 0 0 0 0 0 0 0 0 24085
0 0  0 0 0 0 0 0 0 0 0 0 24136
0 0  0 0 0 0 0 0 0 0 0 0 24186
0 0  0 0 0 0 0 0 0 0 0 0 24236
0 0  0 0 0 0 0 0 0 0 0 0 24286
0 0  0 0 0 0 0 0 0 0 0 0 24337
0 0  0 0 0 0 0 0 0 0 0 0 24388
0 0  0 0 0 0 0 0 0 0 0 0 24439
0 0  0 0 0 0 0 0 0 0 0 0 24489
0 0  0 0 0 0 0 0 0 0 0 0 24539
0 0  0 0 0 0 0 0 0 0 0 0 24591
0 0  0 0 0 0 0 0 0 0 0 0 24642
0 0  0 0 0 0 0 0 0 0 0 0 24692
0 0  0 0 0 0 0 0 0 0 0 0 24742
0 0  0 0 0 0 0 0 0 0 0 0 24793
0 0  0 0 0 0 0 0 0 0 0 0 24844
0 0  0 0 0 0 0 0 0 0 0 0 24896
0 0  0 0 0 0 0 0 0 0 0 0 24946
0 0  0 0 0 0 0 0 0 0 0 0 24997
0 0  0 0 0 0 0 0 0 0 0 0 25047
0 0  0 0 0 0 0 0 0 0 0 0 25097
0 0  0 0 0 0 0 0 0 0 0 0 25148
0 0  0 0 0 0 0 0 0 0 0 0 25199
0 0  0 0 0 0 0 0 0 0 0 0 25250
0 0  0 0 0 0 0 0 0 0 0 0 25300
0 0  0 0 0 0 0 0 0 0 0 0 25350
0 0  0 0 0 0 0 0 0 0 0 0 25402
0 0  0 0 0 0 0 0 0 0 0 0 25452
0 0  0 0 0 0 0 0 0 0 0 0 25503
0 0  0 0 0 0 0 0 0 0 0 0 25553
0 0  0 0 0 0 0 0 0 0 0 0 25603
0 0  0 0 0 0 0 0 0 0 0 0 25655
0 0  0 0 0 0 0 0 0 0 0 0 25706
0 0  0 0 0 0 0 0 0 0 0 0 25756
0 0  0 0 0 0 0 0 0 0 0 0 25806
0 0  0 0 0 0 0 0 0 0 0 0 25856
0 0  0 0 0 0 0 0 0 0 0 0 25907
0 0  0 0 0 0 0 0 0 0 0 0 25958
0 0  0 0 0 0 0 0 0 0 0 0 26009
0 0  0 0 0 0 0 0 0 0 0 0 26059
0 0  0 0 0 0 0 0 0 0 0 0 26109
0 0  0 0 0 0 0 0 0 0 0 0 26161
0 0  0 0 0 0 0 0 0 0 0 0 26212
0 0  0 0 0 0 0 0 0 0 0 0 26263
0 0  0 0 0 0 0 0 0 0 0 0 26312
0 0  0 0 0 0 0 0 0 0 0 0 26363
0 0  0 0 0 0 0 0 0 0 0 0 26413
0 0  0 0 0 0 0 0 0 0 0 0 26463
0 0  0 0 0 0 0 0 0 0 0 0 26513
0 0  0 0 0 0 0 0 0 0 0 0 26565
0 0  0 0 0 0 0 0 0 0 0 0 26616
0 0  0 0 0 0 0 0 0 0 0 0 26666
0 0  0 0 0 0 0 0 0 0 0 0 26717
0 0  0 0 0 0 0 0 0 0 0 0 26768
0 0  0 0 0 0 0 0 0 0 0 0 26818
0 0  0 0 0 0 0 0 0 0 0 0 26869
0 0  0 0 0 0 0 0 0 0 0 0 26919
0 0  0 0 0 0 0 0 0 0 0 0 26969
0 0  0 0 0 0 0 0 0 0 0 0 27020
0 0  0 0 0 0 0 0 0 0 0 0 27070
0 0  0 0 0 0 0 0 0 0 0 0 27120
0 0  0 0 0 0 0 0 0 0 0 0 27171
0 0  0 0 0 0 0 0 0 0 0 0 27221
0 0  0 0 0 0 0 0 0 0 0 0 27271
0 0  0 0 0 0 0 0 0 0 0 0 27321
0 0  0 0 0 0 0 0 0 0 0 0 27372
0 0  0 0 0 0 0 0 0 0 0 0 27422
0 0  0 0 0 0 0 0 0 0 0 0 27473
0 0  0 0 0 0 0 0 0 0 0 0 27523
0 0  0 0 0 0 0 0 0 0 0 0 27573
0 0  0 0 0 0 0 0 0 0 0 0 27623
0 0  0 0 0 0 0 0 0 0 0 0 27674
0 0  0 0 0 0 0 0 0 0 0 0 27724
0 0  0 0 0 0 0 0 0 0 0 0 27774
0 0  0 0 0 0 0 0 0 0 0 0 27824
0 0  0 0 0 0 0 0 0 0 0 0 27875
0 0  0 0 0 0 0 0 0 0 0 0 27925
0 0  0 0 0 0 0 0 0 0 0 0 27975
0 0  0 0 0 0 0 0 0 0 0 0 28026
0 0  0 0 0 0 0 0 0 0 0 0 28076
0 0  0 0 0 0 0 0 0 0 0 0 28127
0 0  0 0 0 0 0 0 0 0 0 0 28177
0 0  0 0 0 0 0 0 0 0 0 0 28228
0 0  0 0 0 0 0 0 0 0 0 0 28279
0 0  0 0 0 0 0 0 0 0 0 0 28329
0 0  0 0 0 0 0 0 0 0 0 0 28379
0 0  0 0 0 0 0 0 0 0 0 0 28430
0 0  0 0 0 0 0 0 0 0 0 0 28480
0 0  0 0 0 0 0 0 0 0 0 0 28531
0 0  0 0 0 0 0 0 0 0 0 0 28581
0 0  0 0 0 0 0 0 0 0 0 0 28631
0 0  0 0 0 0 0 0 0 0 0 0 28682
0 0  0 0 0 0 0 0 0 0 0 0 28732
0 0  0 0 0 0 0 0 0 0 0 0 28782
0 0  0 0 0 0 0 0 0 0 0 0 28832
0 0  0 0 0 0 0 0 0 0 0 0 28882
0 0  0 0 0 0 0 0 0 0 0 0 28934
0 0  0 0 0 0 0 0 0 0 0 0 28984
0 0  0 0 0 0 0 0 0 0 0 0 29035
0 0  0 0 0 0 0 0 0 0 0 0 29085
0 0  0 0 0 0 0 0 0 0 0 0 29136
0 0  0 0 0 0 0 0 0 0 0 0 29186
0 0  0 0 0 0 0 0 0 0 0 0 29236
0 0  0 0 0 0 0 0 0 0 0 0 29287
0 0  0 0 0 0 0 0 0 0 0 0 29337
0 0  0 0 0 0 0 0 0 0 0 0 29387
0 0  0 0 0 0 0 0 0 0 0 0 29437
0 0  0 0 0 0 0 0 0 0 0 0 29488
0 0  0 0 0 0 0 0 0 0 0 0 29538
0 0  0 0 0 0 0 0 0 0 0 0 29588
0 0  0 0 0 0 0 0 0 0 0 0 29638
0 0  0 0 0 0 0 0 0 0 0 0 29689
0 0  0 0 0 0 0 0 0 0 0 0 29739
0 0  0 0 0 0 0 0 0 0 0 0 29789
0 0  0 0 0 0 0 0 0 0 0 0 29841
0 0  0 0 0 0 0 0 0 0 0 0 29892
0 0  0 0 0 0 0 0 0 0 0 0 29942
0 0  0 0 0 0 0 0 0 0 0 0 29992
0 0  0 0 0 0 0 0 0 0 0 0 30042
0 0  0 0 0 0 0 0 0 0 0 0 30093
0 0  0 0 0 0 0 0 0 0 0 0 30143
0 0  0 0 0 0 0 0 0 0 0 0 30193
0 0  0 0 0 0 0 0 0 0 0 0 30244
0 0  0 0 0 0 0 0 0 0 0 0 30295
0 0  0 0 0 0 0 0 0 0 0 0 30346
0 0  0 0 0 0 0 0 0 0 0 0 30396
0 0  0 0 0 0 0 0 0 0 0 0 30446
0 0  0 0 0 0 0 0 0 0 0 0 30497
0 0  0 0 0 0 0 0 0 0 0 0 30547
0 0  0 0 0 0 0 0 0 0 0 0 30598
0 0  0 0 0 0 0 0 0 0 0 0 30648
0 0  0 0 0 0 0 0 0 0 0 0 30698
0 0  0 0 0 0 0 0 0 0 0 0 30748
0 0  0 0 0 0 0 0 0 0 0 0 30800
0 0  0 0 0 0 0 0 0 0 0 0 30850
0 0  0 0 0 0 0 0 0 0 0 0 30901
0 0  0 0 0 0 0 0 0 0 0 0 30951
0 0  0 0 0 0 0 0 0 0 0 0 31002
0 0  0 0 0 0 0 0 0 0 0 0 31053
0 0  0 0 0 0 0 0 0 0 0 0 31103
0 0  0 0 0 0 0 0 0 0 0 0 31154
0 0  0 0 0 0 0 0 0 0 0 0 31204
0 0  0 0 0 0 0 0 0 0 0 0 31254
0 0  0 0 0 0 0 0 0 0 0 0 31305
0 0  0 0 0 0 0 0 0 0 0 0 31355
0 0  0 0 0 0 0 0 0 0 0 0 31405
0 0  0 0 0 0 0 0 0 0 0 0 31456
0 0  0 0 0 0 0 0 0 0 0 0 31506
0 0  0 0 0 0 0 0 0 0 0 0 31556
0 0  0 0 0 0 0 0 0 0 0 0 31607
0 0  0 0 0 0 0 0 0 0 0 0 31657
0 0  0 0 0 0 0 0 0 0 0 0 31708
0 0  0 0 0 0 0 0 0 0 0 0 31758
0 0  0 0 0 0 0 0 0 0 0 0 31809
0 0  0 0 0 0 0 0 0 0 0 0 31859
0 0  0 0 0 0 0 0 0 0 0 0 31910
0 0  0 0 0 0 0 0 0 0 0 0 31972
0 0  0 0 0 0 0 0 0 0 0 0 32032
0 0  0 0 0 0 0 0 0 0 0 0 32095
0 0  0 0 0 0 0 0 0 0 0 0 32150
0 0  0 0 0 0 0 0 0 0 0 0 32201
0 0  0 0 0 0 0 0 0 0 0 0 32253
0 0  0 0 0 0 0 0 0 0 0 0 32310
0 0  0 0 0 0 0 0 0 0 0 0 32364
0 0  0 0 0 0 0 0 0 0 0 0 32414
0 0  0 0 0 0 0 0 0 0 0 0 32465
0 0  0 0 0 0 0 0 0 0 0 0 32517
0 0  0 0 0 0 0 0 0 0 0 0 32568
0 0  0 0 0 0 0 0 0 0 0 0 32618
0 0  0 0 0 0 0 0 0 0 0 0 32669
0 0  0 0 0 0 0 0 0 0 0 0 32720
0 0  0 0 0 0 0 0 0 0 0 0 32770
0 0  0 0 0 0 0 0 0 0 0 0 32821
0 0  0 0 0 0 0 0 0 0 0 0 32871
0 0  0 0 0 0 0 0 0 0 0 0 32922
0 0  0 0 0 0 0 0 0 0 0 0 32972
0 0  0 0 0 0 0 0 0 0 0 0 33024
0 0  0 0 0 0 0 0 0 0 0 0 33075
0 0  0 0 0 0 0 0 0 0 0 0 33126
0 0  0 0 0 0 0 0 0 0 0 0 33177
0 0  0 0 0 0 0 0 0 0 0 0 33228
0 0  0 0 0 0 0 0 0 0 0 0 33279
0 0  0 0 0 0 0 0 0 0 0 0 33330
0 0  0 0 0 0 0 0 0 0 0 0 33380
0 0  0 0 0 0 0 0 0 0 0 0 33431
0 0  0 0 0 0 0 0 0 0 0 0 33481
0 0  0 0 0 0 0 0 0 0 0 0 33532
0 0  0 0 0 0 0 0 0 0 0 0 33582
0 0  0 0 0 0 0 0 0 0 0 0 33633
0 0  0 0 0 0 0 0 0 0 0 0 33685
0 0  0 0 0 0 0 0 0 0 0 0 33736
0 0  0 0 0 0 0 0 0 0 0 0 33786
0 0  0 0 0 0 0 0 0 0 0 0 33837
0 0  0 0 0 0 0 0 0 0 0 0 33888
0 0  0 0 0 0 0 0 0 0 0 0 33938
0 0  0 0 0 0 0 0 0 0 0 0 33989
0 0  0 0 0 0 0 0 0 0 0 0 34039
0 0  0 0 0 0 0 0 0 0 0 0 34090
0 0  0 0 0 0 0 0 0 0 0 0 34141
0 0  0 0 0 0 0 0 0 0 0 0 34191
0 0  0 0 0 0 0 0 0 0 0 0 34243
0 0  0 0 0 0 0 0 0 0 0 0 34294
0 0  0 0 0 0 0 0 0 0 0 0 34344
0 0  0 0 0 0 0 0 0 0 0 0 34395
0 0  0 0 0 0 0 0 0 0 0 0 34447
0 0  0 0 0 0 0 0 0 0 0 0 34499
0 0  0 0 0 0 0 0 0 0 0 0 34550
0 0  0 0 0 0 0 0 0 0 0 0 34601
0 0  0 0 0 0 0 0 0 0 0 0 34651
0 0  0 0 0 0 0 0 0 0 0 0 34702
0 0  0 0 0 0 0 0 0 0 0 0 34752
0 0  0 0 0 0 0 0 0 0 0 0 34803
0 0  0 0 0 0 0 0 0 0 0 0 34853
0 0  0 0 0 0 0 0 0 0 0 0 34904
0 0  0 0 0 0 0 0 0 0 0 0 34955
0 0  0 0 0 0 0 0 0 0 0 0 35006
0 0  0 0 0 0 0 0 0 0 0 0 35057
0 0  0 0 0 0 0 0 0 0 0 0 35108
0 0  0 0 0 0 0 0 0 0 0 0 35158
0 0  0 0 0 0 0 0 0 0 0 0 35209
0 0  0 0 0 0 0 0 0 0 0 0 35260
0 0  0 0 0 0 0 0 0 0 0 0 35311
0 0  0 0 0 0 0 0 0 0 0 0 35361
0 0  0 0 0 0 0 0 0 0 0 0 35412
0 0  0 0 0 0 0 0 0 0 0 0 35462
0 0  0 0 0 0 0 0 0 0 0 0 35513
0 0  0 0 0 0 0 0 0 0 0 0 35563
0 0  0 0 0 0 0 0 0 0 0 0 35614
0 0  0 0 0 0 0 0 0 0 0 0 35664
0 0  0 0 0 0 0 0 0 0 0 0 35715
0 0  0 0 0 0 0 0 0 0 0 0 35766
0 0  0 0 0 0 0 0 0 0 0 0 35817
0 0  0 0 0 0 0 0 0 0 0 0 35867
0 0  0 0 0 0 0 0 0 0 0 0 35917
0 0  0 0 0 0 0 0 0 0 0 0 35968
0 0  0 0 0 0 0 0 0 0 0 0 36019
0 0  0 0 0 0 0 0 0 0 0 0 36070
0 0  0 0 0 0 0 0 0 0 0 0 36121
0 0  0 0 0 0 0 0 0 0 0 0 36172
0 0  0 0 0 0 0 0 0 0 0 0 36223
0 0  0 0 0 0 0 0 0 0 0 0 36273
0 0  0 0 0 0 0 0 0 0 0 0 36324
0 0  0 0 0 0 0 0 0 0 0 0 36374
0 0  0 0 0 0 0 0 0 0 0 0 36425
0 0  0 0 0 0 0 0 0 0 0 0 36475
0 0  0 0 0 0 0 0 0 0 0 0 36526
0 0  0 0 0 0 0 0 0 0 0 0 36578
0 0  0 0 0 0 0 0 0 0 0 0 36630
0 0  0 0 0 0 0 0 0 0 0 0 36681
0 0  0 0 0 0 0 0 0 0 0 0 36731
0 0  0 0 0 0 0 0 0 0 0 0 36782
0 0  0 0 0 0 0 0 0 0 0 0 36832
0 0  0 0 0 0 0 0 0 0 0 0 36883
0 0  0 0 0 0 0 0 0 0 0 0 36934
0 0  0 0 0 0 0 0 0 0 0 0 36984
0 0  0 0 0 0 0 0 0 0 0 0 37035
0 0  0 0 0 0 0 0 0 0 0 0 37086
0 0  0 0 0 0 0 0 0 0 0 0 37136
0 0  0 0 0 0 0 0 0 0 0 0 37196
0 0  0 0 0 0 0 0 0 0 0 0 37246
0 0  0 0 0 0 0 0 0 0 0 0 37298
0 0  0 0 0 0 0 0 0 0 0 0 37349
0 0  0 0 0 0 0 0 0 0 0 0 37399
0 0  0 0 0 0 0 0 0 0 0 0 37450
0 0  0 0 0 0 0 0 0 0 0 0 37501
0 0  0 0 0 0 0 0 0 0 0 0 37551
0 0  0 0 0 0 0 0 0 0 0 0 37602
0 0  0 0 0 0 0 0 0 0 0 0 37652
0 0  0 0 0 0 0 0 0 0 0 0 37703
0 0  0 0 0 0 0 0 0 0 0 0 37754
0 0  0 0 0 0 0 0 0 0 0 0 37804
0 0  0 0 0 0 0 0 0 0 0 0 37855
0 0  0 0 0 0 0 0 0 0 0 0 37905
0 0  0 0 0 0 0 0 0 0 0 0 37956
0 0  0 0 0 0 0 0 0 0 0 0 38007
0 0  0 0 0 0 0 0 0 0 0 0 38057
0 0  0 0 0 0 0 0 0 0 0 0 38108
0 0  0 0 0 0 0 0 0 0 0 0 38158
0 0  0 0 0 0 0 0 0 0 0 0 38209
0 0  0 0 0 0 0 0 0 0 0 0 38260
0 0  0 0 0 0 0 0 0 0 0 0 38310
0 0  0 0 0 0 0 0 0 0 0 0 38362
0 0  0 0 0 0 0 0 0 0 0 0 38413
0 0  0 0 0 0 0 0 0 0 0 0 38463
0 0  0 0 0 0 0 0 0 0 0 0 38514
0 0  0 0 0 0 0 0 0 0 0 0 38566
0 0  0 0 0 0 0 0 0 0 0 0 38617
0 0  0 0 0 0 0 0 0 0 0 0 38667
0 0  0 0 0 0 0 0 0 0 0 0 38718
0 0  0 0 0 0 0 0 0 0 0 0 38769
0 0  0 0 0 0 0 0 0 0 0 0 38819
0 0  0 0 0 0 0 0 0 0 0 0 38871
0 0  0 0 0 0 0 0 0 0 0 0 38923
0 0  0 0 0 0 0 0 0 0 0 0 38974
0 0  0 0 0 0 0 0 0 0 0 0 39024
0 0  0 0 0 0 0 0 0 0 0 0 39075
0 0  0 0 0 0 0 0 0 0 0 0 39126
0 0  0 0 0 0 0 0 0 0 0 0 39177
0 0  0 0 0 0 0 0 0 0 0 0 39229
0 0  0 0 0 0 0 0 0 0 0 0 39279
0 0  0 0 0 0 0 0 0 0 0 0 39330
0 0  0 0 0 0 0 0 0 0 0 0 39380
0 0  0 0 0 0 0 0 0 0 0 0 39431
0 0  0 0 0 0 0 0 0 0 0 0 39481
0 0  0 0 0 0 0 0 0 0 0 0 39532
0 0  0 0 0 0 0 0 0 0 0 0 39582
0 0  0 0 0 0 0 0 0 0 0 0 39633
0 0  0 0 0 0 0 0 0 0 0 0 39684
0 0  0 0 0 0 0 0 0 0 0 0 39734
0 0  0 0 0 0 0 0 0 0 0 0 39785
0 0  0 0 0 0 0 0 0 0 0 0 39835
0 0  0 0 0 0 0 0 0 0 0 0 39893
0 0  0 0 0 0 0 0 0 0 0 0 39944
0 0  0 0 0 0 0 0 0 0 0 0 39995
0 0  0 0 0 0 0 0 0 0 0 0 40045
0 0  0 0 0 0 0 0 0 0 0 0 40096
0 0  0 0 0 0 0 0 0 0 0 0 40146
0 0  0 0 0 0 0 0 0 0 0 0 40197
0 0  0 0 0 0 0 0 0 0 0 0 40248
0 0  0 0 0 0 0 0 0 0 0 0 40298
0 0  0 0 0 0 0 0 0 0 0 0 40349
0 0  0 0 0 0 0 0 0 0 0 0 40400
0 0  0 0 0 0 0 0 0 0 0 0 40450
0 0  0 0 0 0 0 0 0 0 0 0 40507
0 0  0 0 0 0 0 0 0 0 0 0 40557
0 0  0 0 0 0 0 0 0 0 0 0 40608
0 0  0 0 0 0 0 0 0 0 0 0 40658
0 0  0 0 0 0 0 0 0 0 0 0 40709
0 0  0 0 0 0 0 0 0 0 0 0 40760
0 0  0 0 0 0 0 0 0 0 0 0 40810
0 0  0 0 0 0 0 0 0 0 0 0 40861
0 0  0 0 0 0 0 0 0 0 0 0 40911
0 0  0 0 0 0 0 0 0 0 0 0 40962
0 0  0 0 0 0 0 0 0 0 0 0 41014
0 0  0 0 0 0 0 0 0 0 0 0 41065
0 0  0 0 0 0 0 0 0 0 0 0 41115
0 0  0 0 0 0 0 0 0 0 0 0 41166
0 0  0 0 0 0 0 0 0 0 0 0 41216
0 0  0 0 0 0 0 0 0 0 0 0 41267
0 0  0 0 0 0 0 0 0 0 0 0 41318
0 0  0 0 0 0 0 0 0 0 0 0 41368
0 0  0 0 0 0 0 0 0 0 0 0 41419
0 0  0 0 0 0 0 0 0 0 0 0 41470
0 0  0 0 0 0 0 0 0 0 0 0 41520
0 0  0 0 0 0 0 0 0 0 0 0 41571
0 0  0 0 0 0 0 0 0 0 0 0 41621
0 0  0 0 0 0 0 0 0 0 0 0 41672
0 0  0 0 0 0 0 0 0 0 0 0 41722
0 0  0 0 0 0 0 0 0 0 0 0 41773
0 0  0 0 0 0 0 0 0 0 0 0 41825
0 0  0 0 0 0 0 0 0 0 0 0 41876
0 0  0 0 0 0 0 0 0 0 0 0 41926
0 0  0 0 0 0 0 0 0 0 0 0 41977
0 0  0 0 0 0 0 0 0 0 0 0 42027
0 0  0 0 0 0 0 0 0 0 0 0 42078
0 0  0 0 0 0 0 0 0 0 0 0 42129
0 0  0 0 0 0 0 0 0 0 0 0 42180
0 0  0 0 0 0 0 0 0 0 0 0 42231
0 0  0 0 0 0 0 0 0 0 0 0 42282
0 0  0 0 0 0 0 0 0 0 0 0 42333
0 0  0 0 0 0 0 0 0 0 0 0 42383
0 0  0 0 0 0 0 0 0 0 0 0 42434
0 0  0 0 0 0 0 0 0 0 0 0 42484
0 0  0 0 0 0 0 0 0 0 0 0 42535
0 0  0 0 0 0 0 0 0 0 0 0 42585
0 0  0 0 0 0 0 0 0 0 0 0 42637
0 0  0 0 0 0 0 0 0 0 0 0 42688
0 0  0 0 0 0 0 0 0 0 0 0 42739
0 0  0 0 0 0 0 0 0 0 0 0 42789
0 0  0 0 0 0 0 0 0 0 0 0 42840
0 0  0 0 0 0 0 0 0 0 0 0 42891
0 0  0 0 0 0 0 0 0 0 0 0 42942
0 0  0 0 0 0 0 0 0 0 0 0 42993
0 0  0 0 0 0 0 0 0 0 0 0 43044
0 0  0 0 0 0 0 0 0 0 0 0 43094
0 0  0 0 0 0 0 0 0 0 0 0 43145
0 0  0 0 0 0 0 0 0 0 0 0 43197
0 0  0 0 0 0 0 0 0 0 0 0 43248
0 0  0 0 0 0 0 0 0 0 0 0 43298
0 0  0 0 0 0 0 0 0 0 0 0 43350
0 0  0 0 0 0 0 0 0 0 0 0 43401
0 0  0 0 0 0 0 0 0 0 0 0 43452
0 0  0 0 0 0 0 0 0 0 0 0 43502
0 0  0 0 0 0 0 0 0 0 0 0 43554
0 0  0 0 0 0 0 0 0 0 0 0 43605
0 0  0 0 0 0 0 0 0 0 0 0 43655
0 0  0 0 0 0 0 0 0 0 0 0 43707
0 0  0 0 0 0 0 0 0 0 0 0 43757
0 0  0 0 0 0 0 0 0 0 0 0 43808
0 0  0 0 0 0 0 0 0 0 0 0 43859
0 0  0 0 0 0 0 0 0 0 0 0 43910
0 0  0 0 0 0 0 0 0 0 0 0 43960
0 0  0 0 0 0 0 0 0 0 0 0 44011
0 0  0 0 0 0 0 0 0 0 0 0 44062
0 0  0 0 0 0 0 0 0 0 0 0 44112
0 0  0 0 0 0 0 0 0 0 0 0 44163
0 0  0 0 0 0 0 0 0 0 0 0 44213
0 0  0 0 0 0 0 0 0 0 0 0 44264
0 0  0 0 0 0 0 0 0 0 0 0 44316
0 0  0 0 0 0 0 0 0 0 0 0 44367
0 0  0 0 0 0 0 0 0 0 0 0 44418
0 0  0 0 0 0 0 0 0 0 0 0 44468
0 0  0 0 0 0 0 0 0 0 0 0 44519
0 0  0 0 0 0 0 0 0 0 0 0 44569
0 0  0 0 0 0 0 0 0 0 0 0 44620
0 0  0 0 0 0 0 0 0 0 0 0 44670
0 0  0 0 0 0 0 0 0 0 0 0 44721
0 0  0 0 0 0 0 0 0 0 0 0 44771
0 0  0 0 0 0 0 0 0 0 0 0 44822
0 0  0 0 0 0 0 0 0 0 0 0 44873
0 0  0 0 0 0 0 0 0 0 0 0 44923
0 0  0 0 0 0 0 0 0 0 0 0 44974
0 0  0 0 0 0 0 0 0 0 0 0 45024
0 0  0 0 0 0 0 0 0 0 0 0 45076
0 0  0 0 0 0 0 0 0 0 0 0 45127
0 0  0 0 0 0 0 0 0 0 0 0 45178
0 0  0 0 0 0 0 0 0 0 0 0 45228
0 0  0 0 0 0 0 0 0 0 0 0 45280
0 0  0 0 0 0 0 0 0 0 0 0 45332
0 0  0 0 0 0 0 0 0 0 0 0 45383
0 0  0 0 0 0 0 0 0 0 0 0 45435
0 0  0 0 0 0 0 0 0 0 0 0 45486
0 0  0 0 0 0 0 0 0 0 0 0 45537
0 0  0 0 0 0 0 0 0 0 0 0 45587
0 0  0 0 0 0 0 0 0 0 0 0 45638
0 0  0 0 0 0 0 0 0 0 0 0 45688
0 0  0 0 0 0 0 0 0 0 0 0 45740
0 0  0 0 0 0 0 0 0 0 0 0 45792
0 0  0 0 0 0 0 0 0 0 0 0 45843
0 0  0 0 0 0 0 0 0 0 0 0 45895
0 0  0 0 0 0 0 0 0 0 0 0 45946
0 0  0 0 0 0 0 0 0 0 0 0 45996
0 0  0 0 0 0 0 0 0 0 0 0 46047
0 0  0 0 0 0 0 0 0 0 0 0 46097
0 0  0 0 0 0 0 0 0 0 0 0 46149
0 0  0 0 0 0 0 0 0 0 0 0 46200
0 0  0 0 0 0 0 0 0 0 0 0 46251
0 0  0 0 0 0 0 0 0 0 0 0 46301
0 0  0 0 0 0 0 0 0 0 0 0 46352
0 0  0 0 0 0 0 0 0 0 0 0 46403
0 0  0 0 0 0 0 0 0 0 0 0 46453
0 0  0 0 0 0 0 0 0 0 0 0 46504
0 0  0 0 0 0 0 0 0 0 0 0 46554
0 0  0 0 0 0 0 0 0 0 0 0 46605
0 0  0 0 0 0 0 0 0 0 0 0 46655
0 0  0 0 0 0 0 0 0 0 0 0 46707
0 0  0 0 0 0 0 0 0 0 0 0 46758
0 0  0 0 0 0 0 0 0 0 0 0 46810
0 0  0 0 0 0 0 0 0 0 0 0 46859
0 0  0 0 0 0 0 0 0 0 0 0 46911
0 0  0 0 0 0 0 0 0 0 0 0 46962
0 0  0 0 0 0 0 0 0 0 0 0 47013
0 0  0 0 0 0 0 0 0 0 0 0 47063
0 0  0 0 0 0 0 0 0 0 0 0 47115
0 0  0 0 0 0 0 0 0 0 0 0 47166
0 0  0 0 0 0 0 0 0 0 0 0 47217
0 0  0 0 0 0 0 0 0 0 0 0 47268
0 0  0 0 0 0 0 0 0 0 0 0 47319
0 0  0 0 0 0 0 0 0 0 0 0 47370
0 0  0 0 0 0 0 0 0 0 0 0 47420
0 0  0 0 0 0 0 0 0 0 0 0 47471
0 0  0 0 0 0 0 0 0 0 0 0 47521
0 0  0 0 0 0 0 0 0 0 0 0 47572
0 0  0 0 0 0 0 0 0 0 0 0 47624
0 0  0 0 0 0 0 0 0 0 0 0 47675
0 0  0 0 0 0 0 0 0 0 0 0 47725
0 0  0 0 0 0 0 0 0 0 0 0 47777
0 0  0 0 0 0 0 0 0 0 0 0 47828
0 0  0 0 0 0 0 0 0 0 0 0 47879
0 0  0 0 0 0 0 0 0 0 0 0 47929
0 0  0 0 0 0 0 0 0 0 0 0 47980
0 0  0 0 0 0 0 0 0 0 0 0 48031
0 0  0 0 0 0 0 0 0 0 0 0 48081
0 0  0 0 0 0 0 0 0 0 0 0 48132
0 0  0 0 0 0 0 0 0 0 0 0 48182
0 0  0 0 0 0 0 0 0 0 0 0 48233
0 0  0 0 0 0 0 0 0 0 0 0 48283
0 0  0 0 0 0 0 0 0 0 0 0 48334
0 0  0 0 0 0 0 0 0 0 0 0 48386
0 0  0 0 0 0 0 0 0 0 0 0 48435
0 0  0 0 0 0 0 0 0 0 0 0 48486
0 0  0 0 0 0 0 0 0 0 0 0 48536
0 0  0 0 0 0 0 0 0 0 0 0 48587
0 0  0 0 0 0 0 0 0 0 0 0 48638
0 0  0 0 0 0 0 0 0 0 0 0 48688
0 0  0 0 0 0 0 0 0 0 0 0 48739
0 0  0 0 0 0 0 0 0 0 0 0 48789
0 0  0 0 0 0 0 0 0 0 0 0 48841
0 0  0 0 0 0 0 0 0 0 0 0 48892
0 0  0 0 0 0 0 0 0 0 0 0 48943
0 0  0 0 0 0 0 0 0 0 0 0 48993
0 0  0 0 0 0 0 0 0 0 0 0 49045
0 0  0 0 0 0 0 0 0 0 0 0 49096
0 0  0 0 0 0 0 0 0 0 0 0 49146
0 0  0 0 0 0 0 0 0 0 0 0 49197
0 0  0 0 0 0 0 0 0 0 0 0 49248
0 0  0 0 0 0 0 0 0 0 0 0 49298
0 0  0 0 0 0 0 0 0 0 0 0 49350
0 0  0 0 0 0 0 0 0 0 0 0 49399
0 0  0 0 0 0 0 0 0 0 0 0 49450
0 0  0 0 0 0 0 0 0 0 0 0 49502
0 0  0 0 0 0 0 0 0 0 0 0 49553
0 0  0 0 0 0 0 0 0 0 0 0 49603
0 0  0 0 0 0 0 0 0 0 0 0 49654
0 0  0 0 0 0 0 0 0 0 0 0 49705
0 0  0 0 0 0 0 0 0 0 0 0 49755
0 0  0 0 0 0 0 0 0 0 0 0 49806
0 0  0 0 0 0 0 0 0 0 0 0 49856
0 0  0 0 0 0 0 0 0 0 0 0 49907
0 0  0 0 0 0 0 0 0 0 0 0 49957
0 0  0 0 0 0 0 0 0 0 0 0 50008
0 0  0 0 0 0 0 0 0 0 0 0 50059
0 0  0 0 0 0 0 0 0 0 0 0 50109
0 0  0 0 0 0 0 0 0 0 0 0 50160
0 0  0 0 0 0 0 0 0 0 0 0 50210
0 0  0 0 0 0 0 0 0 0 0 0 50261
0 0  0 0 0 0 0 0 0 0 0 0 50312
0 0  0 0 0 0 0 0 0 0 0 0 50362
0 0  0 0 0 0 0 0 0 0 0 0 50414
0 0  0 0 0 0 0 0 0 0 0 0 50465
0 0  0 0 0 0 0 0 0 0 0 0 50517
0 0  0 0 0 0 0 0 0 0 0 0 50568
0 0  0 0 0 0 0 0 0 0 0 0 50618
0 0  0 0 0 0 0 0 0 0 0 0 50669
0 0  0 0 0 0 0 0 0 0 0 0 50719
0 0  0 0 0 0 0 0 0 0 0 0 50770
0 0  0 0 0 0 0 0 0 0 0 0 50821
0 0  0 0 0 0 0 0 0 0 0 0 50871
0 0  0 0 0 0 0 0 0 0 0 0 50922
0 0  0 0 0 0 0 0 0 0 0 0 50972
0 0  0 0 0 0 0 0 0 0 0 0 51023
0 0  0 0 0 0 0 0 0 0 0 0 51074
0 0  0 0 0 0 0 0 0 0 0 0 51124
0 0  0 0 0 0 0 0 0 0 0 0 51175
0 0  0 0 0 0 0 0 0 0 0 0 51225
0 0  0 0 0 0 0 0 0 0 0 0 51276
0 0  0 0 0 0 0 0 0 0 0 0 51327
0 0  0 0 0 0 0 0 0 0 0 0 51377
0 0  0 0 0 0 0 0 0 0 0 0 51429
0 0  0 0 0 0 0 0 0 0 0 0 51481
0 0  0 0 0 0 0 0 0 0 0 0 51530
0 0  0 0 0 0 0 0 0 0 0 0 51581
0 0  0 0 0 0 0 0 0 0 0 0 51632
0 0  0 0 0 0 0 0 0 0 0 0 51683
0 0  0 0 0 0 0 0 0 0 0 0 51734
0 0  0 0 0 0 0 0 0 0 0 0 51786
0 0  0 0 0 0 0 0 0 0 0 0 51837
0 0  0 0 0 0 0 0 0 0 0 0 51888
0 0  0 0 0 0 0 0 0 0 0 0 51938
0 0  0 0 0 0 0 0 0 0 0 0 51989
0 0  0 0 0 0 0 0 0 0 0 0 52040
0 0  0 0 0 0 0 0 0 0 0 0 52090
0 0  0 0 0 0 0 0 0 0 0 0 52142
0 0  0 0 0 0 0 0 0 0 0 0 52193
0 0  0 0 0 0 0 0 0 0 0 0 52243
0 0  0 0 0 0 0 0 0 0 0 0 52294
0 0  0 0 0 0 0 0 0 0 0 0 52344
0 0  0 0 0 0 0 0 0 0 0 0 52395
0 0  0 0 0 0 0 0 0 0 0 0 52446
0 0  0 0 0 0 0 0 0 0 0 0 52496
0 0  0 0 0 0 0 0 0 0 0 0 52547
0 0  0 0 0 0 0 0 0 0 0 0 52597
0 0  0 0 0 0 0 0 0 0 0 0 52649
0 0  0 0 0 0 0 0 0 0 0 0 52700
0 0  0 0 0 0 0 0 0 0 0 0 52751
0 0  0 0 0 0 0 0 0 0 0 0 52802
0 0  0 0 0 0 0 0 0 0 0 0 52853
0 0  0 0 0 0 0 0 0 0 0 0 52904
0 0  0 0 0 0 0 0 0 0 0 0 52955
0 0  0 0 0 0 0 0 0 0 0 0 53005
0 0  0 0 0 0 0 0 0 0 0 0 53056
0 0  0 0 0 0 0 0 0 0 0 0 53107
0 0  0 0 0 0 0 0 0 0 0 0 53159
0 0  0 0 0 0 0 0 0 0 0 0 53210
0 0  0 0 0 0 0 0 0 0 0 0 53261
0 0  0 0 0 0 0 0 0 0 0 0 53312
0 0  0 0 0 0 0 0 0 0 0 0 53362
0 0  0 0 0 0 0 0 0 0 0 0 53414
0 0  0 0 0 0 0 0 0 0 0 0 53465
0 0  0 0 0 0 0 0 0 0 0 0 53516
0 0  0 0 0 0 0 0 0 0 0 0 53567
0 0  0 0 0 0 0 0 0 0 0 0 53618
0 0  0 0 0 0 0 0 0 0 0 0 53670
0 0  0 0 0 0 0 0 0 0 0 0 53721
0 0  0 0 0 0 0 0 0 0 0 0 53771
0 0  0 0 0 0 0 0 0 0 0 0 53822
0 0  0 0 0 0 0 0 0 0 0 0 53874
0 0  0 0 0 0 0 0 0 0 0 0 53925
0 0  0 0 0 0 0 0 0 0 0 0 53975
0 0  0 0 0 0 0 0 0 0 0 0 54026
0 0  0 0 0 0 0 0 0 0 0 0 54077
0 0  0 0 0 0 0 0 0 0 0 0 54127
0 0  0 0 0 0 0 0 0 0 0 0 54178
0 0  0 0 0 0 0 0 0 0 0 0 54228
0 0  0 0 0 0 0 0 0 0 0 0 54280
0 0  0 0 0 0 0 0 0 0 0 0 54331
0 0  0 0 0 0 0 0 0 0 0 0 54382
0 0  0 0 0 0 0 0 0 0 0 0 54432
0 0  0 0 0 0 0 0 0 0 0 0 54483
0 0  0 0 0 0 0 0 0 0 0 0 54534
0 0  0 0 0 0 0 0 0 0 0 0 54584
0 0  0 0 0 0 0 0 0 0 0 0 54635
0 0  0 0 0 0 0 0 0 0 0 0 54685
0 0  0 0 0 0 0 0 0 0 0 0 54736
0 0  0 0 0 0 0 0 0 0 0 0 54786
0 0  0 0 0 0 0 0 0 0 0 0 54837
0 0  0 0 0 0 0 0 0 0 0 0 54889
0 0  0 0 0 0 0 0 0 0 0 0 54940
0 0  0 0 0 0 0 0 0 0 0 0 54990
0 0  0 0 0 0 0 0 0 0 0 0 55041
0 0  0 0 0 0 0 0 0 0 0 0 55091
0 0  0 0 0 0 0 0 0 0 0 0 55142
0 0  0 0 0 0 0 0 0 0 0 0 55193
0 0  0 0 0 0 0 0 0 0 0 0 55243
0 0  0 0 0 0 0 0 0 0 0 0 55294
0 0  0 0 0 0 0 0 0 0 0 0 55344
0 0  0 0 0 0 0 0 0 0 0 0 55395
0 0  0 0 0 0 0 0 0 0 0 0 55446
0 0  0 0 0 0 0 0 0 0 0 0 55497
0 0  0 0 0 0 0 0 0 0 0 0 55548
0 0  0 0 0 0 0 0 0 0 0 0 55599
0 0  0 0 0 0 0 0 0 0 0 0 55649
0 0  0 0 0 0 0 0 0 0 0 0 55700
0 0  0 0 0 0 0 0 0 0 0 0 55751
0 0  0 0 0 0 0 0 0 0 0 0 55802
0 0  0 0 0 0 0 0 0 0 0 0 55853
0 0  0 0 0 0 0 0 0 0 0 0 55904
0 0  0 0 0 0 0 0 0 0 0 0 55955
0 0  0 0 0 0 0 0 0 0 0 0 56005
0 0  0 0 0 0 0 0 0 0 0 0 56057
0 0  0 0 0 0 0 0 0 0 0 0 56109
0 0  0 0 0 0 0 0 0 0 0 0 56160
0 0  0 0 0 0 0 0 0 0 0 0 56210
0 0  0 0 0 0 0 0 0 0 0 0 56261
0 0  0 0 0 0 0 0 0 0 0 0 56312
0 0  0 0 0 0 0 0 0 0 0 0 56362
0 0  0 0 0 0 0 0 0 0 0 0 56414
0 0  0 0 0 0 0 0 0 0 0 0 56466
0 0  0 0 0 0 0 0 0 0 0 0 56517
0 0  0 0 0 0 0 0 0 0 0 0 56568
0 0  0 0 0 0 0 0 0 0 0 0 56619
0 0  0 0 0 0 0 0 0 0 0 0 56670
0 0  0 0 0 0 0 0 0 0 0 0 56721
0 0  0 0 0 0 0 0 0 0 0 0 56771
0 0  0 0 0 0 0 0 0 0 0 0 56822
0 0  0 0 0 0 0 0 0 0 0 0 56873
0 0  0 0 0 0 0 0 0 0 0 0 56923
0 0  0 0 0 0 0 0 0 0 0 0 56974
0 0  0 0 0 0 0 0 0 0 0 0 57024
0 0  0 0 0 0 0 0 0 0 0 0 57075
0 0  0 0 0 0 0 0 0 0 0 0 57127
0 0  0 0 0 0 0 0 0 0 0 0 57176
0 0  0 0 0 0 0 0 0 0 0 0 57227
0 0  0 0 0 0 0 0 0 0 0 0 57277
0 0  0 0 0 0 0 0 0 0 0 0 57328
0 0  0 0 0 0 0 0 0 0 0 0 57379
0 0  0 0 0 0 0 0 0 0 0 0 57429
0 0  0 0 0 0 0 0 0 0 0 0 57480
0 0  0 0 0 0 0 0 0 0 0 0 57530
0 0  0 0 0 0 0 0 0 0 0 0 57581
0 0  0 0 0 0 0 0 0 0 0 0 57632
0 0  0 0 0 0 0 0 0 0 0 0 57682
0 0  0 0 0 0 0 0 0 0 0 0 57733
0 0  0 0 0 0 0 0 0 0 0 0 57784
0 0  0 0 0 0 0 0 0 0 0 0 57834
0 0  0 0 0 0 0 0 0 0 0 0 57885
0 0  0 0 0 0 0 0 0 0 0 0 57935
0 0  0 0 0 0 0 0 0 0 0 0 57986
0 0  0 0 0 0 0 0 0 0 0 0 58036
0 0  0 0 0 0 0 0 0 0 0 0 58087
0 0  0 0 0 0 0 0 0 0 0 0 58138
0 0  0 0 0 0 0 0 0 0 0 0 58188
0 0  0 0 0 0 0 0 0 0 0 0 58239
0 0  0 0 0 0 0 0 0 0 0 0 58289
0 0  0 0 0 0 0 0 0 0 0 0 58340
0 0  0 0 0 0 0 0 0 0 0 0 58391
0 0  0 0 0 0 0 0 0 0 0 0 58441
0 0  0 0 0 0 0 0 0 0 0 0 58492
0 0  0 0 0 0 0 0 0 0 0 0 58542
0 0  0 0 0 0 0 0 0 0 0 0 58593
0 0  0 0 0 0 0 0 0 0 0 0 58644
0 0  0 0 0 0 0 0 0 0 0 0 58694
0 0  0 0 0 0 0 0 0 0 0 0 58745
0 0  0 0 0 0 0 0 0 0 0 0 58795
0 0  0 0 0 0 0 0 0 0 0 0 58847
0 0  0 0 0 0 0 0 0 0 0 0 58896
0 0  0 0 0 0 0 0 0 0 0 0 58947
0 0  0 0 0 0 0 0 0 0 0 0 58998
0 0  0 0 0 0 0 0 0 0 0 0 59048
0 0  0 0 0 0 0 0 0 0 0 0 59099
0 0  0 0 0 0 0 0 0 0 0 0 59149
0 0  0 0 0 0 0 0 0 0 0 0 59200
0 0  0 0 0 0 0 0 0 0 0 0 59252
0 0  0 0 0 0 0 0 0 0 0 0 59303
0 0  0 0 0 0 0 0 0 0 0 0 59354
0 0  0 0 0 0 0 0 0 0 0 0 59404
0 0  0 0 0 0 0 0 0 0 0 0 59455
0 0  0 0 0 0 0 0 0 0 0 0 59505
0 0  0 0 0 0 0 0 0 0 0 0 59556
0 0  0 0 0 0 0 0 0 0 0 0 59607
0 0  0 0 0 0 0 0 0 0 0 0 59658
0 0  0 0 0 0 0 0 0 0 0 0 59709
0 0  0 0 0 0 0 0 0 0 0 0 59761
0 0  0 0 0 0 0 0 0 0 0 0 59810
0 0  0 0 0 0 0 0 0 0 0 0 59861
0 0  0 0 0 0 0 0 0 0 0 0 59911
0 0  0 0 0 0 0 0 0 0 0 0 59963
0 0  0 0 0 0 0 0 0 0 0 0 60014
0 0  0 0 0 0 0 0 0 0 0 0 60065
0 0  0 0 0 0 0 0 0 0 0 0 60115
0 0  0 0 0 0 0 0 0 0 0 0 60166
0 0  0 0 0 0 0 0 0 0 0 0 60216
0 0  0 0 0 0 0 0 0 0 0 0 60267
0 0  0 0 0 0 0 0 0 0 0 0 60318
0 0  0 0 0 0 0 0 0 0 0 0 60369
0 0  0 0 0 0 0 0 0 0 0 0 60421
0 0  0 0 0 0 0 0 0 0 0 0 60472
0 0  0 0 0 0 0 0 0 0 0 0 60523
0 0  0 0 0 0 0 0 0 0 0 0 60574
0 0  0 0 0 0 0 0 0 0 0 0 60624
0 0  0 0 0 0 0 0 0 0 0 0 60675
0 0  0 0 0 0 0 0 0 0 0 0 60725
0 0  0 0 0 0 0 0 0 0 0 0 60776
0 0  0 0 0 0 0 0 0 0 0 0 60827
0 0  0 0 0 0 0 0 0 0 0 0 60877
0 0  0 0 0 0 0 0 0 0 0 0 60928
0 0  0 0 0 0 0 0 0 0 0 0 60978
0 0  0 0 0 0 0 0 0 0 0 0 61029
0 0  0 0 0 0 0 0 0 0 0 0 61080
0 0  0 0 0 0 0 0 0 0 0 0 61130
0 0  0 0 0 0 0 0 0 0 0 0 61181
0 0  0 0 0 0 0 0 0 0 0 0 61232
0 0  0 0 0 0 0 0 0 0 0 0 61283
0 0  0 0 0 0 0 0 0 0 0 0 61335
0 0  0 0 0 0 0 0 0 0 0 0 61386
0 0  0 0 0 0 0 0 0 0 0 0 61437
0 0  0 0 0 0 0 0 0 0 0 0 61487
0 0  0 0 0 0 0 0 0 0 0 0 61538
0 0  0 0 0 0 0 0 0 0 0 0 61588
0 0  0 0 0 0 0 0 0 0 0 0 61639
0 0  0 0 0 0 0 0 0 0 0 0 61691
0 0  0 0 0 0 0 0 0 0 0 0 61742
0 0  0 0 0 0 0 0 0 0 0 0 61792
0 0  0 0 0 0 0 0 0 0 0 0 61843
0 0  0 0 0 0 0 0 0 0 0 0 61894
0 0  0 0 0 0 0 0 0 0 0 0 61944
0 0  0 0 0 0 0 0 0 0 0 0 61995
0 0  0 0 0 0 0 0 0 0 0 0 62045
0 0  0 0 0 0 0 0 0 0 0 0 62096
0 0  0 0 0 0 0 0 0 0 0 0 62146
0 0  0 0 0 0 0 0 0 0 0 0 62197
0 0  0 0 0 0 0 0 0 0 0 0 62248
0 0  0 0 0 0 0 0 0 0 0 0 62298
0 0  0 0 0 0 0 0 0 0 0 0 62350
0 0  0 0 0 0 0 0 0 0 0 0 62401
0 0  0 0 0 0 0 0 0 0 0 0 62452
0 0  0 0 0 0 0 0 0 0 0 0 62502
0 0  0 0 0 0 0 0 0 0 0 0 62553
0 0  0 0 0 0 0 0 0 0 0 0 62604
0 0  0 0 0 0 0 0 0 0 0 0 62654
0 0  0 0 0 0 0 0 0 0 0 0 62705
0 0  0 0 0 0 0 0 0 0 0 0 62755
0 0  0 0 0 0 0 0 0 0 0 0 62806
0 0  0 0 0 0 0 0 0 0 0 0 62856
0 0  0 0 0 0 0 0 0 0 0 0 62907
0 0  0 0 0 0 0 0 0 0 0 0 62957
0 0  0 0 0 0 0 0 0 0 0 0 63009
0 0  0 0 0 0 0 0 0 0 0 0 63059
0 0  0 0 0 0 0 0 0 0 0 0 63109
0 0  0 0 0 0 0 0 0 0 0 0 63160
0 0  0 0 0 0 0 0 0 0 0 0 63210
0 0  0 0 0 0 0 0 0 0 0 0 63261
0 0  0 0 0 0 0 0 0 0 0 0 63313
0 0  0 0 0 0 0 0 0 0 0 0 63364
0 0  0 0 0 0 0 0 0 0 0 0 63414
0 0  0 0 0 0 0 0 0 0 0 0 63465
0 0  0 0 0 0 0 0 0 0 0 0 63516
0 0  0 0 0 0 0 0 0 0 0 0 63566
0 0  0 0 0 0 0 0 0 0 0 0 63617
0 0  0 0 0 0 0 0 0 0 0 0 63667
0 0  0 0 0 0 0 0 0 0 0 0 63718
0 0  0 0 0 0 0 0 0 0 0 0 63769
0 0  0 0 0 0 0 0 0 0 0 0 63820
0 0  0 0 0 0 0 0 0 0 0 0 63872
0 0  0 0 0 0 0 0 0 0 0 0 63922
0 0  0 0 0 0 0 0 0 0 0 0 63972
0 0  0 0 0 0 0 0 0 0 0 0 64023
0 0  0 0 0 0 0 0 0 0 0 0 64074
0 0  0 0 0 0 0 0 0 0 0 0 64125
0 0  0 0 0 0 0 0 0 0 0 0 64176
0 0  0 0 0 0 0 0 0 0 0 0 64227
0 0  0 0 0 0 0 0 0 0 0 0 64278
0 0  0 0 0 0 0 0 0 0 0 0 64330
0 0  0 0 0 0 0 0 0 0 0 0 64381
0 0  0 0 0 0 0 0 0 0 0 0 64433
0 0  0 0 0 0 0 0 0 0 0 0 64485
0 0  0 0 0 0 0 0 0 0 0 0 64536
0 0  0 0 0 0 0 0 0 0 0 0 64587
0 0  0 0 0 0 0 0 0 0 0 0 64638
0 0  0 0 0 0 0 0 0 0 0 0 64689
0 0  0 0 0 0 0 0 0 0 0 0 64739
0 0  0 0 0 0 0 0 0 0 0 0 64790
0 0  0 0 0 0 0 0 0 0 0 0 64841
0 0  0 0 0 0 0 0 0 0 0 0 64891
0 0  0 0 0 0 0 0 0 0 0 0 64943
0 0  0 0 0 0 0 0 0 0 0 0 64994
0 0  0 0 0 0 0 0 0 0 0 0 65045
0 0  0 0 0 0 0 0 0 0 0 0 65096
0 0  0 0 0 0 0 0 0 0 0 0 65148
0 0  0 0 0 0 0 0 0 0 0 0 65199
0 0  0 0 0 0 0 0 0 0 0 0 65251
0 0  0 0 0 0 0 0 0 0 0 0 65302
0 0  0 0 0 0 0 0 0 0 0 0 65353
0 0  0 0 0 0 0 0 0 0 0 0 65403
0 0  0 0 0 0 0 0 0 0 0 0 65454
0 0  0 0 0 0 0 0 0 0 0 0 65505
0 0  0 0 0 0 0 0 0 0 0 0 65555
0 0  0 0 0 0 0 0 0 0 0 0 65606
0 0  0 0 0 0 0 0 0 0 0 0 65656
0 0  0 0 0 0 0 0 0 0 0 0 65707
0 0  0 0 0 0 0 0 0 0 0 0 65757
0 0  0 0 0 0 0 0 0 0 0 0 65808
0 0  0 0 0 0 0 0 0 0 0 0 65859
0 0  0 0 0 0 0 0 0 0 0 0 65909
0 0  0 0 0 0 0 0 0 0 0 0 65960
0 0  0 0 0 0 0 0 0 0 0 0 66010
0 0  0 0 0 0 0 0 0 0 0 0 66061
0 0  0 0 0 0 0 0 0 0 0 0 66112
0 0  0 0 0 0 0 0 0 0 0 0 66162
0 0  0 0 0 0 0 0 0 0 0 0 66213
0 0  0 0 0 0 0 0 0 0 0 0 66264
0 0  0 0 0 0 0 0 0 0 0 0 66315
0 0  0 0 0 0 0 0 0 0 0 0 66367
0 0  0 0 0 0 0 0 0 0 0 0 66419
0 0  0 0 0 0 0 0 0 0 0 0 66470
0 0  0 0 0 0 0 0 0 0 0 0 66521
0 0  0 0 0 0 0 0 0 0 0 0 66572
0 0  0 0 0 0 0 0 0 0 0 0 66624
0 0  0 0 0 0 0 0 0 0 0 0 66674
0 0  0 0 0 0 0 0 0 0 0 0 66725
0 0  0 0 0 0 0 0 0 0 0 0 66775
0 0  0 0 0 0 0 0 0 0 0 0 66826
0 0  0 0 0 0 0 0 0 0 0 0 66877
0 0  0 0 0 0 0 0 0 0 0 0 66927
0 0  0 0 0 0 0 0 0 0 0 0 66978
0 0  0 0 0 0 0 0 0 0 0 0 67028
0 0  0 0 0 0 0 0 0 0 0 0 67079
0 0  0 0 0 0 0 0 0 0 0 0 67129
0 0  0 0 0 0 0 0 0 0 0 0 67180
0 0  0 0 0 0 0 0 0 0 0 0 67231
0 0  0 0 0 0 0 0 0 0 0 0 67281
0 0  0 0 0 0 0 0 0 0 0 0 67332
0 0  0 0 0 0 0 0 0 0 0 0 67382
0 0  0 0 0 0 0 0 0 0 0 0 67434
0 0  0 0 0 0 0 0 0 0 0 0 67485
0 0  0 0 0 0 0 0 0 0 0 0 67536
0 0  0 0 0 0 0 0 0 0 0 0 67587
0 0  0 0 0 0 0 0 0 0 0 0 67638
0 0  0 0 0 0 0 0 0 0 0 0 67689
0 0  0 0 0 0 0 0 0 0 0 0 67739
0 0  0 0 0 0 0 0 0 0 0 0 67790
0 0  0 0 0 0 0 0 0 0 0 0 67842
0 0  0 0 0 0 0 0 0 0 0 0 67894
0 0  0 0 0 0 0 0 0 0 0 0 67945
0 0  0 0 0 0 0 0 0 0 0 0 67995
0 0  0 0 0 0 0 0 0 0 0 0 68046
0 0  0 0 0 0 0 0 0 0 0 0 68097
0 0  0 0 0 0 0 0 0 0 0 0 68147
0 0  0 0 0 0 0 0 0 0 0 0 68198
0 0  0 0 0 0 0 0 0 0 0 0 68248
0 0  0 0 0 0 0 0 0 0 0 0 68299
0 0  0 0 0 0 0 0 0 0 0 0 68350
0 0  0 0 0 0 0 0 0 0 0 0 68400
0 0  0 0 0 0 0 0 0 0 0 0 68451
