0 0 0.0019496 0.192603 0.427244 0.237069 0.00475774 0.00183102 0.0251531 0.196755 0 0 0 0 0 0 0 0 0 0 0 8954
0 0 0.0019496 0.192603 0.427244 0.237069 0.00475774 0.00183102 0.0251531 0.196755 0 0 0 0 0 0 0 0 0 0 0 9005
0 0 0.00194604 0.192646 0.427284 0.186942 0.00470738 0.00182993 0.0253035 0.196621 0 0 0 0 0 0 0 0 0 0 0 9056
0 0 0.0019532 0.192675 0.427642 0.127595 0.00464447 0.00182921 0.0254351 0.196358 0 0 0 0 0 0 0 0 0 0 0 9109
0 0 0.00195865 0.192678 0.427954 0.115889 0.00458596 0.0018291 0.025496 0.196131 0 0 0 0 0 0 0 0 0 0 0 9159
0 0 0.00196224 0.192677 0.427755 0.117625 0.00457965 0.00182917 0.0254771 0.196037 0 0 0 0 0 0 0 0 0 0 0 9210
0 0 0.00195991 0.192677 0.427397 0.127422 0.00451164 0.00182912 0.0256504 0.195483 0 0 0 0 0 0 0 0 0 0 0 9262
0 0 0.00195225 0.192678 0.427131 0.128257 0.00445978 0.0018291 0.0262088 0.195705 0 0 0 0 0 0 0 0 0 0 0 9313
0 0 0.00195869 0.192679 0.426516 0.135817 0.00440203 0.00182902 0.0265098 0.195333 0 0 0 0 0 0 0 0 0 0 0 9365
0 0 0.0019577 0.192678 0.426405 0.147803 0.00438304 0.00182902 0.0267378 0.195332 0 0 0 0 0 0 0 0 0 0 0 9416
0 0 0.0019623 0.192666 0.425572 0.175892 0.00452612 0.00182954 0.0256397 0.195325 0 0 0 0 0 0 0 0 0 0 0 9472
0 0 0.00196661 0.192652 0.425383 0.228426 0.0045731 0.00183008 0.0250628 0.195159 0 0 0 0 0 0 0 0 0 0 0 9522
0 0 0.00196958 0.1926 0.424858 0.307766 0.00460037 0.00183145 0.0235988 0.195127 0 0 0 0 0 0 0 0 0 0 0 9573
0 0 0.00198409 0.192463 0.423061 0.549669 0.0046173 0.00183479 0.015695 0.194959 0 0 0 0 0 0 0 0 0 0 0 9624
0 0 0.00199645 0.192072 0.420677 8.9263 0.00461265 0.00184371 0.00796449 0.194809 -8.941 0 0 0 0 0 0 0 0 0 0 9675
0 0 0.00201794 0.191153 0.415332 36.6045 0.00460597 0.00186487 0.00522981 0.194834 -17.5093 0 0 0 0 0 0 0 0 0 0 9726
0 0 0.00203034 0.188712 0.408088 43.8778 0.00460525 0.0019218 0.00480061 0.194851 -18.9051 0 0 0 0 0 0 0 0 0 0 9778
0 0 0.00195181 0.177781 0.39649 2.58429 0.00440564 0.0021909 0.0100899 0.195001 -1.91098 0 0 0 0 0 0 0 0 0 0 9829
0 0 0 0 0 0 0 0 0 0 0 0 0 0 0 0 0 0 0 0 0 9881
0 0 0 0 0 0 0 0 0 0 0 0 0 0 0 0 0 0 0 0 0 9933
0 0 0 0 0 0 0 0 0 0 0 0 0 0 0 0 0 0 0 0 0 9983
0 0 0 0 0 0 0 0 0 0 0 0 0 0 0 0 0 0 0 0 0 10035
0 0 0 0 0 0 0 0 0 0 0 0 0 0 0 0 0 0 0 0 0 10086
0 0 0 0 0 0 0 0 0 0 0 0 0 0 0 0 0 0 0 0 0 10138
0 0 0 0 0 0 0 0 0 0 0 0 0 0 0 0 0 0 0 0 0 10188
0 0 0.000123793 0.00284625 0.0184089 70.8781 0.000107424 23.6121 0.000212607 0.401047 53.7004 0 0 0 0 0 0 0 0 0 0 10239
0 0 0 0 0 0 0 0 0 0 0 0 0 0 0 0 0 0 0 0 0 10291
0 0 7.7654e-05 0.00206081 0.0125932 81.8237 8.04827e-05 36.1815 0.000190901 0.350743 58.282 0 0 0 0 0 0 0 0 0 0 10342
0 0 0 0 0 0 0 0 0 0 0 0 0 0 0 0 0 0 0 0 0 10393
0 0 0 0 0 0 0 0 0 0 0 0 0 0 0 0 0 0 0 0 0 10445
0 0 0.000644433 0.0407129 0.126902 1.50817 0.00113722 0.0629352 0.00462935 0.23501 16.0616 0 0 0 0 0 0 0 0 0 0 10497
0 0 0 0 0 0 0 0 0 0 0 0 0 0 0 0 0 0 0 0 0 10547
0 0 0.00145839 0.119266 0.30016 0.196983 0.00294796 0.00558394 0.0138428 0.212139 0.857005 0 0 0 0 0 0 0 0 0 0 10599
0 0 0 0 0 0 0 0 0 0 0 0 0 0 0 0 0 0 0 0 0 10651
0 0 0.00197812 0.169695 0.406046 0.101196 0.00398905 0.00257143 0.0191195 0.212155 0 0 0 0 0 0 0 0 0 0 0 10702
0 0 0 0 0 0 0 0 0 0 0 0 0 0 0 0 0 0 0 0 0 10752
0 0 0 0 0 0 0 0 0 0 0 0 0 0 0 0 0 0 0 0 0 10804
0 0 0.00215239 0.190398 0.444512 0.0974401 0.00434205 0.00197983 0.0215621 0.211609 0 0 0 0 0 0 0 0 0 0 0 10856
0 0 0 0 0 0 0 0 0 0 0 0 0 0 0 0 0 0 0 0 0 10907
0 0 0 0 0 0 0 0 0 0 0 0 0 0 0 0 0 0 0 0 0 10957
0 0 0.00224493 0.192556 0.456736 0.104301 0.00437282 0.00196566 0.0211075 0.217041 0 0 0 0 0 0 0 0 0 0 0 11008
0 0 0 0 0 0 0 0 0 0 0 0 0 0 0 0 0 0 0 0 0 11058
0 0 0 0 0 0 0 0 0 0 0 0 0 0 0 0 0 0 0 0 0 12149
0 0 0 0 0 0 0 0 0 0 0 0 0 0 0 0 0 0 0 0 0 12199
0 0 0 0 0 0 0 0 0 0 0 0 0 0 0 0 0 0 0 0 0 12249
0 0 0 0 0 0 0 0 0 0 0 0 0 0 0 0 0 0 0 0 0 12300
0 0 0 0 0 0 0 0 0 0 0 0 0 0 0 0 0 0 0 0 0 12351
0 0 0 0 0 0 0 0 0 0 0 0 0 0 0 0 0 0 0 0 0 12402
0 0 0 0 0 0 0 0 0 0 0 0 0 0 0 0 0 0 0 0 0 12452
0 0 0 0 0 0 0 0 0 0 0 0 0 0 0 0 0 0 0 0 0 12503
0 0 0 0 0 0 0 0 0 0 0 0 0 0 0 0 0 0 0 0 0 12554
0 0 0 0 0 0 0 0 0 0 0 0 0 0 0 0 0 0 0 0 0 12605
0 0 0.00239915 0.187757 0.468787 0.126096 0.00432504 0.00217958 0.0193596 0.227359 0 0 0 0 0 0 0 0 0 0 0 12660
0 0 0.00209984 0.181476 0.430344 49.2899 0.00426382 0.00221959 0.00390216 0.210337 -18.9861 0 0 0 0 0 0 0 0 0 0 12710
0 0 0.0019309 0.172988 0.40365 49.0957 0.00410807 0.00241005 0.00387959 0.203884 -18.0153 0 0 0 0 0 0 0 0 0 0 12761
0 0 0.00146407 0.133087 0.313809 49.4296 0.00328067 0.00417976 0.00319041 0.197901 -14.0239 0 0 0 0 0 0 0 0 0 0 12813
0 0 0.00109596 0.0960537 0.234484 49.5279 0.00248015 0.00852406 0.00237472 0.198271 -9.28441 0 0 0 0 0 0 0 0 0 0 12865
0 0 0.000760956 0.0573852 0.140728 49.5021 0.00157865 0.0259797 0.00150771 0.195736 -2.18648 0 0 0 0 0 0 0 0 0 0 12917
0 0 0.00244884 0.0097771 0.00308644 49.5709 0.000347445 1.21914 0.000146254 0.195954 0 0 0 0 0 0 0 0 0 0 0 12968
0 0 0.000865198 0.00335046 0.0013606 64.0884 0.00015545 11.3219 5.89384e-05 0.195875 0.341838 0 0 0 0 0 0 0 0 0 0 13018
0 0 0.000565605 0.00113798 0.00032739 93.3153 8.36682e-05 57.3724 1.93318e-05 0.195898 12.1707 0 0 0 0 0 0 0 0 0 0 13069
0 0 0.000197288 0.000258993 7.0546e-05 99.5747 7.5237e-05 97.1459 4.81001e-06 0.196544 32.0779 0 0 0 0 0 0 0 0 0 0 13121
0 0 0.000140382 0.000155469 4.04764e-05 99.8388 8.79895e-05 99.0447 2.94534e-06 0.196482 39.8513 0 0 0 0 0 0 0 0 0 0 13172
0 0 0.000148539 0.000150774 3.81356e-05 99.8479 8.92834e-05 99.1054 2.84876e-06 0.196401 39.8365 0 0 0 0 0 0 0 0 0 0 13223
0 0 0.000157011 0.000131071 2.89576e-05 99.8836 8.38274e-05 99.3405 2.38181e-06 0.196643 40.7689 0 0 0 0 0 0 0 0 0 0 13274
0 0 0.000131523 0.000120787 2.97439e-05 99.9006 7.92465e-05 99.4493 2.2808e-06 0.196792 41.4347 0 0 0 0 0 0 0 0 0 0 13325
0 0 0.000127355 0.00011566 2.96885e-05 99.9089 7.65058e-05 99.5019 2.22088e-06 0.197063 41.2228 0 0 0 0 0 0 0 0 0 0 13382
0 0 9.4049e-05 0.000114915 3.59457e-05 99.912 7.54378e-05 99.5193 2.36552e-06 0.196182 43.296 0 0 0 0 0 0 0 0 0 0 13433
0 0 9.36085e-05 0.000115938 3.48707e-05 99.9129 7.55318e-05 99.5234 2.34146e-06 0.195893 43.4289 0 0 0 0 0 0 0 0 0 0 13483
0 0 9.44058e-05 0.000115979 3.54856e-05 99.9142 7.52105e-05 99.531 2.35103e-06 0.195929 43.2242 0 0 0 0 0 0 0 0 0 0 13534
0 0 8.01413e-05 0.000115917 3.8871e-05 99.9142 7.54237e-05 99.5317 2.41427e-06 0.196286 44.4878 0 0 0 0 0 0 0 0 0 0 13586
0 0 8.04877e-05 0.000116546 3.92238e-05 99.9138 7.56072e-05 99.5286 2.42431e-06 0.196096 44.4347 0 0 0 0 0 0 0 0 0 0 13641
0 0 6.8727e-05 0.000117035 4.50569e-05 99.9135 7.55012e-05 99.5269 2.50426e-06 0.195957 45.6061 0 0 0 0 0 0 0 0 0 0 13692
0 0 4.63016e-05 0.000117344 6.3587e-05 99.9133 7.57092e-05 99.5258 2.79919e-06 0.196251 48.2836 0 0 0 0 0 0 0 0 0 0 13743
0 0 4.31075e-05 0.00011715 6.48071e-05 99.9134 7.5732e-05 99.5273 2.80036e-06 0.19658 48.9257 0 0 0 0 0 0 0 0 0 0 13795
0 0 2.80063e-05 0.000117251 9.69483e-05 99.9134 7.56435e-05 99.529 3.18425e-06 0.197565 51.7542 0 0 0 0 0 0 0 0 0 0 13845
0 0 2.62946e-05 0.000117353 0.000100816 99.9131 7.5677e-05 99.5281 3.213e-06 0.198013 52.3019 0 0 0 0 0 0 0 0 0 0 13896
0 0 3.06077e-05 0.000116999 9.21679e-05 99.9133 7.55591e-05 99.5335 3.0523e-06 0.200161 51.1817 0 0 0 0 0 0 0 0 0 0 13947
0 0 2.87366e-05 0.000116659 9.72989e-05 99.9135 7.53939e-05 99.5367 3.07104e-06 0.201177 51.5991 0 0 0 0 0 0 0 0 0 0 14000
0 0 2.59895e-05 0.000116816 0.000105407 99.9132 7.53671e-05 99.5358 3.13905e-06 0.201513 52.3766 0 0 0 0 0 0 0 0 0 0 14050
0 0 2.30459e-05 0.000117396 0.000117137 99.9125 7.54134e-05 99.5345 3.19794e-06 0.203063 53.2858 0 0 0 0 0 0 0 0 0 0 14102
0 0 1.85557e-05 0.000117802 0.000144471 99.9122 7.55155e-05 99.5356 3.40845e-06 0.204633 54.868 0 0 0 0 0 0 0 0 0 0 14154
0 0 1.92167e-05 0.000119976 0.000149931 99.9104 7.63241e-05 99.5265 3.45932e-06 0.205748 54.6784 0 0 0 0 0 0 0 0 0 0 14205
0 0 1.75147e-05 0.000129526 0.00015848 99.9011 8.00106e-05 99.462 4.27546e-06 0.20188 58.1102 0 0 0 0 0 0 0 0 0 0 14257
0 0 1.25553e-05 0.000194766 0.000361276 99.8076 0.000109249 98.8319 2.79319e-05 0.197568 83.7162 0 0 0 0 0 0 0 0 0 0 14307
0 0 1.53409e-05 0.000297308 0.000589753 99.5806 0.000157483 97.1731 5.13881e-05 0.196365 81.0419 0 0 0 0 0 0 0 0 0 0 14358
0 0 2.30904e-05 0.000639871 0.00143888 98.2392 0.000308777 86.691 0.000112683 0.195399 71.6746 0 0 0 0 0 0 0 0 0 0 14409
0 0 4.38227e-05 0.001685 0.00420962 89.3558 0.000742085 42.6281 0.000297602 0.19556 58.9276 0 0 0 0 0 0 0 0 0 0 14461
0 0 9.53628e-05 0.00468903 0.0116272 53.6518 0.00184955 7.1216 0.000790517 0.195787 45.0268 0 0 0 0 0 0 0 0 0 0 14512
0 0 0.000302809 0.0188637 0.0432782 27.9671 0.00625391 0.342762 0.00291825 0.196417 25.4934 0 0 0 0 0 0 0 0 0 0 14564
0 0 0.00113214 0.0941602 0.20082 20.3838 0.0185181 0.00929598 0.0137142 0.197726 2.87048 0 0 0 0 0 0 0 0 0 0 14616
0 0 0.00161043 0.14402 0.300778 14.7921 0.0129389 0.00353632 0.0206163 0.197878 0 0 0 0 0 0 0 0 0 0 0 14667
0 0 0.00177476 0.170024 0.366214 9.18862 0.00650819 0.00241933 0.0244555 0.196879 0 0 0 0 0 0 0 0 0 0 0 14717
0 0 0.00182948 0.173035 0.371796 9.54278 0.00578813 0.00232838 0.0240732 0.195276 0 0 0 0 0 0 0 0 0 0 0 14771
0 0 0.00190028 0.17362 0.36385 9.06761 0.00555524 0.00231157 0.0227198 0.194791 0 0 0 0 0 0 0 0 0 0 0 14822
0 0 0.00205568 0.172467 0.339964 11.4043 0.00560675 0.00234955 0.00893551 0.193717 -3.76418 0 0 0 0 0 0 0 0 0 0 14873
0 0 0.00205568 0.172467 0.339964 11.4043 0.00560675 0.00234955 0.00893551 0.193717 -3.76418 0 0 0 0 0 0 0 0 0 0 14924
0 0 0.00224316 0.171567 0.313232 38.906 0.00566265 0.00237972 0.00448365 0.193603 -17.7159 0 0 0 0 0 0 0 0 0 0 14975
0 0 0.00302142 0.165144 0.229501 49.9741 0.0056353 0.00260341 0.00347332 0.194151 -21.6525 0 0 0 0 0 0 0 0 0 0 15025
0 0 0.00396442 0.170055 0.19511 50.1468 0.00509241 0.00244623 0.00329657 0.19487 -24.0007 0 0 0 0 0 0 0 0 0 0 15076
0 0 0.00415307 0.168294 0.186506 50.1577 0.0054311 0.00250533 0.00323419 0.194984 -24.3037 0 0 0 0 0 0 0 0 0 0 15128
0 0 0.00600647 0.15962 0.13511 50.1015 0.00624589 0.00282053 0.00279466 0.195665 -26.816 0 0 0 0 0 0 0 0 0 0 15181
0 0 0.00972571 0.136613 0.0785503 50.0806 0.00822699 0.00397215 0.00211863 0.19484 -29.3415 0 0 0 0 0 0 0 0 0 0 15231
0 0 0.0185497 0.101081 0.0306523 49.9844 0.0115813 0.00774178 0.00129143 0.193906 -31.7035 0 0 0 0 0 0 0 0 0 0 15283
0 0 0.0169368 0.0527538 0.0127502 50.0251 0.01118 0.0328661 0.000651236 0.193047 -25.6208 0 0 0 0 0 0 0 0 0 0 15334
0 0 0.00673588 0.0194948 0.00615507 49.9675 0.00591403 0.299646 0.000279615 0.192814 -10.4071 0 0 0 0 0 0 0 0 0 0 15388
0 0 0.000634793 0.00167235 0.000734894 88.8677 0.000742567 41.2064 3.12379e-05 0.193837 7.58984 0 0 0 0 0 0 0 0 0 0 15439
0 0 0.00025331 0.00109938 0.000701202 94.694 0.000512785 63.741 2.56013e-05 0.19346 19.0753 0 0 0 0 0 0 0 0 0 0 15490
0 0 9.60497e-05 0.000856712 0.000897855 96.6833 0.00041068 75.4586 3.77125e-05 0.193126 36.8956 0 0 0 0 0 0 0 0 0 0 15541
0 0 0.000117966 0.00210321 0.00285632 83.8819 0.0009051 29.8666 0.000232513 0.192838 45.2249 0 0 0 0 0 0 0 0 0 0 15592
0 0 8.37835e-05 0.00215295 0.00371534 83.5644 0.000917566 29.3289 0.000323468 0.193183 51.9616 0 0 0 0 0 0 0 0 0 0 15643
0 0 5.77453e-05 0.00238289 0.00572265 80.6 0.00101039 24.7867 0.000408949 0.193265 54.3438 0 0 0 0 0 0 0 0 0 0 15696
0 0 6.31611e-05 0.0031686 0.00846955 70.392 0.00131004 14.8042 0.000557812 0.193346 51.3332 0 0 0 0 0 0 0 0 0 0 15746
0 0 0.000293929 0.0207707 0.0518985 21.2705 0.00688579 0.26255 0.0032792 0.193939 25.1207 0 0 0 0 0 0 0 0 0 0 15797
0 0 0.000681595 0.0548533 0.127123 17.0866 0.0146492 0.030267 0.00810665 0.193727 11.3114 0 0 0 0 0 0 0 0 0 0 15848
0 0 0.00117445 0.103129 0.228321 10.7973 0.0189443 0.00739901 0.0148071 0.193147 2.31766 0 0 0 0 0 0 0 0 0 0 15899
0 0 0.00155653 0.143909 0.313182 6.50781 0.014453 0.0035037 0.0203985 0.192914 0 0 0 0 0 0 0 0 0 0 0 15952
0 0 0.00192619 0.184532 0.395344 2.68199 0.00612216 0.0019941 0.0263205 0.192996 0 0 0 0 0 0 0 0 0 0 0 16004
0 0 0.00196059 0.187382 0.400817 2.05918 0.00561668 0.00192405 0.026621 0.192392 0 0 0 0 0 0 0 0 0 0 0 16055
0 0 0.00201992 0.191902 0.409647 1.07554 0.00506806 0.00181606 0.027387 0.190581 0 0 0 0 0 0 0 0 0 0 0 16105
0 0 0.00205208 0.193965 0.413279 0.725707 0.00489787 0.00177153 0.027497 0.189819 0 0 0 0 0 0 0 0 0 0 0 16156
0 0 0.00212596 0.196369 0.414265 0.341613 0.00487118 0.00170945 0.0283822 0.186363 0 0 0 0 0 0 0 0 0 0 0 16207
0 0 0.00211998 0.196159 0.41455 0.293372 0.00484034 0.00171658 0.0280557 0.186922 0 0 0 0 0 0 0 0 0 0 0 16258
0 0 0.00211182 0.1955 0.411936 0.252085 0.00478661 0.00173735 0.0273302 0.188531 0 0 0 0 0 0 0 0 0 0 0 16309
0 0 0.00210892 0.194938 0.409146 0.238542 0.00475336 0.00175546 0.0265715 0.189974 0 0 0 0 0 0 0 0 0 0 0 16360
0 0 0.00224372 0.195549 0.394215 0.310335 0.0047767 0.00173809 0.0193788 0.187704 0 0 0 0 0 0 0 0 0 0 0 16411
0 0 0.00233079 0.195976 0.384891 8.92448 0.00480075 0.00172522 0.00864507 0.186276 -9.72101 0 0 0 0 0 0 0 0 0 0 16463
0 0 0.00242015 0.195662 0.371685 27.2143 0.00481788 0.00173494 0.00615062 0.186637 -16.3585 0 0 0 0 0 0 0 0 0 0 16514
0 0 0.00258828 0.193922 0.342271 41.047 0.00482682 0.00178273 0.0050126 0.189445 -19.8842 0 0 0 0 0 0 0 0 0 0 16564
0 0 0.00272954 0.192586 0.32306 43.7994 0.00485532 0.00181439 0.00473443 0.190056 -20.7874 0 0 0 0 0 0 0 0 0 0 16614
0 0 0.00311896 0.190397 0.282225 44.148 0.0049305 0.00186312 0.00447084 0.190274 -21.746 0 0 0 0 0 0 0 0 0 0 16664
0 0 0.00331692 0.186938 0.263088 38.6737 0.00502621 0.00194268 0.0045203 0.190664 -21.0013 0 0 0 0 0 0 0 0 0 0 16715
0 0 0.00338704 0.183233 0.249723 2.08497 0.00506327 0.00203503 0.0119613 0.191604 -0.286255 0 0 0 0 0 0 0 0 0 0 16766
0 0 0.00309692 0.183532 0.269793 2.11387 0.00506839 0.00202367 0.019662 0.19093 0 0 0 0 0 0 0 0 0 0 0 16817
0 0 0.00262356 0.179104 0.29866 2.9867 0.00525084 0.00213532 0.0219496 0.190836 0 0 0 0 0 0 0 0 0 0 0 16867
0 0 0.0024361 0.179776 0.319664 3.42718 0.00528998 0.00211355 0.0226046 0.189903 0 0 0 0 0 0 0 0 0 0 0 16921
0 0 0.0022271 0.178323 0.338789 3.59432 0.0052547 0.00215286 0.0228986 0.190296 0 0 0 0 0 0 0 0 0 0 0 16972
0 0 0.00201048 0.177661 0.366073 3.59821 0.0051402 0.00216948 0.0236684 0.190091 0 0 0 0 0 0 0 0 0 0 0 17024
0 0 0.00201048 0.177661 0.366073 3.59821 0.0051402 0.00216948 0.0236684 0.190091 0 0 0 0 0 0 0 0 0 0 0 17075
0 0 0.00191462 0.174289 0.368112 4.1222 0.0052033 0.00227196 0.0232522 0.191041 0 0 0 0 0 0 0 0 0 0 0 17126
0 0 0.00177465 0.161831 0.347425 4.38649 0.00539125 0.00268469 0.0216732 0.191226 0 0 0 0 0 0 0 0 0 0 0 17178
0 0 0.0010846 0.0942043 0.214473 9.51188 0.00895446 0.00897848 0.011025 0.192358 0.525864 0 0 0 0 0 0 0 0 0 0 17228
0 0 0.0010846 0.0942043 0.214473 9.51188 0.00895446 0.00897848 0.011025 0.192358 0.525864 0 0 0 0 0 0 0 0 0 0 17280
0 0 0.00109207 0.0895942 0.195418 21.1649 0.0126595 0.0100645 0.00316811 0.191828 -2.23219 0 0 0 0 0 0 0 0 0 0 17332
0 0 0.00108992 0.080465 0.16275 47.8922 0.0141115 0.0127951 0.00209339 0.191972 -7.18742 0 0 0 0 0 0 0 0 0 0 17382
0 0 0.00112203 0.0792998 0.165688 50.3514 0.0125396 0.0131181 0.00201643 0.192228 -7.97228 0 0 0 0 0 0 0 0 0 0 17433
0 0 0.00112203 0.0792998 0.165688 50.3514 0.0125396 0.0131181 0.00201643 0.192228 -7.97228 0 0 0 0 0 0 0 0 0 0 17483
0 0 0.0010937 0.0747475 0.153671 42.2485 0.00713181 0.0147621 0.00201355 0.192642 -5.62412 0 0 0 0 0 0 0 0 0 0 17533
0 0 0 0 0 0 0 0 0 0 0 0 0 0 0 0 0 0 0 0 0 17585
0 0 0 0 0 0 0 0 0 0 0 0 0 0 0 0 0 0 0 0 0 17636
0 0 0 0 0 0 0 0 0 0 0 0 0 0 0 0 0 0 0 0 0 17687
0 0 0 0 0 0 0 0 0 0 0 0 0 0 0 0 0 0 0 0 0 17739
0 0 0 0 0 0 0 0 0 0 0 0 0 0 0 0 0 0 0 0 0 17789
0 0 0 0 0 0 0 0 0 0 0 0 0 0 0 0 0 0 0 0 0 17841
0 0 0.000766991 0.0657865 0.167728 0.611127 0.00199394 0.0192829 0.00917332 0.195025 9.19315 0 0 0 0 0 0 0 0 0 0 17892
0 0 0.000251563 0.0187282 0.0562205 6.31701 0.000915925 0.299429 0.00296676 0.195385 26.899 0 0 0 0 0 0 0 0 0 0 17942
0 0 0.000149204 0.0103687 0.0336262 17.228 0.000762804 1.08223 0.00054126 0.195714 12.9715 0 0 0 0 0 0 0 0 0 0 17992
0 0 4.69797e-06 0.000213018 0.00112787 99.7075 0.000114938 98.1313 1.05433e-05 0.195247 59.5789 0 0 0 0 0 0 0 0 0 0 18044
0 0 2.79605e-06 0.00011697 0.000659687 99.9064 7.58826e-05 99.4855 6.23138e-06 0.194451 67.9443 0 0 0 0 0 0 0 0 0 0 18094
0 0 2.90496e-06 0.000111807 0.000618441 99.9141 7.3292e-05 99.5329 5.95535e-06 0.194125 67.2712 0 0 0 0 0 0 0 0 0 0 18147
0 0 4.66196e-06 0.000111283 0.000512396 99.9149 7.34233e-05 99.5371 5.67135e-06 0.194615 63.169 0 0 0 0 0 0 0 0 0 0 18197
0 0 2.28251e-05 0.00010972 0.000227056 99.9171 7.27458e-05 99.5505 4.28817e-06 0.194728 50.4668 0 0 0 0 0 0 0 0 0 0 18247
0 0 2.77603e-05 0.000109709 0.000203266 99.9171 7.27566e-05 99.5506 4.13784e-06 0.194821 48.9353 0 0 0 0 0 0 0 0 0 0 18302
0 0 2.54795e-05 0.00011056 0.000212613 99.916 7.32587e-05 99.5435 4.24734e-06 0.194884 49.6902 0 0 0 0 0 0 0 0 0 0 18354
0 0 3.00873e-05 0.000112403 0.00017138 99.9134 7.42128e-05 99.5277 4.05115e-06 0.195046 49.282 0 0 0 0 0 0 0 0 0 0 18404
0 0 1.90373e-05 0.000128621 0.000226894 99.8884 8.33877e-05 99.369 1.1248e-05 0.196668 69.6367 0 0 0 0 0 0 0 0 0 0 18456
0 0 1.1685e-05 0.000160098 0.000399502 99.8307 9.88261e-05 98.9863 3.25097e-05 0.19699 85.2198 0 0 0 0 0 0 0 0 0 0 18507
0 0 1.04e-05 0.000247032 0.00079422 99.6151 0.000136574 97.4373 5.85954e-05 0.197673 83.3343 0 0 0 0 0 0 0 0 0 0 18558
0 0 1.04e-05 0.000247032 0.00079422 99.6151 0.000136574 97.4373 5.85954e-05 0.197673 83.3343 0 0 0 0 0 0 0 0 0 0 18609
0 0 2.40636e-05 0.00105991 0.00372281 94.1891 0.000432844 61.3896 0.000235315 0.197374 65.6979 0 0 0 0 0 0 0 0 0 0 18661
0 0 0.000157664 0.0106617 0.0302644 17.447 0.00375214 1.08849 0.00184345 0.196708 34.4512 0 0 0 0 0 0 0 0 0 0 18713
0 0 0.000320078 0.0245358 0.0651292 4.07973 0.00717701 0.174945 0.0039351 0.196421 22.8387 0 0 0 0 0 0 0 0 0 0 18763
0 0 0.00054397 0.0452651 0.114115 1.79377 0.0105053 0.0451542 0.00686961 0.19627 14.2165 0 0 0 0 0 0 0 0 0 0 18814
0 0 0.00143776 0.13527 0.304424 0.661961 0.00859797 0.00399787 0.0186109 0.195801 0 0 0 0 0 0 0 0 0 0 0 18864
0 0 0.00181852 0.175454 0.384604 0.405292 0.00519738 0.00224342 0.0235928 0.194598 0 0 0 0 0 0 0 0 0 0 0 18914
0 0 0.00181852 0.175454 0.384604 0.405292 0.00519738 0.00224342 0.0235928 0.194598 0 0 0 0 0 0 0 0 0 0 0 18965
0 0 0.00187649 0.18128 0.39566 0.348917 0.0049551 0.00208519 0.0243435 0.194265 0 0 0 0 0 0 0 0 0 0 0 19015
0 0 0.00202344 0.192247 0.414191 0.209955 0.00469729 0.0018193 0.0259016 0.191011 0 0 0 0 0 0 0 0 0 0 0 19065
0 0 0.0020758 0.19475 0.417285 0.168423 0.00471363 0.00175909 0.0266889 0.188896 0 0 0 0 0 0 0 0 0 0 0 19118
0 0 0.00213533 0.196094 0.418019 0.153551 0.00473588 0.0017205 0.0273006 0.185635 0 0 0 0 0 0 0 0 0 0 0 19170
0 0 0.00215447 0.196516 0.418344 0.153559 0.0047506 0.00170819 0.0275435 0.184618 0 0 0 0 0 0 0 0 0 0 0 19223
0 0 0.00222304 0.198081 0.418465 0.143994 0.00476717 0.00166205 0.0288581 0.180945 0 0 0 0 0 0 0 0 0 0 0 19273
0 0 0.0022578 0.198728 0.417561 0.125512 0.00451494 0.00164367 0.0310294 0.182016 0 0 0 0 0 0 0 0 0 0 0 19324
0 0 0.00224187 0.198524 0.417942 0.12622 0.00450013 0.00164966 0.0309874 0.182826 0 0 0 0 0 0 0 0 0 0 0 19377
0 0 0.00222317 0.198381 0.41855 0.138522 0.0044009 0.00165436 0.0315147 0.18542 0 0 0 0 0 0 0 0 0 0 0 19428
0 0 0.00218577 0.198148 0.419658 0.141494 0.00437712 0.00166144 0.0319055 0.187965 0 0 0 0 0 0 0 0 0 0 0 19482
0 0 0.00218577 0.198148 0.419658 0.141494 0.00437712 0.00166144 0.0319055 0.187965 0 0 0 0 0 0 0 0 0 0 0 19532
0 0 0.00216487 0.198112 0.419724 0.150558 0.00430486 0.00166272 0.032945 0.18998 0 0 0 0 0 0 0 0 0 0 0 19582
0 0 0.00214347 0.197736 0.418003 0.15064 0.00424247 0.00167321 0.0333622 0.192455 0 0 0 0 0 0 0 0 0 0 0 19632
0 0 0.00210296 0.197377 0.417052 0.150941 0.00421268 0.00168398 0.0340043 0.195837 0 0 0 0 0 0 0 0 0 0 0 19683
0 0 0.00203812 0.196053 0.417323 0.149496 0.00413263 0.00172483 0.0333985 0.200647 0 0 0 0 0 0 0 0 0 0 0 19733
0 0 0.00199468 0.195487 0.417988 0.145559 0.00414033 0.00174248 0.0334375 0.203062 0 0 0 0 0 0 0 0 0 0 0 19784
0 0 0.00199382 0.195102 0.417238 0.147032 0.00406763 0.00175481 0.0329297 0.204252 0 0 0 0 0 0 0 0 0 0 0 19834
0 0 0.00197406 0.194632 0.417252 0.14471 0.00405194 0.00176925 0.0324298 0.206076 0 0 0 0 0 0 0 0 0 0 0 19886
0 0 0.00197778 0.194377 0.416004 0.139431 0.00404484 0.00177838 0.0320892 0.206139 0 0 0 0 0 0 0 0 0 0 0 19936
0 0 0.00198094 0.193942 0.413555 0.134025 0.00396379 0.00179264 0.0318624 0.207685 0 0 0 0 0 0 0 0 0 0 0 19988
0 0 0.00197967 0.193599 0.412098 0.141854 0.0039205 0.00180478 0.0317103 0.209027 0 0 0 0 0 0 0 0 0 0 0 20043
0 0 0.00197967 0.193599 0.412098 0.141854 0.0039205 0.00180478 0.0317103 0.209027 0 0 0 0 0 0 0 0 0 0 0 20094
0 0 0.00197967 0.193599 0.412098 0.141854 0.0039205 0.00180478 0.0317103 0.209027 0 0 0 0 0 0 0 0 0 0 0 20146
0 0 0.00197967 0.193599 0.412098 0.141854 0.0039205 0.00180478 0.0317103 0.209027 0 0 0 0 0 0 0 0 0 0 0 20197
0 0 0.00197967 0.193599 0.412098 0.141854 0.0039205 0.00180478 0.0317103 0.209027 0 0 0 0 0 0 0 0 0 0 0 20248
0 0 0.00197967 0.193599 0.412098 0.141854 0.0039205 0.00180478 0.0317103 0.209027 0 0 0 0 0 0 0 0 0 0 0 20300
0 0 0.00197967 0.193599 0.412098 0.141854 0.0039205 0.00180478 0.0317103 0.209027 0 0 0 0 0 0 0 0 0 0 0 20350
0 0 0.00197967 0.193599 0.412098 0.141854 0.0039205 0.00180478 0.0317103 0.209027 0 0 0 0 0 0 0 0 0 0 0 20402
0 0 0.00197967 0.193599 0.412098 0.141854 0.0039205 0.00180478 0.0317103 0.209027 0 0 0 0 0 0 0 0 0 0 0 20452
0 0 0.00197967 0.193599 0.412098 0.141854 0.0039205 0.00180478 0.0317103 0.209027 0 0 0 0 0 0 0 0 0 0 0 20503
0 0 0.00197967 0.193599 0.412098 0.141854 0.0039205 0.00180478 0.0317103 0.209027 0 0 0 0 0 0 0 0 0 0 0 20553
0 0 0.00197967 0.193599 0.412098 0.141854 0.0039205 0.00180478 0.0317103 0.209027 0 0 0 0 0 0 0 0 0 0 0 20604
0 0 0.00197967 0.193599 0.412098 0.141854 0.0039205 0.00180478 0.0317103 0.209027 0 0 0 0 0 0 0 0 0 0 0 20654
0 0 0.00197967 0.193599 0.412098 0.141854 0.0039205 0.00180478 0.0317103 0.209027 0 0 0 0 0 0 0 0 0 0 0 20704
0 0 0.00197967 0.193599 0.412098 0.141854 0.0039205 0.00180478 0.0317103 0.209027 0 0 0 0 0 0 0 0 0 0 0 20754
0 0 0.00197967 0.193599 0.412098 0.141854 0.0039205 0.00180478 0.0317103 0.209027 0 0 0 0 0 0 0 0 0 0 0 20806
0 0 0.00197967 0.193599 0.412098 0.141854 0.0039205 0.00180478 0.0317103 0.209027 0 0 0 0 0 0 0 0 0 0 0 20857
0 0 0.00197967 0.193599 0.412098 0.141854 0.0039205 0.00180478 0.0317103 0.209027 0 0 0 0 0 0 0 0 0 0 0 20908
0 0 0.00197967 0.193599 0.412098 0.141854 0.0039205 0.00180478 0.0317103 0.209027 0 0 0 0 0 0 0 0 0 0 0 20959
0 0 0.00197967 0.193599 0.412098 0.141854 0.0039205 0.00180478 0.0317103 0.209027 0 0 0 0 0 0 0 0 0 0 0 21009
0 0 0.00197967 0.193599 0.412098 0.141854 0.0039205 0.00180478 0.0317103 0.209027 0 0 0 0 0 0 0 0 0 0 0 21060
0 0 0.00197967 0.193599 0.412098 0.141854 0.0039205 0.00180478 0.0317103 0.209027 0 0 0 0 0 0 0 0 0 0 0 21110
0 0 0.00197967 0.193599 0.412098 0.141854 0.0039205 0.00180478 0.0317103 0.209027 0 0 0 0 0 0 0 0 0 0 0 21160
0 0 0.00197967 0.193599 0.412098 0.141854 0.0039205 0.00180478 0.0317103 0.209027 0 0 0 0 0 0 0 0 0 0 0 21211
0 0 0.00197967 0.193599 0.412098 0.141854 0.0039205 0.00180478 0.0317103 0.209027 0 0 0 0 0 0 0 0 0 0 0 21261
0 0 0.00197967 0.193599 0.412098 0.141854 0.0039205 0.00180478 0.0317103 0.209027 0 0 0 0 0 0 0 0 0 0 0 21312
0 0 0.00197967 0.193599 0.412098 0.141854 0.0039205 0.00180478 0.0317103 0.209027 0 0 0 0 0 0 0 0 0 0 0 21363
0 0 0.00197967 0.193599 0.412098 0.141854 0.0039205 0.00180478 0.0317103 0.209027 0 0 0 0 0 0 0 0 0 0 0 51404
0 0 0.00197967 0.193599 0.412098 0.141854 0.0039205 0.00180478 0.0317103 0.209027 0 0 0 0 0 0 0 0 0 0 0 51456
0 0 0.00197967 0.193599 0.412098 0.141854 0.0039205 0.00180478 0.0317103 0.209027 0 0 0 0 0 0 0 0 0 0 0 51507
0 0 0.00197967 0.193599 0.412098 0.141854 0.0039205 0.00180478 0.0317103 0.209027 0 0 0 0 0 0 0 0 0 0 0 51558
0 0 0.00197967 0.193599 0.412098 0.141854 0.0039205 0.00180478 0.0317103 0.209027 0 0 0 0 0 0 0 0 0 0 0 51610
0 0 0.00197967 0.193599 0.412098 0.141854 0.0039205 0.00180478 0.0317103 0.209027 0 0 0 0 0 0 0 0 0 0 0 51661
0 0 0.00197967 0.193599 0.412098 0.141854 0.0039205 0.00180478 0.0317103 0.209027 0 0 0 0 0 0 0 0 0 0 0 51712
0 0 0.00197967 0.193599 0.412098 0.141854 0.0039205 0.00180478 0.0317103 0.209027 0 0 0 0 0 0 0 0 0 0 0 51764
0 0 0.00197967 0.193599 0.412098 0.141854 0.0039205 0.00180478 0.0317103 0.209027 0 0 0 0 0 0 0 0 0 0 0 51815
0 0 0.00197967 0.193599 0.412098 0.141854 0.0039205 0.00180478 0.0317103 0.209027 0 0 0 0 0 0 0 0 0 0 0 51865
0 0 0.00197967 0.193599 0.412098 0.141854 0.0039205 0.00180478 0.0317103 0.209027 0 0 0 0 0 0 0 0 0 0 0 51916
0 0 0.00197967 0.193599 0.412098 0.141854 0.0039205 0.00180478 0.0317103 0.209027 0 0 0 0 0 0 0 0 0 0 0 51966
0 0 0.00197967 0.193599 0.412098 0.141854 0.0039205 0.00180478 0.0317103 0.209027 0 0 0 0 0 0 0 0 0 0 0 52017
0 0 0.00197967 0.193599 0.412098 0.141854 0.0039205 0.00180478 0.0317103 0.209027 0 0 0 0 0 0 0 0 0 0 0 52068
0 0 0.00197967 0.193599 0.412098 0.141854 0.0039205 0.00180478 0.0317103 0.209027 0 0 0 0 0 0 0 0 0 0 0 52119
0 0 0.00197967 0.193599 0.412098 0.141854 0.0039205 0.00180478 0.0317103 0.209027 0 0 0 0 0 0 0 0 0 0 0 52171
0 0 0.00197967 0.193599 0.412098 0.141854 0.0039205 0.00180478 0.0317103 0.209027 0 0 0 0 0 0 0 0 0 0 0 52222
0 0 0.00197967 0.193599 0.412098 0.141854 0.0039205 0.00180478 0.0317103 0.209027 0 0 0 0 0 0 0 0 0 0 0 52273
0 0 0.00197967 0.193599 0.412098 0.141854 0.0039205 0.00180478 0.0317103 0.209027 0 0 0 0 0 0 0 0 0 0 0 52325
0 0 0.00197967 0.193599 0.412098 0.141854 0.0039205 0.00180478 0.0317103 0.209027 0 0 0 0 0 0 0 0 0 0 0 52376
0 0 0.00197967 0.193599 0.412098 0.141854 0.0039205 0.00180478 0.0317103 0.209027 0 0 0 0 0 0 0 0 0 0 0 52426
0 0 0.00197967 0.193599 0.412098 0.141854 0.0039205 0.00180478 0.0317103 0.209027 0 0 0 0 0 0 0 0 0 0 0 52478
0 0 0.00197967 0.193599 0.412098 0.141854 0.0039205 0.00180478 0.0317103 0.209027 0 0 0 0 0 0 0 0 0 0 0 52529
0 0 0.00197967 0.193599 0.412098 0.141854 0.0039205 0.00180478 0.0317103 0.209027 0 0 0 0 0 0 0 0 0 0 0 52580
0 0 0.00197967 0.193599 0.412098 0.141854 0.0039205 0.00180478 0.0317103 0.209027 0 0 0 0 0 0 0 0 0 0 0 52631
0 0 0.00197967 0.193599 0.412098 0.141854 0.0039205 0.00180478 0.0317103 0.209027 0 0 0 0 0 0 0 0 0 0 0 52683
0 0 0.00197967 0.193599 0.412098 0.141854 0.0039205 0.00180478 0.0317103 0.209027 0 0 0 0 0 0 0 0 0 0 0 52734
0 0 0.00197967 0.193599 0.412098 0.141854 0.0039205 0.00180478 0.0317103 0.209027 0 0 0 0 0 0 0 0 0 0 0 52786
0 0 0.00197967 0.193599 0.412098 0.141854 0.0039205 0.00180478 0.0317103 0.209027 0 0 0 0 0 0 0 0 0 0 0 52837
0 0 0.00197967 0.193599 0.412098 0.141854 0.0039205 0.00180478 0.0317103 0.209027 0 0 0 0 0 0 0 0 0 0 0 52888
0 0 0.00197967 0.193599 0.412098 0.141854 0.0039205 0.00180478 0.0317103 0.209027 0 0 0 0 0 0 0 0 0 0 0 52939
0 0 0.00197967 0.193599 0.412098 0.141854 0.0039205 0.00180478 0.0317103 0.209027 0 0 0 0 0 0 0 0 0 0 0 52990
0 0 0.00197967 0.193599 0.412098 0.141854 0.0039205 0.00180478 0.0317103 0.209027 0 0 0 0 0 0 0 0 0 0 0 53041
0 0 0.00197967 0.193599 0.412098 0.141854 0.0039205 0.00180478 0.0317103 0.209027 0 0 0 0 0 0 0 0 0 0 0 53092
0 0 0.00197967 0.193599 0.412098 0.141854 0.0039205 0.00180478 0.0317103 0.209027 0 0 0 0 0 0 0 0 0 0 0 53142
0 0 0.00197967 0.193599 0.412098 0.141854 0.0039205 0.00180478 0.0317103 0.209027 0 0 0 0 0 0 0 0 0 0 0 53194
0 0 0.00197967 0.193599 0.412098 0.141854 0.0039205 0.00180478 0.0317103 0.209027 0 0 0 0 0 0 0 0 0 0 0 53245
0 0 0.00197967 0.193599 0.412098 0.141854 0.0039205 0.00180478 0.0317103 0.209027 0 0 0 0 0 0 0 0 0 0 0 53296
0 0 0.00197967 0.193599 0.412098 0.141854 0.0039205 0.00180478 0.0317103 0.209027 0 0 0 0 0 0 0 0 0 0 0 53348
0 0 0.00197967 0.193599 0.412098 0.141854 0.0039205 0.00180478 0.0317103 0.209027 0 0 0 0 0 0 0 0 0 0 0 53398
0 0 0.00197967 0.193599 0.412098 0.141854 0.0039205 0.00180478 0.0317103 0.209027 0 0 0 0 0 0 0 0 0 0 0 53450
0 0 0.00197967 0.193599 0.412098 0.141854 0.0039205 0.00180478 0.0317103 0.209027 0 0 0 0 0 0 0 0 0 0 0 53501
0 0 0.00197967 0.193599 0.412098 0.141854 0.0039205 0.00180478 0.0317103 0.209027 0 0 0 0 0 0 0 0 0 0 0 53551
0 0 0.00197967 0.193599 0.412098 0.141854 0.0039205 0.00180478 0.0317103 0.209027 0 0 0 0 0 0 0 0 0 0 0 53602
0 0 0.00197967 0.193599 0.412098 0.141854 0.0039205 0.00180478 0.0317103 0.209027 0 0 0 0 0 0 0 0 0 0 0 53659
0 0 0.00197967 0.193599 0.412098 0.141854 0.0039205 0.00180478 0.0317103 0.209027 0 0 0 0 0 0 0 0 0 0 0 53709
0 0 0.00197967 0.193599 0.412098 0.141854 0.0039205 0.00180478 0.0317103 0.209027 0 0 0 0 0 0 0 0 0 0 0 53761
0 0 0.00197967 0.193599 0.412098 0.141854 0.0039205 0.00180478 0.0317103 0.209027 0 0 0 0 0 0 0 0 0 0 0 53813
0 0 0.00197967 0.193599 0.412098 0.141854 0.0039205 0.00180478 0.0317103 0.209027 0 0 0 0 0 0 0 0 0 0 0 53864
0 0 0.00197967 0.193599 0.412098 0.141854 0.0039205 0.00180478 0.0317103 0.209027 0 0 0 0 0 0 0 0 0 0 0 53915
0 0 0.00197967 0.193599 0.412098 0.141854 0.0039205 0.00180478 0.0317103 0.209027 0 0 0 0 0 0 0 0 0 0 0 53965
0 0 0.00197967 0.193599 0.412098 0.141854 0.0039205 0.00180478 0.0317103 0.209027 0 0 0 0 0 0 0 0 0 0 0 54016
0 0 0.00197967 0.193599 0.412098 0.141854 0.0039205 0.00180478 0.0317103 0.209027 0 0 0 0 0 0 0 0 0 0 0 54066
0 0 0.00197967 0.193599 0.412098 0.141854 0.0039205 0.00180478 0.0317103 0.209027 0 0 0 0 0 0 0 0 0 0 0 54118
0 0 0.00197967 0.193599 0.412098 0.141854 0.0039205 0.00180478 0.0317103 0.209027 0 0 0 0 0 0 0 0 0 0 0 54170
0 0 0.00197967 0.193599 0.412098 0.141854 0.0039205 0.00180478 0.0317103 0.209027 0 0 0 0 0 0 0 0 0 0 0 54221
0 0 0.00197967 0.193599 0.412098 0.141854 0.0039205 0.00180478 0.0317103 0.209027 0 0 0 0 0 0 0 0 0 0 0 54271
0 0 0.00197967 0.193599 0.412098 0.141854 0.0039205 0.00180478 0.0317103 0.209027 0 0 0 0 0 0 0 0 0 0 0 54322
0 0 0.00197967 0.193599 0.412098 0.141854 0.0039205 0.00180478 0.0317103 0.209027 0 0 0 0 0 0 0 0 0 0 0 54374
0 0 0.00197967 0.193599 0.412098 0.141854 0.0039205 0.00180478 0.0317103 0.209027 0 0 0 0 0 0 0 0 0 0 0 54426
0 0 0.00197967 0.193599 0.412098 0.141854 0.0039205 0.00180478 0.0317103 0.209027 0 0 0 0 0 0 0 0 0 0 0 54476
0 0 0.00197967 0.193599 0.412098 0.141854 0.0039205 0.00180478 0.0317103 0.209027 0 0 0 0 0 0 0 0 0 0 0 54527
0 0 0.00197967 0.193599 0.412098 0.141854 0.0039205 0.00180478 0.0317103 0.209027 0 0 0 0 0 0 0 0 0 0 0 54578
0 0 0.00197967 0.193599 0.412098 0.141854 0.0039205 0.00180478 0.0317103 0.209027 0 0 0 0 0 0 0 0 0 0 0 54629
0 0 0.00197967 0.193599 0.412098 0.141854 0.0039205 0.00180478 0.0317103 0.209027 0 0 0 0 0 0 0 0 0 0 0 54679
0 0 0.00197967 0.193599 0.412098 0.141854 0.0039205 0.00180478 0.0317103 0.209027 0 0 0 0 0 0 0 0 0 0 0 54730
0 0 0.00197967 0.193599 0.412098 0.141854 0.0039205 0.00180478 0.0317103 0.209027 0 0 0 0 0 0 0 0 0 0 0 54781
0 0 0.00197967 0.193599 0.412098 0.141854 0.0039205 0.00180478 0.0317103 0.209027 0 0 0 0 0 0 0 0 0 0 0 54831
0 0 0.00197967 0.193599 0.412098 0.141854 0.0039205 0.00180478 0.0317103 0.209027 0 0 0 0 0 0 0 0 0 0 0 54883
0 0 0.00197967 0.193599 0.412098 0.141854 0.0039205 0.00180478 0.0317103 0.209027 0 0 0 0 0 0 0 0 0 0 0 54934
0 0 0.00197967 0.193599 0.412098 0.141854 0.0039205 0.00180478 0.0317103 0.209027 0 0 0 0 0 0 0 0 0 0 0 54984
0 0 0.00197967 0.193599 0.412098 0.141854 0.0039205 0.00180478 0.0317103 0.209027 0 0 0 0 0 0 0 0 0 0 0 55035
0 0 0.00197967 0.193599 0.412098 0.141854 0.0039205 0.00180478 0.0317103 0.209027 0 0 0 0 0 0 0 0 0 0 0 55085
0 0 0.00197967 0.193599 0.412098 0.141854 0.0039205 0.00180478 0.0317103 0.209027 0 0 0 0 0 0 0 0 0 0 0 55136
0 0 0.00197967 0.193599 0.412098 0.141854 0.0039205 0.00180478 0.0317103 0.209027 0 0 0 0 0 0 0 0 0 0 0 55188
0 0 0.00197967 0.193599 0.412098 0.141854 0.0039205 0.00180478 0.0317103 0.209027 0 0 0 0 0 0 0 0 0 0 0 55240
0 0 0.00197967 0.193599 0.412098 0.141854 0.0039205 0.00180478 0.0317103 0.209027 0 0 0 0 0 0 0 0 0 0 0 55305
0 0 0.00197967 0.193599 0.412098 0.141854 0.0039205 0.00180478 0.0317103 0.209027 0 0 0 0 0 0 0 0 0 0 0 55357
0 0 0.00197967 0.193599 0.412098 0.141854 0.0039205 0.00180478 0.0317103 0.209027 0 0 0 0 0 0 0 0 0 0 0 55409
0 0 0.00197967 0.193599 0.412098 0.141854 0.0039205 0.00180478 0.0317103 0.209027 0 0 0 0 0 0 0 0 0 0 0 55459
0 0 0.00197967 0.193599 0.412098 0.141854 0.0039205 0.00180478 0.0317103 0.209027 0 0 0 0 0 0 0 0 0 0 0 55511
0 0 0.00197967 0.193599 0.412098 0.141854 0.0039205 0.00180478 0.0317103 0.209027 0 0 0 0 0 0 0 0 0 0 0 55563
0 0 0.00197967 0.193599 0.412098 0.141854 0.0039205 0.00180478 0.0317103 0.209027 0 0 0 0 0 0 0 0 0 0 0 55615
0 0 0.00197967 0.193599 0.412098 0.141854 0.0039205 0.00180478 0.0317103 0.209027 0 0 0 0 0 0 0 0 0 0 0 55666
0 0 0.00197967 0.193599 0.412098 0.141854 0.0039205 0.00180478 0.0317103 0.209027 0 0 0 0 0 0 0 0 0 0 0 55716
0 0 0.00197967 0.193599 0.412098 0.141854 0.0039205 0.00180478 0.0317103 0.209027 0 0 0 0 0 0 0 0 0 0 0 55767
0 0 0.00197967 0.193599 0.412098 0.141854 0.0039205 0.00180478 0.0317103 0.209027 0 0 0 0 0 0 0 0 0 0 0 55818
0 0 0.00197967 0.193599 0.412098 0.141854 0.0039205 0.00180478 0.0317103 0.209027 0 0 0 0 0 0 0 0 0 0 0 55869
0 0 0.00197967 0.193599 0.412098 0.141854 0.0039205 0.00180478 0.0317103 0.209027 0 0 0 0 0 0 0 0 0 0 0 55920
0 0 0.00197967 0.193599 0.412098 0.141854 0.0039205 0.00180478 0.0317103 0.209027 0 0 0 0 0 0 0 0 0 0 0 55973
0 0 0.00197967 0.193599 0.412098 0.141854 0.0039205 0.00180478 0.0317103 0.209027 0 0 0 0 0 0 0 0 0 0 0 56023
0 0 0.00197967 0.193599 0.412098 0.141854 0.0039205 0.00180478 0.0317103 0.209027 0 0 0 0 0 0 0 0 0 0 0 56075
0 0 0.00197967 0.193599 0.412098 0.141854 0.0039205 0.00180478 0.0317103 0.209027 0 0 0 0 0 0 0 0 0 0 0 56126
0 0 0.00197967 0.193599 0.412098 0.141854 0.0039205 0.00180478 0.0317103 0.209027 0 0 0 0 0 0 0 0 0 0 0 56176
0 0 0.00197967 0.193599 0.412098 0.141854 0.0039205 0.00180478 0.0317103 0.209027 0 0 0 0 0 0 0 0 0 0 0 56228
0 0 0.00197967 0.193599 0.412098 0.141854 0.0039205 0.00180478 0.0317103 0.209027 0 0 0 0 0 0 0 0 0 0 0 56280
0 0 0.00197967 0.193599 0.412098 0.141854 0.0039205 0.00180478 0.0317103 0.209027 0 0 0 0 0 0 0 0 0 0 0 56331
0 0 0.00197967 0.193599 0.412098 0.141854 0.0039205 0.00180478 0.0317103 0.209027 0 0 0 0 0 0 0 0 0 0 0 56382
0 0 0.00197967 0.193599 0.412098 0.141854 0.0039205 0.00180478 0.0317103 0.209027 0 0 0 0 0 0 0 0 0 0 0 56432
0 0 0.00197967 0.193599 0.412098 0.141854 0.0039205 0.00180478 0.0317103 0.209027 0 0 0 0 0 0 0 0 0 0 0 56484
0 0 0.00197967 0.193599 0.412098 0.141854 0.0039205 0.00180478 0.0317103 0.209027 0 0 0 0 0 0 0 0 0 0 0 56535
0 0 0.00197967 0.193599 0.412098 0.141854 0.0039205 0.00180478 0.0317103 0.209027 0 0 0 0 0 0 0 0 0 0 0 56585
0 0 0.00197967 0.193599 0.412098 0.141854 0.0039205 0.00180478 0.0317103 0.209027 0 0 0 0 0 0 0 0 0 0 0 56636
0 0 0.00197967 0.193599 0.412098 0.141854 0.0039205 0.00180478 0.0317103 0.209027 0 0 0 0 0 0 0 0 0 0 0 56687
0 0 0.00197967 0.193599 0.412098 0.141854 0.0039205 0.00180478 0.0317103 0.209027 0 0 0 0 0 0 0 0 0 0 0 56737
0 0 0.00197967 0.193599 0.412098 0.141854 0.0039205 0.00180478 0.0317103 0.209027 0 0 0 0 0 0 0 0 0 0 0 58930
0 0 0.00197967 0.193599 0.412098 0.141854 0.0039205 0.00180478 0.0317103 0.209027 0 0 0 0 0 0 0 0 0 0 0 58981
0 0 0.00197967 0.193599 0.412098 0.141854 0.0039205 0.00180478 0.0317103 0.209027 0 0 0 0 0 0 0 0 0 0 0 59032
0 0 0.00197967 0.193599 0.412098 0.141854 0.0039205 0.00180478 0.0317103 0.209027 0 0 0 0 0 0 0 0 0 0 0 59082
0 0 0.00197967 0.193599 0.412098 0.141854 0.0039205 0.00180478 0.0317103 0.209027 0 0 0 0 0 0 0 0 0 0 0 59133
0 0 0.00197967 0.193599 0.412098 0.141854 0.0039205 0.00180478 0.0317103 0.209027 0 0 0 0 0 0 0 0 0 0 0 59185
0 0 0.00197967 0.193599 0.412098 0.141854 0.0039205 0.00180478 0.0317103 0.209027 0 0 0 0 0 0 0 0 0 0 0 59237
0 0 0.00197967 0.193599 0.412098 0.141854 0.0039205 0.00180478 0.0317103 0.209027 0 0 0 0 0 0 0 0 0 0 0 59286
0 0 0.00197967 0.193599 0.412098 0.141854 0.0039205 0.00180478 0.0317103 0.209027 0 0 0 0 0 0 0 0 0 0 0 59615
0 0 0.00197967 0.193599 0.412098 0.141854 0.0039205 0.00180478 0.0317103 0.209027 0 0 0 0 0 0 0 0 0 0 0 59667
0 0 0.00197967 0.193599 0.412098 0.141854 0.0039205 0.00180478 0.0317103 0.209027 0 0 0 0 0 0 0 0 0 0 0 59718
0 0 0.00197967 0.193599 0.412098 0.141854 0.0039205 0.00180478 0.0317103 0.209027 0 0 0 0 0 0 0 0 0 0 0 59769
0 0 0.00197967 0.193599 0.412098 0.141854 0.0039205 0.00180478 0.0317103 0.209027 0 0 0 0 0 0 0 0 0 0 0 59820
0 0 0.00197967 0.193599 0.412098 0.141854 0.0039205 0.00180478 0.0317103 0.209027 0 0 0 0 0 0 0 0 0 0 0 59872
0 0 0.00197967 0.193599 0.412098 0.141854 0.0039205 0.00180478 0.0317103 0.209027 0 0 0 0 0 0 0 0 0 0 0 60163
0 0 0.00197967 0.193599 0.412098 0.141854 0.0039205 0.00180478 0.0317103 0.209027 0 0 0 0 0 0 0 0 0 0 0 60214
0 0 0.00197967 0.193599 0.412098 0.141854 0.0039205 0.00180478 0.0317103 0.209027 0 0 0 0 0 0 0 0 0 0 0 60264
0 0 0.00197967 0.193599 0.412098 0.141854 0.0039205 0.00180478 0.0317103 0.209027 0 0 0 0 0 0 0 0 0 0 0 60315
0 0 0.00197967 0.193599 0.412098 0.141854 0.0039205 0.00180478 0.0317103 0.209027 0 0 0 0 0 0 0 0 0 0 0 60365
0 0 0.00197967 0.193599 0.412098 0.141854 0.0039205 0.00180478 0.0317103 0.209027 0 0 0 0 0 0 0 0 0 0 0 60417
0 0 0.00197967 0.193599 0.412098 0.141854 0.0039205 0.00180478 0.0317103 0.209027 0 0 0 0 0 0 0 0 0 0 0 60473
0 0 0.00197967 0.193599 0.412098 0.141854 0.0039205 0.00180478 0.0317103 0.209027 0 0 0 0 0 0 0 0 0 0 0 60523
0 0 0.002027 0.192688 0.413613 0.0825121 0.00457288 0.00183104 0.0241719 0.19404 0 0 0 0 0 0 0 0 0 0 0 61108
0 0 0.00203059 0.192685 0.413557 0.0825363 0.00457239 0.00183133 0.024175 0.194087 0 0 0 0 0 0 0 0 0 0 0 61158
0 0 0.00203181 0.192683 0.413638 0.0825132 0.00457314 0.00183133 0.0241688 0.194076 0 0 0 0 0 0 0 0 0 0 0 61210
0 0 0.00201761 0.192668 0.416403 0.0817576 0.0045727 0.0018321 0.0241854 0.194129 0 0 0 0 0 0 0 0 0 0 0 61261
0 0 0.00200995 0.192651 0.418017 0.0813966 0.004573 0.0018335 0.024184 0.194309 0 0 0 0 0 0 0 0 0 0 0 61312
0 0 0.00200111 0.19263 0.420647 0.0809751 0.00457202 0.00183611 0.0241356 0.194617 0 0 0 0 0 0 0 0 0 0 0 61362
0 0 0.00198193 0.192614 0.426998 0.0806928 0.0045706 0.00184022 0.0240026 0.195013 0 0 0 0 0 0 0 0 0 0 0 61414
0 0 0.00199505 0.19261 0.429179 0.0821639 0.0045709 0.0018468 0.0237661 0.195915 0 0 0 0 0 0 0 0 0 0 0 61466
0 0 0.00201 0.192626 0.43105 0.0843649 0.00457139 0.00185314 0.023578 0.196967 0 0 0 0 0 0 0 0 0 0 0 61519
0 0 0.00202091 0.192636 0.432392 0.0866701 0.00456872 0.00185828 0.0234488 0.197889 0 0 0 0 0 0 0 0 0 0 0 61573
0 0 0.00198352 0.192677 0.426366 0.0995483 0.00452875 0.00183096 0.0239162 0.194569 0 0 0 0 0 0 0 0 0 0 0 62142
0 0 0.00198352 0.192677 0.426366 0.0995483 0.00452875 0.00183096 0.0239162 0.194569 0 0 0 0 0 0 0 0 0 0 0 62193
0 0 0.00198316 0.192677 0.426385 0.0965988 0.00452935 0.00183138 0.0239118 0.194453 0 0 0 0 0 0 0 0 0 0 0 62244
0 0 0.00198384 0.192677 0.426361 0.0975013 0.00453205 0.00183157 0.0239037 0.19446 0 0 0 0 0 0 0 0 0 0 0 62295
0 0 0.00198526 0.192678 0.426287 0.0978974 0.00453453 0.00183172 0.0238897 0.194593 0 0 0 0 0 0 0 0 0 0 0 62347
0 0 0.00198482 0.192679 0.426295 0.0986062 0.00453297 0.00183228 0.023886 0.194647 0 0 0 0 0 0 0 0 0 0 0 62399
0 0 0.00198663 0.19268 0.42546 0.0869709 0.00453234 0.00183376 0.0238735 0.1947 0 0 0 0 0 0 0 0 0 0 0 62450
0 0 0.00198857 0.192682 0.424789 0.0825779 0.0045397 0.00183493 0.0238679 0.194529 0 0 0 0 0 0 0 0 0 0 0 62501
0 0 0.00200566 0.192687 0.420744 0.0809545 0.0045532 0.00183682 0.0238234 0.194544 0 0 0 0 0 0 0 0 0 0 0 62551
0 0 0.00201667 0.192687 0.418173 0.0816687 0.00455886 0.00183663 0.0238202 0.1946 0 0 0 0 0 0 0 0 0 0 0 62605
0 0 0.0020349 0.192687 0.413543 0.0829372 0.00456216 0.00183551 0.0238438 0.194593 0 0 0 0 0 0 0 0 0 0 0 62655
0 0 0.00207356 0.192687 0.404634 0.0856318 0.00456896 0.00183573 0.0238341 0.195075 0 0 0 0 0 0 0 0 0 0 0 62706
0 0 0.00214692 0.192689 0.386787 0.09136 0.00459218 0.00183429 0.0240321 0.196199 0 0 0 0 0 0 0 0 0 0 0 62762
0 0 0.00214692 0.192689 0.386787 0.09136 0.00459218 0.00183429 0.0240321 0.196199 0 0 0 0 0 0 0 0 0 0 0 62813
0 0 0.00225572 0.192694 0.363221 0.100128 0.00462047 0.00183385 0.0242604 0.197947 0 0 0 0 0 0 0 0 0 0 0 62865
0 0 0.00226443 0.192695 0.360698 0.101156 0.0046259 0.00183341 0.0243738 0.198294 0 0 0 0 0 0 0 0 0 0 0 62922
0 0 0.00230119 0.192703 0.353036 0.104569 0.00464054 0.00183351 0.0245575 0.199272 0 0 0 0 0 0 0 0 0 0 0 62973
0 0 0.00230302 0.192704 0.352868 0.104643 0.00463785 0.00183315 0.0245491 0.199235 0 0 0 0 0 0 0 0 0 0 0 63023
0 0 0.00225567 0.192717 0.360984 0.101922 0.00463606 0.00183273 0.0248144 0.199552 0 0 0 0 0 0 0 0 0 0 0 63074
0 0 0.00225567 0.192717 0.360984 0.101922 0.00463606 0.00183273 0.0248144 0.199552 0 0 0 0 0 0 0 0 0 0 0 63124
0 0 0.002226 0.192734 0.368658 0.101109 0.00463273 0.00183364 0.0250223 0.200206 0 0 0 0 0 0 0 0 0 0 0 63176
0 0 0.00221222 0.19277 0.371591 0.0994644 0.00462136 0.00183347 0.0249558 0.200042 0 0 0 0 0 0 0 0 0 0 0 63227
0 0 0.00218492 0.19281 0.383687 0.0991764 0.00461614 0.00183385 0.0250414 0.200337 0 0 0 0 0 0 0 0 0 0 0 63282
0 0 0.00217652 0.192869 0.378588 0.09536 0.00459675 0.00183249 0.0247211 0.199264 0 0 0 0 0 0 0 0 0 0 0 63333
0 0 0.00217232 0.192872 0.380042 0.0946948 0.00459306 0.00183229 0.0246261 0.198845 0 0 0 0 0 0 0 0 0 0 0 63384
0 0 0.00223262 0.19273 0.374031 0.0960816 0.00456409 0.00183105 0.0237883 0.196036 0 0 0 0 0 0 0 0 0 0 0 63966
0 0 0.00222183 0.192731 0.376271 0.0952617 0.00456204 0.00183109 0.0237618 0.195842 0 0 0 0 0 0 0 0 0 0 0 64017
0 0 0.00219552 0.192719 0.380571 0.0937202 0.00456514 0.00183192 0.0238513 0.195954 0 0 0 0 0 0 0 0 0 0 0 64067
0 0 0.00226365 0.192668 0.368756 0.0979356 0.0045641 0.0018322 0.0236072 0.195828 0 0 0 0 0 0 0 0 0 0 0 64122
0 0 0.00224776 0.192663 0.371953 0.0966898 0.00456521 0.00183214 0.0236174 0.195633 0 0 0 0 0 0 0 0 0 0 0 64174
0 0 0.00227137 0.192642 0.368315 0.0981035 0.00456313 0.00183334 0.023472 0.19561 0 0 0 0 0 0 0 0 0 0 0 64224
0 0 0.0022186 0.192639 0.376473 0.0950021 0.00456569 0.00183341 0.0236828 0.195648 0 0 0 0 0 0 0 0 0 0 0 64277
0 0 0.00219845 0.192634 0.380815 0.0934178 0.00456395 0.00183365 0.0236638 0.195418 0 0 0 0 0 0 0 0 0 0 0 64328
0 0 0.00220432 0.192641 0.380212 0.0936465 0.00455897 0.0018336 0.0236291 0.195394 0 0 0 0 0 0 0 0 0 0 0 64380
0 0 0.00220771 0.19264 0.379734 0.0938053 0.00455667 0.00183344 0.0236012 0.195321 0 0 0 0 0 0 0 0 0 0 0 64431
0 0 0.00220725 0.192645 0.37975 0.0938424 0.00455786 0.00183376 0.0236309 0.195465 0 0 0 0 0 0 0 0 0 0 0 64483
0 0 0.00222235 0.19265 0.378187 0.0945719 0.00455615 0.00183544 0.0235274 0.195646 0 0 0 0 0 0 0 0 0 0 0 64536
0 0 0.00224104 0.192648 0.375467 0.0955123 0.00455448 0.00183489 0.0234272 0.195421 0 0 0 0 0 0 0 0 0 0 0 64591
0 0 0.00223067 0.192653 0.377343 0.0948611 0.00455238 0.00183538 0.023416 0.195418 0 0 0 0 0 0 0 0 0 0 0 64641
0 0 0.00224997 0.192651 0.374033 0.0960707 0.00455307 0.00183529 0.0233597 0.195378 0 0 0 0 0 0 0 0 0 0 0 64692
0 0 0.00225642 0.192648 0.373374 0.0963428 0.00454939 0.00183559 0.0233178 0.195371 0 0 0 0 0 0 0 0 0 0 0 64742
0 0 0.00225152 0.192646 0.374696 0.0959157 0.00454537 0.00183662 0.0232726 0.195426 0 0 0 0 0 0 0 0 0 0 0 64794
0 0 0.00228894 0.192646 0.369304 0.0982186 0.0045425 0.0018391 0.0230487 0.195664 0 0 0 0 0 0 0 0 0 0 0 64846
0 0 0.00228147 0.192645 0.370847 0.0979557 0.00454461 0.00184237 0.0230114 0.196188 0 0 0 0 0 0 0 0 0 0 0 64898
0 0 0.00224877 0.192638 0.377293 0.0958971 0.00454248 0.00184652 0.0230035 0.196715 0 0 0 0 0 0 0 0 0 0 0 64951
0 0 0.00218399 0.192624 0.387457 0.0919896 0.00454297 0.00184491 0.0232616 0.19641 0 0 0 0 0 0 0 0 0 0 0 65002
0 0 0.00215081 0.19261 0.393901 0.090086 0.00454399 0.00184901 0.0233028 0.197015 0 0 0 0 0 0 0 0 0 0 0 65057
0 0 0.00216928 0.192603 0.390318 0.0912268 0.00454397 0.00184876 0.0232417 0.196956 0 0 0 0 0 0 0 0 0 0 0 65109
0 0 0.00212062 0.192597 0.399531 0.0884353 0.00454374 0.00185311 0.0233367 0.197615 0 0 0 0 0 0 0 0 0 0 0 65162
0 0 0.00212062 0.192597 0.399531 0.0884353 0.00454374 0.00185311 0.0233367 0.197615 0 0 0 0 0 0 0 0 0 0 0 65217
0 0 0.00209995 0.192597 0.407083 0.0870884 0.00454043 0.00186759 0.0230658 0.199726 0 0 0 0 0 0 0 0 0 0 0 65268
0 0 0.00207265 0.192609 0.418527 0.0897153 0.00454587 0.00188751 0.0227503 0.202728 0 0 0 0 0 0 0 0 0 0 0 65322
0 0 0.002089 0.192621 0.424039 0.0917239 0.00454576 0.00189646 0.0225767 0.20403 0 0 0 0 0 0 0 0 0 0 0 65374
0 0 0.00208752 0.192609 0.423301 0.091602 0.00454903 0.0018966 0.0226033 0.204023 0 0 0 0 0 0 0 0 0 0 0 65424
0 0 0.00206062 0.1926 0.422852 0.0888302 0.00454671 0.00188208 0.0229286 0.201729 0 0 0 0 0 0 0 0 0 0 0 65476
0 0 0.00206591 0.19257 0.423985 0.089202 0.00454948 0.00188591 0.0229028 0.202165 0 0 0 0 0 0 0 0 0 0 0 65527
0 0 0.00207874 0.192472 0.424957 0.0901428 0.00454825 0.00189332 0.0227012 0.202685 0 0 0 0 0 0 0 0 0 0 0 65579
0 0 0.00206501 0.192183 0.419244 0.0891813 0.00454902 0.0018948 0.0226689 0.201878 0 0 0 0 0 0 0 0 0 0 0 65629
0 0 0.00207107 0.19162 0.413898 0.0893507 0.00454096 0.00190802 0.0222198 0.201841 0 0 0 0 0 0 0 0 0 0 0 65681
0 0 0.0020568 0.188655 0.400671 0.870354 0.00448697 0.00194889 0.0129533 0.198212 0 0 0 0 0 0 0 0 0 0 0 65733
0 0 0.00203661 0.185064 0.388477 26.6442 0.00441859 0.00201653 0.00540411 0.196017 -14.7981 0 0 0 0 0 0 0 0 0 0 65785
0 0 0.00202301 0.178611 0.366885 39.9322 0.00429763 0.00217021 0.00453695 0.194791 -17.3252 0 0 0 0 0 0 0 0 0 0 65836
0 0 0.00189378 0.16248 0.331408 40.4956 0.00401124 0.00265958 0.00415126 0.193858 -16.1222 0 0 0 0 0 0 0 0 0 0 65888
0 0 0.00169604 0.142345 0.293745 39.7967 0.00370949 0.00354794 0.00371594 0.193565 -14.0193 0 0 0 0 0 0 0 0 0 0 65940
0 0 0.00169604 0.142345 0.293745 39.7967 0.00370949 0.00354794 0.00371594 0.193565 -14.0193 0 0 0 0 0 0 0 0 0 0 65992
0 0 0.000716777 0.0450968 0.094281 40.3437 0.00254395 0.0436821 0.001271 0.193311 0 0 0 0 0 0 0 0 0 0 0 66046
0 0 0.000372511 0.0188277 0.0400076 41.4066 0.0023631 0.293638 0.00055969 0.193267 0 0 0 0 0 0 0 0 0 0 0 66098
0 0 0.000111602 0.00483898 0.0125102 47.1094 0.00124563 5.41377 0.000166322 0.193161 12.8353 0 0 0 0 0 0 0 0 0 0 66149
0 0 1.92431e-05 0.000586325 0.00179785 98.0401 0.000297422 85.2412 2.42994e-05 0.193089 41.8218 0 0 0 0 0 0 0 0 0 0 66201
0 0 1.35106e-05 0.000285272 0.000758605 99.4978 0.000163958 96.5459 1.192e-05 0.193122 50.3691 0 0 0 0 0 0 0 0 0 0 66253
0 0 1.35106e-05 0.000285272 0.000758605 99.4978 0.000163958 96.5459 1.192e-05 0.193122 50.3691 0 0 0 0 0 0 0 0 0 0 66304
0 0 1.11467e-05 0.000183482 0.000432767 99.7835 0.00011235 98.6578 7.59381e-06 0.193193 55.6152 0 0 0 0 0 0 0 0 0 0 66357
0 0 7.52995e-06 0.000146552 0.000415686 99.8597 9.22152e-05 99.1802 6.50053e-06 0.193201 60.4197 0 0 0 0 0 0 0 0 0 0 66409
0 0 6.77913e-06 0.000112727 0.000289671 99.9149 7.31452e-05 99.5362 5.00113e-06 0.193203 63.0609 0 0 0 0 0 0 0 0 0 0 66462
0 0 6.99484e-06 0.000110382 0.000272105 99.918 7.19176e-05 99.5552 4.8381e-06 0.193242 62.7217 0 0 0 0 0 0 0 0 0 0 66512
0 0 6.99484e-06 0.000110382 0.000272105 99.918 7.19176e-05 99.5552 4.8381e-06 0.193242 62.7217 0 0 0 0 0 0 0 0 0 0 66563
0 0 5.41177e-06 0.000108453 0.00032779 99.9199 7.11194e-05 99.5673 5.55464e-06 0.193307 65.9708 0 0 0 0 0 0 0 0 0 0 66615
0 0 4.78171e-06 0.000108534 0.000367634 99.9199 7.11343e-05 99.5672 5.9111e-06 0.193303 67.2482 0 0 0 0 0 0 0 0 0 0 66666
0 0 4.61702e-06 0.000108706 0.000378025 99.9198 7.11597e-05 99.5667 6.62338e-06 0.193308 69.5025 0 0 0 0 0 0 0 0 0 0 66717
0 0 4.00229e-06 0.000109668 0.00043436 99.9191 7.14787e-05 99.5626 1.46117e-05 0.193496 84.5954 0 0 0 0 0 0 0 0 0 0 66770
0 0 3.33631e-06 0.000114192 0.000892836 99.9147 7.33984e-05 99.5359 2.97281e-05 0.194356 94.9037 0 0 0 0 0 0 0 0 0 0 66822
0 0 3.33631e-06 0.000114192 0.000892836 99.9147 7.33984e-05 99.5359 2.97281e-05 0.194356 94.9037 0 0 0 0 0 0 0 0 0 0 66876
0 0 3.4279e-06 0.000118965 0.00114746 99.9083 7.6022e-05 99.4969 3.08824e-05 0.195249 93.7809 0 0 0 0 0 0 0 0 0 0 66928
0 0 3.46712e-06 0.000127857 0.00668427 99.8947 8.10986e-05 99.4156 3.30322e-05 0.19772 84.2002 0 0 0 0 0 0 0 0 0 0 66980
0 0 3.8052e-06 0.000148108 0.00265698 99.8598 9.22731e-05 99.2001 3.74275e-05 0.201199 89.5673 0 0 0 0 0 0 0 0 0 0 67032
0 0 8.06871e-06 0.000366541 0.00183377 99.2066 0.000190403 94.4889 8.4073e-05 0.205882 82.3759 0 0 0 0 0 0 0 0 0 0 67084
0 0 1.33016e-05 0.000637565 0.0029471 97.7439 0.000280249 83.6934 0.000137452 0.208393 74.68 0 0 0 0 0 0 0 0 0 0 67135
0 0 4.21125e-05 0.00231932 0.00909446 78.6141 0.000604673 23.3135 0.00043864 0.208942 56.2054 0 0 0 0 0 0 0 0 0 0 67188
0 0 0.000125023 0.00776215 0.0264249 26.7758 0.000819141 2.12999 0.00127643 0.211084 39.0101 0 0 0 0 0 0 0 0 0 0 67240
0 0 0.000309785 0.0212913 0.063861 5.06254 0.00104242 0.239081 0.00313308 0.21128 24.6423 0 0 0 0 0 0 0 0 0 0 67292
0 0 0.00147069 0.128405 0.296413 0.173756 0.00328177 0.00455923 0.016516 0.200263 0 0 0 0 0 0 0 0 0 0 0 67343
0 0 0.00180656 0.158915 0.358661 0.116342 0.00390599 0.00285891 0.0200612 0.199421 0 0 0 0 0 0 0 0 0 0 0 67396
0 0 0.00180656 0.158915 0.358661 0.116342 0.00390599 0.00285891 0.0200612 0.199421 0 0 0 0 0 0 0 0 0 0 0 67447
0 0 0.00210363 0.187289 0.406764 0.092181 0.00443872 0.00195779 0.0244463 0.193278 0 0 0 0 0 0 0 0 0 0 0 67500
0 0 0.00210363 0.187289 0.406764 0.092181 0.00443872 0.00195779 0.0244463 0.193278 0 0 0 0 0 0 0 0 0 0 0 67552
0 0 0.00220475 0.19196 0.409746 0.0953714 0.00445033 0.00184928 0.0256233 0.1924 0 0 0 0 0 0 0 0 0 0 0 67605
0 0 0.00221226 0.193439 0.411108 0.105449 0.00432557 0.00182129 0.0266286 0.194184 0 0 0 0 0 0 0 0 0 0 0 67657
0 0 0.00222905 0.194281 0.40883 0.121882 0.00413611 0.00180287 0.0281422 0.195895 0 0 0 0 0 0 0 0 0 0 0 67708
0 0 0.00218679 0.193827 0.407021 0.139286 0.00389569 0.00181967 0.0293268 0.200725 0 0 0 0 0 0 0 0 0 0 0 67759
0 0 0.00218679 0.193827 0.407021 0.139286 0.00389569 0.00181967 0.0293268 0.200725 0 0 0 0 0 0 0 0 0 0 0 67812
0 0 0.00210727 0.193092 0.419689 0.126681 0.00389895 0.00187934 0.0272185 0.209988 0 0 0 0 0 0 0 0 0 0 0 67863
0 0 0.00209044 0.192762 0.428265 0.115265 0.00398626 0.00189203 0.02614 0.210022 0 0 0 0 0 0 0 0 0 0 0 67915
0 0 0.00203804 0.192664 0.427648 0.10721 0.00406649 0.00186987 0.0260286 0.205346 0 0 0 0 0 0 0 0 0 0 0 67967
0 0 0.00202194 0.192664 0.427451 0.0996233 0.00416396 0.00185854 0.0255927 0.202592 0 0 0 0 0 0 0 0 0 0 0 68019
0 0 0.00201799 0.192664 0.427314 0.0947496 0.00423617 0.00185097 0.0252562 0.200463 0 0 0 0 0 0 0 0 0 0 0 68072
0 0 0.00201904 0.192675 0.430826 0.0854926 0.00437999 0.00185327 0.0240457 0.199234 0 0 0 0 0 0 0 0 0 0 0 68124
0 0 0.00201904 0.192675 0.430826 0.0854926 0.00437999 0.00185327 0.0240457 0.199234 0 0 0 0 0 0 0 0 0 0 0 68175
0 0 0.00202319 0.192671 0.431558 0.0835628 0.0044179 0.00185519 0.0237477 0.199148 0 0 0 0 0 0 0 0 0 0 0 68228
0 0 0.00203488 0.19267 0.43301 0.0844164 0.00444274 0.00186017 0.0234836 0.199834 0 0 0 0 0 0 0 0 0 0 0 68280
0 0 0.00204019 0.192676 0.433657 0.0846821 0.0044812 0.00186168 0.0233103 0.199836 0 0 0 0 0 0 0 0 0 0 0 68331
0 0 0.0020205 0.192677 0.430007 0.0824988 0.0044843 0.00184551 0.0236447 0.197676 0 0 0 0 0 0 0 0 0 0 0 68382
0 0 0.00201892 0.192681 0.4313 0.0827146 0.0045108 0.00185072 0.02345 0.198625 0 0 0 0 0 0 0 0 0 0 0 68434
0 0 0.00209624 0.192687 0.440318 0.0895281 0.00454188 0.00188848 0.0225496 0.203794 0 0 0 0 0 0 0 0 0 0 0 68485
0 0 0.00211026 0.19269 0.44204 0.0908472 0.0045543 0.00189555 0.022368 0.204989 0 0 0 0 0 0 0 0 0 0 0 68537
0 0 0.00227747 0.192699 0.461075 0.10691 0.00462037 0.00197584 0.0206328 0.217076 0 0 0 0 0 0 0 0 0 0 0 68589
0 0 0.00235337 0.192708 0.469785 0.11474 0.00466407 0.00201176 0.0199017 0.222624 0 0 0 0 0 0 0 0 0 0 0 68641
0 0 0.00239616 0.192717 0.474735 0.119281 0.00467576 0.00203178 0.0195298 0.225631 0 0 0 0 0 0 0 0 0 0 0 68693
0 0 0.00243424 0.192732 0.47955 0.123438 0.00480936 0.00204957 0.0190304 0.229261 0 0 0 0 0 0 0 0 0 0 0 68745
0 0 0.00234362 0.192759 0.470354 0.113843 0.00487433 0.00200772 0.0196723 0.223262 0 0 0 0 0 0 0 0 0 0 0 68796
0 0 0.00242701 0.192817 0.480645 0.122675 0.00489101 0.00204628 0.0189764 0.229223 0 0 0 0 0 0 0 0 0 0 0 68847
0 0 0.00248421 0.192827 0.487166 0.128972 0.00484274 0.00207255 0.0185803 0.23356 0 0 0 0 0 0 0 0 0 0 0 68903
0 0 0.00247768 0.192813 0.486816 0.128275 0.00480972 0.0020697 0.0186452 0.233621 0 0 0 0 0 0 0 0 0 0 0 68957
0 0 0.00242948 0.19278 0.481874 0.123022 0.00474493 0.00204781 0.0190459 0.231257 0 0 0 0 0 0 0 0 0 0 0 69008
0 0 0.00249486 0.192767 0.48888 0.130234 0.00465652 0.00207781 0.0185959 0.237231 0 0 0 0 0 0 0 0 0 0 0 69063
0 0 0.00248368 0.192764 0.487801 0.129 0.00467225 0.00207277 0.0186637 0.236383 0 0 0 0 0 0 0 0 0 0 0 69114
0 0 0.00248368 0.192764 0.487801 0.129 0.00467225 0.00207277 0.0186637 0.236383 0 0 0 0 0 0 0 0 0 0 0 69165
0 0 0.00235792 0.192753 0.473752 0.115474 0.00456676 0.0020151 0.0197046 0.22946 0 0 0 0 0 0 0 0 0 0 0 69216
0 0 0.00235498 0.19275 0.473272 0.115167 0.00451964 0.00201375 0.0198143 0.228654 0 0 0 0 0 0 0 0 0 0 0 69266
0 0 0.0023425 0.192755 0.471965 0.113897 0.00451219 0.00200808 0.0199517 0.227262 0 0 0 0 0 0 0 0 0 0 0 69317
0 0 0.00232384 0.192761 0.469743 0.111983 0.00447661 0.00199943 0.0201654 0.225741 0 0 0 0 0 0 0 0 0 0 0 69367
0 0 0.00229482 0.192755 0.466311 0.10908 0.00446573 0.00198612 0.0204835 0.222614 0 0 0 0 0 0 0 0 0 0 0 69418
0 0 0.0023085 0.192756 0.46779 0.110483 0.00445159 0.0019926 0.0204052 0.223095 0 0 0 0 0 0 0 0 0 0 0 69469
0 0 0.00226892 0.192764 0.463269 0.106504 0.00443782 0.00197404 0.02075 0.220911 0 0 0 0 0 0 0 0 0 0 0 69519
0 0 0.00228122 0.192755 0.464459 0.107795 0.00444876 0.0019801 0.0206404 0.221461 0 0 0 0 0 0 0 0 0 0 0 69570
0 0 0.00227099 0.192752 0.462901 0.106916 0.00440621 0.00197595 0.0207893 0.220937 0 0 0 0 0 0 0 0 0 0 0 69620
0 0 0.00227247 0.192744 0.462982 0.107106 0.00439616 0.00197683 0.0207846 0.221217 0 0 0 0 0 0 0 0 0 0 0 69672
0 0 0.00230818 0.192739 0.466772 0.110791 0.00437647 0.00199394 0.0204904 0.223853 0 0 0 0 0 0 0 0 0 0 0 69723
0 0 0.00237343 0.192734 0.473051 0.117792 0.00436618 0.00202536 0.0199746 0.228069 0 0 0 0 0 0 0 0 0 0 0 69774
0 0 0.00242884 0.19273 0.479025 0.123894 0.00435593 0.00205161 0.0195303 0.232381 0 0 0 0 0 0 0 0 0 0 0 69825
0 0 0.00248217 0.192728 0.484646 0.129877 0.00435282 0.00207644 0.0191196 0.236233 0 0 0 0 0 0 0 0 0 0 0 69876
0 0 0.00237068 0.192726 0.472669 0.117828 0.00435937 0.0020256 0.0200284 0.228093 0 0 0 0 0 0 0 0 0 0 0 69927
0 0 0.00240101 0.192727 0.475819 0.121066 0.00436655 0.00203964 0.0197791 0.229915 0 0 0 0 0 0 0 0 0 0 0 69978
0 0 0.00234863 0.192732 0.469955 0.115392 0.00435991 0.00201488 0.0202149 0.226223 0 0 0 0 0 0 0 0 0 0 0 70028
0 0 0.00236692 0.192732 0.47184 0.117306 0.00436946 0.00202339 0.0200559 0.227241 0 0 0 0 0 0 0 0 0 0 0 70079
0 0 0.00239706 0.192735 0.47492 0.120489 0.00437516 0.00203728 0.0198018 0.229204 0 0 0 0 0 0 0 0 0 0 0 70129
0 0 0.00241486 0.192736 0.476797 0.122391 0.00437714 0.00204546 0.0196542 0.230402 0 0 0 0 0 0 0 0 0 0 0 70180
0 0 0.00237637 0.192744 0.472479 0.118132 0.00439273 0.00202701 0.0199632 0.227112 0 0 0 0 0 0 0 0 0 0 0 70231
0 0 0.00239109 0.192758 0.47394 0.119625 0.00441452 0.00203355 0.0198377 0.227424 0 0 0 0 0 0 0 0 0 0 0 70281
0 0 0.00236254 0.192757 0.470722 0.116537 0.00441962 0.00202002 0.0200699 0.225362 0 0 0 0 0 0 0 0 0 0 0 70332
0 0 0.00238083 0.192747 0.472554 0.118403 0.00443144 0.00202826 0.019907 0.226375 0 0 0 0 0 0 0 0 0 0 0 70382
0 0 0.00234133 0.192749 0.468139 0.1142 0.00443863 0.00200975 0.0202336 0.223429 0 0 0 0 0 0 0 0 0 0 0 70433
0 0 0.0024041 0.19276 0.474781 0.120794 0.00446024 0.00203861 0.0196773 0.227771 0 0 0 0 0 0 0 0 0 0 0 70484
0 0 0.00241677 0.192753 0.476131 0.122168 0.00448878 0.00204449 0.0195602 0.228169 0 0 0 0 0 0 0 0 0 0 0 70535
