0 0  0 0 0 0 0 0 0 0 0 0 12478
0 0  0 0 0 0 0 0 0 0 0 0 12532
0 0  0 0 0 0 0 0 0 0 0 0 12582
0 0  0 0 0 0 0 0 0 0 0 0 12635
0 0  0 0 0 0 0 0 0 0 0 0 12690
0 0  0 0 0 0 0 0 0 0 0 0 12742
0 0  0 0 0 0 0 0 0 0 0 0 12797
0 0  0 0 0 0 0 0 0 0 0 0 12853
0 0  0 0 0 0 0 0 0 0 0 0 12907
0 0  0 0 0 0 0 0 0 0 0 0 12982
0 0  0 0 0 0 0 0 0 0 0 0 13038
0 0  0 0 0 0 0 0 0 0 0 0 13094
0 0  0 0 0 0 0 0 0 0 0 0 13146
0 0  0 0 0 0 0 0 0 0 0 0 13197
0 0  0 0 0 0 0 0 0 0 0 0 13248
0 0  0 0 0 0 0 0 0 0 0 0 13298
0 0  0 0 0 0 0 0 0 0 0 0 13348
0 0  0 0 0 0 0 0 0 0 0 0 13403
0 0  0 0 0 0 0 0 0 0 0 0 13458
0 0  0 0 0 0 0 0 0 0 0 0 13514
0 0  0 0 0 0 0 0 0 0 0 0 13573
0 0  0 0 0 0 0 0 0 0 0 0 13625
0 0  0 0 0 0 0 0 0 0 0 0 13677
0 0  0 0 0 0 0 0 0 0 0 0 13729
0 0  0 0 0 0 0 0 0 0 0 0 13779
0 0  0 0 0 0 0 0 0 0 0 0 13829
0 0  0 0 0 0 0 0 0 0 0 0 13881
0 0  0 0 0 0 0 0 0 0 0 0 13935
0 0  0 0 0 0 0 0 0 0 0 0 13988
0 0  0 0 0 0 0 0 0 0 0 0 14039
0 0  0 0 0 0 0 0 0 0 0 0 14090
0 0  0 0 0 0 0 0 0 0 0 0 14142
0 0  0 0 0 0 0 0 0 0 0 0 14194
0 0  0 0 0 0 0 0 0 0 0 0 14243
0 0  0 0 0 0 0 0 0 0 0 0 14294
0 0  0 0 0 0 0 0 0 0 0 0 14347
0 0  0 0 0 0 0 0 0 0 0 0 14398
0 0  0 0 0 0 0 0 0 0 0 0 14449
0 0  0 0 0 0 0 0 0 0 0 0 14501
0 0  0 0 0 0 0 0 0 0 0 0 14553
0 0  0 0 0 0 0 0 0 0 0 0 14604
0 0  0 0 0 0 0 0 0 0 0 0 14656
0 0  0 0 0 0 0 0 0 0 0 0 14709
0 0  0 0 0 0 0 0 0 0 0 0 14759
0 0  0 0 0 0 0 0 0 0 0 0 14810
0 0  0 0 0 0 0 0 0 0 0 0 14862
0 0  0 0 0 0 0 0 0 0 0 0 14914
0 0  0 0 0 0 0 0 0 0 0 0 14966
0 0  0 0 0 0 0 0 0 0 0 0 15017
0 0  0 0 0 0 0 0 0 0 0 0 15067
0 0  0 0 0 0 0 0 0 0 0 0 15120
0 0  0 0 0 0 0 0 0 0 0 0 15171
0 0  0 0 0 0 0 0 0 0 0 0 15222
0 0  0 0 0 0 0 0 0 0 0 0 15274
0 0  0 0 0 0 0 0 0 0 0 0 15326
0 0  0 0 0 0 0 0 0 0 0 0 15378
0 0  0 0 0 0 0 0 0 0 0 0 15430
0 0  0 0 0 0 0 0 0 0 0 0 15482
0 0  0 0 0 0 0 0 0 0 0 0 15535
0 0  0 0 0 0 0 0 0 0 0 0 15588
0 0  0 0 0 0 0 0 0 0 0 0 15640
0 0  0 0 0 0 0 0 0 0 0 0 15692
0 0  0 0 0 0 0 0 0 0 0 0 15745
0 0  0 0 0 0 0 0 0 0 0 0 15797
0 0  0 0 0 0 0 0 0 0 0 0 15848
0 0  0 0 0 0 0 0 0 0 0 0 15902
0 0  0 0 0 0 0 0 0 0 0 0 15952
0 0  0 0 0 0 0 0 0 0 0 0 16003
0 0  0 0 0 0 0 0 0 0 0 0 16054
0 0  0 0 0 0 0 0 0 0 0 0 16107
0 0  0 0 0 0 0 0 0 0 0 0 16160
0 0  0 0 0 0 0 0 0 0 0 0 16210
0 0  0 0 0 0 0 0 0 0 0 0 16261
0 0  0 0 0 0 0 0 0 0 0 0 16312
0 0  0 0 0 0 0 0 0 0 0 0 16363
0 0  0 0 0 0 0 0 0 0 0 0 16413
0 0  0 0 0 0 0 0 0 0 0 0 16465
0 0  0 0 0 0 0 0 0 0 0 0 16516
0 0  0 0 0 0 0 0 0 0 0 0 16567
0 0  0 0 0 0 0 0 0 0 0 0 16619
0 0  0 0 0 0 0 0 0 0 0 0 16670
0 0  0 0 0 0 0 0 0 0 0 0 16721
0 0  0 0 0 0 0 0 0 0 0 0 16772
0 0  0 0 0 0 0 0 0 0 0 0 16823
0 0  0 0 0 0 0 0 0 0 0 0 16874
0 0  0 0 0 0 0 0 0 0 0 0 16924
0 0  0 0 0 0 0 0 0 0 0 0 16974
0 0  0 0 0 0 0 0 0 0 0 0 17025
0 0  0 0 0 0 0 0 0 0 0 0 17076
0 0  0 0 0 0 0 0 0 0 0 0 17126
0 0  0 0 0 0 0 0 0 0 0 0 17177
0 0  0 0 0 0 0 0 0 0 0 0 17228
0 0  0 0 0 0 0 0 0 0 0 0 17280
0 0  0 0 0 0 0 0 0 0 0 0 17333
0 0  0 0 0 0 0 0 0 0 0 0 17385
0 0  0 0 0 0 0 0 0 0 0 0 17437
0 0  0 0 0 0 0 0 0 0 0 0 17488
0 0  0 0 0 0 0 0 0 0 0 0 17540
0 0  0 0 0 0 0 0 0 0 0 0 17592
0 0  0 0 0 0 0 0 0 0 0 0 17644
0 0  0 0 0 0 0 0 0 0 0 0 17697
0 0  0 0 0 0 0 0 0 0 0 0 17747
0 0  0 0 0 0 0 0 0 0 0 0 17797
0 0  0 0 0 0 0 0 0 0 0 0 17847
0 0  0 0 0 0 0 0 0 0 0 0 17901
0 0  0 0 0 0 0 0 0 0 0 0 17951
0 0  0 0 0 0 0 0 0 0 0 0 18001
0 0  0 0 0 0 0 0 0 0 0 0 18054
0 0  0 0 0 0 0 0 0 0 0 0 18107
0 0  0 0 0 0 0 0 0 0 0 0 18157
0 0  0 0 0 0 0 0 0 0 0 0 18210
0 0  0 0 0 0 0 0 0 0 0 0 18260
0 0  0 0 0 0 0 0 0 0 0 0 18313
0 0  0 0 0 0 0 0 0 0 0 0 18364
0 0  0 0 0 0 0 0 0 0 0 0 18415
0 0  0 0 0 0 0 0 0 0 0 0 18465
0 0  0 0 0 0 0 0 0 0 0 0 18516
0 0  0 0 0 0 0 0 0 0 0 0 18567
0 0  0 0 0 0 0 0 0 0 0 0 18620
0 0  0 0 0 0 0 0 0 0 0 0 18673
0 0  0 0 0 0 0 0 0 0 0 0 18725
0 0  0 0 0 0 0 0 0 0 0 0 18779
0 0  0 0 0 0 0 0 0 0 0 0 18829
0 0  0 0 0 0 0 0 0 0 0 0 18880
0 0  0 0 0 0 0 0 0 0 0 0 18930
0 0  0 0 0 0 0 0 0 0 0 0 18982
0 0  0 0 0 0 0 0 0 0 0 0 19033
0 0  0 0 0 0 0 0 0 0 0 0 19086
0 0  0 0 0 0 0 0 0 0 0 0 19138
0 0  0 0 0 0 0 0 0 0 0 0 19191
0 0  0 0 0 0 0 0 0 0 0 0 19244
0 0  0 0 0 0 0 0 0 0 0 0 19296
0 0  0 0 0 0 0 0 0 0 0 0 19347
0 0  0 0 0 0 0 0 0 0 0 0 19401
0 0  0 0 0 0 0 0 0 0 0 0 19453
0 0  0 0 0 0 0 0 0 0 0 0 19503
0 0  0 0 0 0 0 0 0 0 0 0 19556
0 0  0 0 0 0 0 0 0 0 0 0 19609
0 0  0 0 0 0 0 0 0 0 0 0 19662
0 0  0 0 0 0 0 0 0 0 0 0 19712
0 0  0 0 0 0 0 0 0 0 0 0 19765
0 0  0 0 0 0 0 0 0 0 0 0 19818
0 0  0 0 0 0 0 0 0 0 0 0 19871
0 0  0 0 0 0 0 0 0 0 0 0 19923
0 0  0 0 0 0 0 0 0 0 0 0 19976
0 0  0 0 0 0 0 0 0 0 0 0 20027
0 0  0 0 0 0 0 0 0 0 0 0 20078
0 0  0 0 0 0 0 0 0 0 0 0 20128
0 0  0 0 0 0 0 0 0 0 0 0 20179
0 0  0 0 0 0 0 0 0 0 0 0 20231
0 0  0 0 0 0 0 0 0 0 0 0 20285
0 0  0 0 0 0 0 0 0 0 0 0 20336
0 0  0 0 0 0 0 0 0 0 0 0 20386
0 0  0 0 0 0 0 0 0 0 0 0 20437
0 0  0 0 0 0 0 0 0 0 0 0 20491
0 0  0 0 0 0 0 0 0 0 0 0 20541
0 0  0 0 0 0 0 0 0 0 0 0 20592
0 0  0 0 0 0 0 0 0 0 0 0 20643
0 0  0 0 0 0 0 0 0 0 0 0 20693
0 0  0 0 0 0 0 0 0 0 0 0 20744
0 0  0 0 0 0 0 0 0 0 0 0 20797
0 0  0 0 0 0 0 0 0 0 0 0 20848
0 0  0 0 0 0 0 0 0 0 0 0 20901
0 0  0 0 0 0 0 0 0 0 0 0 20954
0 0  0 0 0 0 0 0 0 0 0 0 21007
0 0  0 0 0 0 0 0 0 0 0 0 21058
0 0  0 0 0 0 0 0 0 0 0 0 21111
0 0  0 0 0 0 0 0 0 0 0 0 21162
0 0  0 0 0 0 0 0 0 0 0 0 21214
0 0  0 0 0 0 0 0 0 0 0 0 21264
0 0  0 0 0 0 0 0 0 0 0 0 21316
0 0  0 0 0 0 0 0 0 0 0 0 21369
0 0  0 0 0 0 0 0 0 0 0 0 21421
0 0  0 0 0 0 0 0 0 0 0 0 21473
0 0  0 0 0 0 0 0 0 0 0 0 21525
0 0  0 0 0 0 0 0 0 0 0 0 21574
0 0  0 0 0 0 0 0 0 0 0 0 21628
0 0  0 0 0 0 0 0 0 0 0 0 21680
0 0  0 0 0 0 0 0 0 0 0 0 21732
0 0  0 0 0 0 0 0 0 0 0 0 21783
0 0  0 0 0 0 0 0 0 0 0 0 21836
0 0  0 0 0 0 0 0 0 0 0 0 21889
0 0  0 0 0 0 0 0 0 0 0 0 21942
0 0  0 0 0 0 0 0 0 0 0 0 21996
0 0  0 0 0 0 0 0 0 0 0 0 22046
0 0  0 0 0 0 0 0 0 0 0 0 22099
0 0  0 0 0 0 0 0 0 0 0 0 22151
0 0  0 0 0 0 0 0 0 0 0 0 22202
0 0  0 0 0 0 0 0 0 0 0 0 22255
0 0  0 0 0 0 0 0 0 0 0 0 22306
0 0  0 0 0 0 0 0 0 0 0 0 22359
0 0  0 0 0 0 0 0 0 0 0 0 22412
0 0  0 0 0 0 0 0 0 0 0 0 22463
0 0  0 0 0 0 0 0 0 0 0 0 22517
0 0  0 0 0 0 0 0 0 0 0 0 22566
0 0  0 0 0 0 0 0 0 0 0 0 22616
0 0  0 0 0 0 0 0 0 0 0 0 22668
0 0  0 0 0 0 0 0 0 0 0 0 22719
0 0  0 0 0 0 0 0 0 0 0 0 22772
0 0  0 0 0 0 0 0 0 0 0 0 22822
0 0  0 0 0 0 0 0 0 0 0 0 22872
0 0  0 0 0 0 0 0 0 0 0 0 22926
0 0  0 0 0 0 0 0 0 0 0 0 22980
0 0  0 0 0 0 0 0 0 0 0 0 23032
0 0  0 0 0 0 0 0 0 0 0 0 23083
0 0  0 0 0 0 0 0 0 0 0 0 23135
0 0  0 0 0 0 0 0 0 0 0 0 23186
0 0  0 0 0 0 0 0 0 0 0 0 23239
0 0  0 0 0 0 0 0 0 0 0 0 23292
0 0  0 0 0 0 0 0 0 0 0 0 23344
0 0  0 0 0 0 0 0 0 0 0 0 23396
0 0  0 0 0 0 0 0 0 0 0 0 23446
0 0  0 0 0 0 0 0 0 0 0 0 23500
0 0  0 0 0 0 0 0 0 0 0 0 23551
0 0  0 0 0 0 0 0 0 0 0 0 23602
0 0  0 0 0 0 0 0 0 0 0 0 23653
0 0  0 0 0 0 0 0 0 0 0 0 23703
0 0  0 0 0 0 0 0 0 0 0 0 23755
0 0  0 0 0 0 0 0 0 0 0 0 23808
0 0  0 0 0 0 0 0 0 0 0 0 23861
0 0  0 0 0 0 0 0 0 0 0 0 23910
0 0  0 0 0 0 0 0 0 0 0 0 23962
0 0  0 0 0 0 0 0 0 0 0 0 24015
0 0  0 0 0 0 0 0 0 0 0 0 24067
0 0  0 0 0 0 0 0 0 0 0 0 24118
0 0  0 0 0 0 0 0 0 0 0 0 24168
0 0  0 0 0 0 0 0 0 0 0 0 24220
0 0  0 0 0 0 0 0 0 0 0 0 24271
0 0  0 0 0 0 0 0 0 0 0 0 24323
0 0  0 0 0 0 0 0 0 0 0 0 24375
0 0  0 0 0 0 0 0 0 0 0 0 24425
0 0  0 0 0 0 0 0 0 0 0 0 24477
0 0  0 0 0 0 0 0 0 0 0 0 24530
0 0  0 0 0 0 0 0 0 0 0 0 24583
0 0  0 0 0 0 0 0 0 0 0 0 24635
0 0  0 0 0 0 0 0 0 0 0 0 24686
0 0  0 0 0 0 0 0 0 0 0 0 24739
0 0  0 0 0 0 0 0 0 0 0 0 24789
0 0  0 0 0 0 0 0 0 0 0 0 24842
0 0  0 0 0 0 0 0 0 0 0 0 24894
0 0  0 0 0 0 0 0 0 0 0 0 24945
0 0  0 0 0 0 0 0 0 0 0 0 24997
0 0  0 0 0 0 0 0 0 0 0 0 25048
0 0  0 0 0 0 0 0 0 0 0 0 25099
0 0  0 0 0 0 0 0 0 0 0 0 25153
0 0  0 0 0 0 0 0 0 0 0 0 25203
0 0  0 0 0 0 0 0 0 0 0 0 25253
0 0  0 0 0 0 0 0 0 0 0 0 25303
0 0  0 0 0 0 0 0 0 0 0 0 25354
0 0  0 0 0 0 0 0 0 0 0 0 25404
0 0  0 0 0 0 0 0 0 0 0 0 25454
0 0  0 0 0 0 0 0 0 0 0 0 25508
0 0  0 0 0 0 0 0 0 0 0 0 25558
0 0  0 0 0 0 0 0 0 0 0 0 25610
0 0  0 0 0 0 0 0 0 0 0 0 25661
0 0  0 0 0 0 0 0 0 0 0 0 25712
0 0  0 0 0 0 0 0 0 0 0 0 25763
0 0  0 0 0 0 0 0 0 0 0 0 25816
0 0  0 0 0 0 0 0 0 0 0 0 25868
0 0  0 0 0 0 0 0 0 0 0 0 25918
0 0  0 0 0 0 0 0 0 0 0 0 25968
0 0  0 0 0 0 0 0 0 0 0 0 26018
0 0  0 0 0 0 0 0 0 0 0 0 26069
0 0  0 0 0 0 0 0 0 0 0 0 26121
0 0  0 0 0 0 0 0 0 0 0 0 26173
0 0  0 0 0 0 0 0 0 0 0 0 26225
0 0  0 0 0 0 0 0 0 0 0 0 26276
0 0  0 0 0 0 0 0 0 0 0 0 26326
0 0  0 0 0 0 0 0 0 0 0 0 26378
0 0  0 0 0 0 0 0 0 0 0 0 26428
0 0  0 0 0 0 0 0 0 0 0 0 26478
0 0  0 0 0 0 0 0 0 0 0 0 26529
0 0  0 0 0 0 0 0 0 0 0 0 26582
0 0  0 0 0 0 0 0 0 0 0 0 26634
0 0  0 0 0 0 0 0 0 0 0 0 26687
0 0  0 0 0 0 0 0 0 0 0 0 26740
0 0  0 0 0 0 0 0 0 0 0 0 26790
0 0  0 0 0 0 0 0 0 0 0 0 26843
0 0  0 0 0 0 0 0 0 0 0 0 26894
0 0  0 0 0 0 0 0 0 0 0 0 26947
0 0  0 0 0 0 0 0 0 0 0 0 27001
0 0  0 0 0 0 0 0 0 0 0 0 27053
0 0  0 0 0 0 0 0 0 0 0 0 27103
0 0  0 0 0 0 0 0 0 0 0 0 27155
0 0  0 0 0 0 0 0 0 0 0 0 27204
0 0  0 0 0 0 0 0 0 0 0 0 27255
0 0  0 0 0 0 0 0 0 0 0 0 27306
0 0  0 0 0 0 0 0 0 0 0 0 27358
0 0  0 0 0 0 0 0 0 0 0 0 27408
0 0  0 0 0 0 0 0 0 0 0 0 27462
0 0  0 0 0 0 0 0 0 0 0 0 27514
0 0  0 0 0 0 0 0 0 0 0 0 27565
0 0  0 0 0 0 0 0 0 0 0 0 27620
0 0  0 0 0 0 0 0 0 0 0 0 27670
0 0  0 0 0 0 0 0 0 0 0 0 27723
0 0  0 0 0 0 0 0 0 0 0 0 27775
0 0  0 0 0 0 0 0 0 0 0 0 27827
0 0  0 0 0 0 0 0 0 0 0 0 27878
0 0  0 0 0 0 0 0 0 0 0 0 27928
0 0  0 0 0 0 0 0 0 0 0 0 27978
0 0  0 0 0 0 0 0 0 0 0 0 28029
0 0  0 0 0 0 0 0 0 0 0 0 28081
0 0  0 0 0 0 0 0 0 0 0 0 28131
0 0  0 0 0 0 0 0 0 0 0 0 28181
0 0  0 0 0 0 0 0 0 0 0 0 28233
0 0  0 0 0 0 0 0 0 0 0 0 28284
0 0  0 0 0 0 0 0 0 0 0 0 28335
0 0  0 0 0 0 0 0 0 0 0 0 28385
0 0  0 0 0 0 0 0 0 0 0 0 28439
0 0  0 0 0 0 0 0 0 0 0 0 28491
0 0  0 0 0 0 0 0 0 0 0 0 28542
0 0  0 0 0 0 0 0 0 0 0 0 28599
0 0  0 0 0 0 0 0 0 0 0 0 28650
0 0  0 0 0 0 0 0 0 0 0 0 28701
0 0  0 0 0 0 0 0 0 0 0 0 28751
0 0  0 0 0 0 0 0 0 0 0 0 28805
0 0  0 0 0 0 0 0 0 0 0 0 28857
0 0  0 0 0 0 0 0 0 0 0 0 28909
0 0  0 0 0 0 0 0 0 0 0 0 28959
0 0  0 0 0 0 0 0 0 0 0 0 29012
0 0  0 0 0 0 0 0 0 0 0 0 29065
0 0  0 0 0 0 0 0 0 0 0 0 29118
0 0  0 0 0 0 0 0 0 0 0 0 29170
0 0  0 0 0 0 0 0 0 0 0 0 29221
0 0  0 0 0 0 0 0 0 0 0 0 29272
0 0  0 0 0 0 0 0 0 0 0 0 29323
0 0  0 0 0 0 0 0 0 0 0 0 29377
0 0  0 0 0 0 0 0 0 0 0 0 29428
0 0  0 0 0 0 0 0 0 0 0 0 29480
0 0  0 0 0 0 0 0 0 0 0 0 29531
0 0  0 0 0 0 0 0 0 0 0 0 29584
0 0  0 0 0 0 0 0 0 0 0 0 29637
0 0  0 0 0 0 0 0 0 0 0 0 29690
0 0  0 0 0 0 0 0 0 0 0 0 29743
0 0  0 0 0 0 0 0 0 0 0 0 29793
0 0  0 0 0 0 0 0 0 0 0 0 29843
0 0  0 0 0 0 0 0 0 0 0 0 29895
0 0  0 0 0 0 0 0 0 0 0 0 29946
0 0  0 0 0 0 0 0 0 0 0 0 29997
0 0  0 0 0 0 0 0 0 0 0 0 30047
0 0  0 0 0 0 0 0 0 0 0 0 30098
0 0  0 0 0 0 0 0 0 0 0 0 30150
0 0  0 0 0 0 0 0 0 0 0 0 30202
0 0  0 0 0 0 0 0 0 0 0 0 30254
0 0  0 0 0 0 0 0 0 0 0 0 30307
0 0  0 0 0 0 0 0 0 0 0 0 30359
0 0  0 0 0 0 0 0 0 0 0 0 30410
0 0  0 0 0 0 0 0 0 0 0 0 30463
0 0  0 0 0 0 0 0 0 0 0 0 30515
0 0  0 0 0 0 0 0 0 0 0 0 30565
0 0  0 0 0 0 0 0 0 0 0 0 30620
0 0  0 0 0 0 0 0 0 0 0 0 30671
0 0  0 0 0 0 0 0 0 0 0 0 30721
0 0  0 0 0 0 0 0 0 0 0 0 30772
0 0  0 0 0 0 0 0 0 0 0 0 30824
0 0  0 0 0 0 0 0 0 0 0 0 30880
0 0  0 0 0 0 0 0 0 0 0 0 30933
0 0  0 0 0 0 0 0 0 0 0 0 30985
0 0  0 0 0 0 0 0 0 0 0 0 31035
0 0  0 0 0 0 0 0 0 0 0 0 31088
0 0  0 0 0 0 0 0 0 0 0 0 31138
0 0  0 0 0 0 0 0 0 0 0 0 31190
0 0  0 0 0 0 0 0 0 0 0 0 31241
0 0  0 0 0 0 0 0 0 0 0 0 31292
0 0  0 0 0 0 0 0 0 0 0 0 31344
0 0  0 0 0 0 0 0 0 0 0 0 31395
0 0  0 0 0 0 0 0 0 0 0 0 31448
0 0  0 0 0 0 0 0 0 0 0 0 31498
0 0  0 0 0 0 0 0 0 0 0 0 31551
0 0  0 0 0 0 0 0 0 0 0 0 31602
0 0  0 0 0 0 0 0 0 0 0 0 31653
0 0  0 0 0 0 0 0 0 0 0 0 31703
0 0  0 0 0 0 0 0 0 0 0 0 31753
0 0  0 0 0 0 0 0 0 0 0 0 31804
0 0  0 0 0 0 0 0 0 0 0 0 31856
0 0  0 0 0 0 0 0 0 0 0 0 31908
0 0  0 0 0 0 0 0 0 0 0 0 31960
0 0  0 0 0 0 0 0 0 0 0 0 32013
0 0  0 0 0 0 0 0 0 0 0 0 32067
0 0  0 0 0 0 0 0 0 0 0 0 32119
0 0  0 0 0 0 0 0 0 0 0 0 32173
0 0  0 0 0 0 0 0 0 0 0 0 32225
0 0  0 0 0 0 0 0 0 0 0 0 32279
0 0  0 0 0 0 0 0 0 0 0 0 32330
0 0  0 0 0 0 0 0 0 0 0 0 32381
0 0  0 0 0 0 0 0 0 0 0 0 32437
0 0  0 0 0 0 0 0 0 0 0 0 32487
0 0  0 0 0 0 0 0 0 0 0 0 32538
0 0  0 0 0 0 0 0 0 0 0 0 32590
0 0  0 0 0 0 0 0 0 0 0 0 32641
0 0  0 0 0 0 0 0 0 0 0 0 32695
0 0  0 0 0 0 0 0 0 0 0 0 32748
0 0  0 0 0 0 0 0 0 0 0 0 32798
0 0  0 0 0 0 0 0 0 0 0 0 32850
0 0  0 0 0 0 0 0 0 0 0 0 32902
0 0  0 0 0 0 0 0 0 0 0 0 32954
0 0  0 0 0 0 0 0 0 0 0 0 33005
0 0  0 0 0 0 0 0 0 0 0 0 33060
0 0  0 0 0 0 0 0 0 0 0 0 33114
0 0  0 0 0 0 0 0 0 0 0 0 33167
0 0  0 0 0 0 0 0 0 0 0 0 33218
0 0  0 0 0 0 0 0 0 0 0 0 33270
0 0  0 0 0 0 0 0 0 0 0 0 33324
0 0  0 0 0 0 0 0 0 0 0 0 33382
0 0  0 0 0 0 0 0 0 0 0 0 33427
0 0  0 0 0 0 0 0 0 0 0 0 33481
0 0  0 0 0 0 0 0 0 0 0 0 33536
0 0  0 0 0 0 0 0 0 0 0 0 33590
0 0  0 0 0 0 0 0 0 0 0 0 33644
0 0  0 0 0 0 0 0 0 0 0 0 33696
0 0  0 0 0 0 0 0 0 0 0 0 33747
0 0  0 0 0 0 0 0 0 0 0 0 33801
0 0  0 0 0 0 0 0 0 0 0 0 33855
0 0  0 0 0 0 0 0 0 0 0 0 33908
0 0  0 0 0 0 0 0 0 0 0 0 33959
0 0  0 0 0 0 0 0 0 0 0 0 34010
0 0  0 0 0 0 0 0 0 0 0 0 34063
0 0  0 0 0 0 0 0 0 0 0 0 34117
0 0  0 0 0 0 0 0 0 0 0 0 34169
0 0  0 0 0 0 0 0 0 0 0 0 34221
0 0  0 0 0 0 0 0 0 0 0 0 34275
0 0  0 0 0 0 0 0 0 0 0 0 34326
0 0  0 0 0 0 0 0 0 0 0 0 34380
0 0  0 0 0 0 0 0 0 0 0 0 34432
0 0  0 0 0 0 0 0 0 0 0 0 34486
0 0  0 0 0 0 0 0 0 0 0 0 34536
0 0  0 0 0 0 0 0 0 0 0 0 34587
0 0  0 0 0 0 0 0 0 0 0 0 34640
0 0  0 0 0 0 0 0 0 0 0 0 34694
0 0  0 0 0 0 0 0 0 0 0 0 34748
0 0  0 0 0 0 0 0 0 0 0 0 34799
0 0  0 0 0 0 0 0 0 0 0 0 34850
0 0  0 0 0 0 0 0 0 0 0 0 34901
0 0  0 0 0 0 0 0 0 0 0 0 34954
0 0  0 0 0 0 0 0 0 0 0 0 35005
0 0  0 0 0 0 0 0 0 0 0 0 35058
0 0  0 0 0 0 0 0 0 0 0 0 35109
0 0  0 0 0 0 0 0 0 0 0 0 35162
0 0  0 0 0 0 0 0 0 0 0 0 35214
0 0  0 0 0 0 0 0 0 0 0 0 35265
0 0  0 0 0 0 0 0 0 0 0 0 35317
0 0  0 0 0 0 0 0 0 0 0 0 35370
0 0  0 0 0 0 0 0 0 0 0 0 35420
0 0  0 0 0 0 0 0 0 0 0 0 35472
0 0  0 0 0 0 0 0 0 0 0 0 35523
0 0  0 0 0 0 0 0 0 0 0 0 35576
0 0  0 0 0 0 0 0 0 0 0 0 35627
0 0  0 0 0 0 0 0 0 0 0 0 35680
0 0  0 0 0 0 0 0 0 0 0 0 35733
0 0  0 0 0 0 0 0 0 0 0 0 35786
0 0  0 0 0 0 0 0 0 0 0 0 35839
0 0  0 0 0 0 0 0 0 0 0 0 35890
0 0  0 0 0 0 0 0 0 0 0 0 35944
0 0  0 0 0 0 0 0 0 0 0 0 35997
0 0  0 0 0 0 0 0 0 0 0 0 36048
0 0  0 0 0 0 0 0 0 0 0 0 36099
0 0  0 0 0 0 0 0 0 0 0 0 36149
0 0  0 0 0 0 0 0 0 0 0 0 36201
0 0  0 0 0 0 0 0 0 0 0 0 36255
0 0  0 0 0 0 0 0 0 0 0 0 36306
0 0  0 0 0 0 0 0 0 0 0 0 36359
0 0  0 0 0 0 0 0 0 0 0 0 36413
0 0  0 0 0 0 0 0 0 0 0 0 36466
0 0  0 0 0 0 0 0 0 0 0 0 36517
0 0  0 0 0 0 0 0 0 0 0 0 36568
0 0  0 0 0 0 0 0 0 0 0 0 36620
0 0  0 0 0 0 0 0 0 0 0 0 36670
0 0  0 0 0 0 0 0 0 0 0 0 36723
0 0  0 0 0 0 0 0 0 0 0 0 36775
0 0  0 0 0 0 0 0 0 0 0 0 36826
0 0  0 0 0 0 0 0 0 0 0 0 36877
0 0  0 0 0 0 0 0 0 0 0 0 36932
0 0  0 0 0 0 0 0 0 0 0 0 36981
0 0  0 0 0 0 0 0 0 0 0 0 37036
0 0  0 0 0 0 0 0 0 0 0 0 37091
0 0  0 0 0 0 0 0 0 0 0 0 37144
0 0  0 0 0 0 0 0 0 0 0 0 37195
0 0  0 0 0 0 0 0 0 0 0 0 37247
0 0  0 0 0 0 0 0 0 0 0 0 37300
0 0  0 0 0 0 0 0 0 0 0 0 37352
0 0  0 0 0 0 0 0 0 0 0 0 37405
0 0  0 0 0 0 0 0 0 0 0 0 37459
0 0  0 0 0 0 0 0 0 0 0 0 37510
0 0  0 0 0 0 0 0 0 0 0 0 37563
0 0  0 0 0 0 0 0 0 0 0 0 37616
0 0  0 0 0 0 0 0 0 0 0 0 37667
0 0  0 0 0 0 0 0 0 0 0 0 37720
0 0  0 0 0 0 0 0 0 0 0 0 37772
0 0  0 0 0 0 0 0 0 0 0 0 37824
0 0  0 0 0 0 0 0 0 0 0 0 37875
0 0  0 0 0 0 0 0 0 0 0 0 37926
0 0  0 0 0 0 0 0 0 0 0 0 37980
0 0  0 0 0 0 0 0 0 0 0 0 38032
0 0  0 0 0 0 0 0 0 0 0 0 38083
0 0  0 0 0 0 0 0 0 0 0 0 38133
0 0  0 0 0 0 0 0 0 0 0 0 38185
0 0  0 0 0 0 0 0 0 0 0 0 38238
0 0  0 0 0 0 0 0 0 0 0 0 38292
0 0  0 0 0 0 0 0 0 0 0 0 38346
0 0  0 0 0 0 0 0 0 0 0 0 38401
0 0  0 0 0 0 0 0 0 0 0 0 38453
0 0  0 0 0 0 0 0 0 0 0 0 38506
0 0  0 0 0 0 0 0 0 0 0 0 38558
0 0  0 0 0 0 0 0 0 0 0 0 38612
0 0  0 0 0 0 0 0 0 0 0 0 38666
0 0  0 0 0 0 0 0 0 0 0 0 38718
0 0  0 0 0 0 0 0 0 0 0 0 38771
0 0  0 0 0 0 0 0 0 0 0 0 38822
0 0  0 0 0 0 0 0 0 0 0 0 38875
0 0  0 0 0 0 0 0 0 0 0 0 38928
0 0  0 0 0 0 0 0 0 0 0 0 38978
0 0  0 0 0 0 0 0 0 0 0 0 39030
0 0  0 0 0 0 0 0 0 0 0 0 39082
0 0  0 0 0 0 0 0 0 0 0 0 39135
0 0  0 0 0 0 0 0 0 0 0 0 39189
0 0  0 0 0 0 0 0 0 0 0 0 39241
0 0  0 0 0 0 0 0 0 0 0 0 39294
0 0  0 0 0 0 0 0 0 0 0 0 39344
0 0  0 0 0 0 0 0 0 0 0 0 39395
0 0  0 0 0 0 0 0 0 0 0 0 39448
0 0  0 0 0 0 0 0 0 0 0 0 39501
0 0  0 0 0 0 0 0 0 0 0 0 39553
0 0  0 0 0 0 0 0 0 0 0 0 39605
0 0  0 0 0 0 0 0 0 0 0 0 39656
0 0  0 0 0 0 0 0 0 0 0 0 39708
0 0  0 0 0 0 0 0 0 0 0 0 39761
0 0  0 0 0 0 0 0 0 0 0 0 39810
0 0  0 0 0 0 0 0 0 0 0 0 39863
0 0  0 0 0 0 0 0 0 0 0 0 39915
0 0  0 0 0 0 0 0 0 0 0 0 39968
0 0  0 0 0 0 0 0 0 0 0 0 40022
0 0  0 0 0 0 0 0 0 0 0 0 40073
0 0  0 0 0 0 0 0 0 0 0 0 40125
0 0  0 0 0 0 0 0 0 0 0 0 40176
0 0  0 0 0 0 0 0 0 0 0 0 40228
0 0  0 0 0 0 0 0 0 0 0 0 40282
0 0  0 0 0 0 0 0 0 0 0 0 40334
0 0  0 0 0 0 0 0 0 0 0 0 40387
0 0  0 0 0 0 0 0 0 0 0 0 40438
0 0  0 0 0 0 0 0 0 0 0 0 40491
0 0  0 0 0 0 0 0 0 0 0 0 40543
0 0  0 0 0 0 0 0 0 0 0 0 40596
0 0  0 0 0 0 0 0 0 0 0 0 40649
0 0  0 0 0 0 0 0 0 0 0 0 40701
0 0  0 0 0 0 0 0 0 0 0 0 40754
0 0  0 0 0 0 0 0 0 0 0 0 40804
0 0  0 0 0 0 0 0 0 0 0 0 40856
0 0  0 0 0 0 0 0 0 0 0 0 40909
0 0  0 0 0 0 0 0 0 0 0 0 40961
0 0  0 0 0 0 0 0 0 0 0 0 41015
0 0  0 0 0 0 0 0 0 0 0 0 41068
0 0  0 0 0 0 0 0 0 0 0 0 41118
0 0  0 0 0 0 0 0 0 0 0 0 41169
0 0  0 0 0 0 0 0 0 0 0 0 41222
0 0  0 0 0 0 0 0 0 0 0 0 41274
0 0  0 0 0 0 0 0 0 0 0 0 41328
0 0  0 0 0 0 0 0 0 0 0 0 41380
0 0  0 0 0 0 0 0 0 0 0 0 41436
0 0  0 0 0 0 0 0 0 0 0 0 41488
0 0  0 0 0 0 0 0 0 0 0 0 41542
0 0  0 0 0 0 0 0 0 0 0 0 41595
0 0  0 0 0 0 0 0 0 0 0 0 41648
0 0  0 0 0 0 0 0 0 0 0 0 41700
0 0  0 0 0 0 0 0 0 0 0 0 41751
0 0  0 0 0 0 0 0 0 0 0 0 41806
0 0  0 0 0 0 0 0 0 0 0 0 41856
0 0  0 0 0 0 0 0 0 0 0 0 41910
0 0  0 0 0 0 0 0 0 0 0 0 41963
0 0  0 0 0 0 0 0 0 0 0 0 42022
0 0  0 0 0 0 0 0 0 0 0 0 42072
0 0  0 0 0 0 0 0 0 0 0 0 42125
0 0  0 0 0 0 0 0 0 0 0 0 42178
0 0  0 0 0 0 0 0 0 0 0 0 42228
0 0  0 0 0 0 0 0 0 0 0 0 42282
0 0  0 0 0 0 0 0 0 0 0 0 42333
0 0  0 0 0 0 0 0 0 0 0 0 42384
0 0  0 0 0 0 0 0 0 0 0 0 42435
0 0  0 0 0 0 0 0 0 0 0 0 42486
0 0  0 0 0 0 0 0 0 0 0 0 42537
0 0  0 0 0 0 0 0 0 0 0 0 42589
0 0  0 0 0 0 0 0 0 0 0 0 42640
0 0  0 0 0 0 0 0 0 0 0 0 42694
0 0  0 0 0 0 0 0 0 0 0 0 42746
0 0  0 0 0 0 0 0 0 0 0 0 42799
0 0  0 0 0 0 0 0 0 0 0 0 42851
0 0  0 0 0 0 0 0 0 0 0 0 42902
0 0  0 0 0 0 0 0 0 0 0 0 42957
0 0  0 0 0 0 0 0 0 0 0 0 43010
0 0  0 0 0 0 0 0 0 0 0 0 43061
0 0  0 0 0 0 0 0 0 0 0 0 43111
0 0  0 0 0 0 0 0 0 0 0 0 43161
0 0  0 0 0 0 0 0 0 0 0 0 43213
0 0  0 0 0 0 0 0 0 0 0 0 43264
0 0  0 0 0 0 0 0 0 0 0 0 43315
0 0  0 0 0 0 0 0 0 0 0 0 43367
0 0  0 0 0 0 0 0 0 0 0 0 43417
0 0  0 0 0 0 0 0 0 0 0 0 43470
0 0  0 0 0 0 0 0 0 0 0 0 43522
0 0  0 0 0 0 0 0 0 0 0 0 43574
0 0  0 0 0 0 0 0 0 0 0 0 43627
0 0  0 0 0 0 0 0 0 0 0 0 43681
0 0  0 0 0 0 0 0 0 0 0 0 43732
0 0  0 0 0 0 0 0 0 0 0 0 43784
0 0  0 0 0 0 0 0 0 0 0 0 43836
0 0  0 0 0 0 0 0 0 0 0 0 43887
0 0  0 0 0 0 0 0 0 0 0 0 43939
0 0  0 0 0 0 0 0 0 0 0 0 43993
0 0  0 0 0 0 0 0 0 0 0 0 44045
0 0  0 0 0 0 0 0 0 0 0 0 44097
0 0  0 0 0 0 0 0 0 0 0 0 44151
0 0  0 0 0 0 0 0 0 0 0 0 44204
0 0  0 0 0 0 0 0 0 0 0 0 44257
0 0  0 0 0 0 0 0 0 0 0 0 44309
0 0  0 0 0 0 0 0 0 0 0 0 44359
0 0  0 0 0 0 0 0 0 0 0 0 44411
0 0  0 0 0 0 0 0 0 0 0 0 44466
0 0  0 0 0 0 0 0 0 0 0 0 44519
0 0  0 0 0 0 0 0 0 0 0 0 44572
0 0  0 0 0 0 0 0 0 0 0 0 44626
0 0  0 0 0 0 0 0 0 0 0 0 44677
0 0  0 0 0 0 0 0 0 0 0 0 44731
0 0  0 0 0 0 0 0 0 0 0 0 44781
0 0  0 0 0 0 0 0 0 0 0 0 44834
0 0  0 0 0 0 0 0 0 0 0 0 44888
0 0  0 0 0 0 0 0 0 0 0 0 44938
0 0  0 0 0 0 0 0 0 0 0 0 44992
0 0  0 0 0 0 0 0 0 0 0 0 45043
0 0  0 0 0 0 0 0 0 0 0 0 45093
0 0  0 0 0 0 0 0 0 0 0 0 45146
0 0  0 0 0 0 0 0 0 0 0 0 45199
0 0  0 0 0 0 0 0 0 0 0 0 45249
0 0  0 0 0 0 0 0 0 0 0 0 45302
0 0  0 0 0 0 0 0 0 0 0 0 45354
0 0  0 0 0 0 0 0 0 0 0 0 45407
0 0  0 0 0 0 0 0 0 0 0 0 45459
0 0  0 0 0 0 0 0 0 0 0 0 45514
0 0  0 0 0 0 0 0 0 0 0 0 45566
0 0  0 0 0 0 0 0 0 0 0 0 45620
0 0  0 0 0 0 0 0 0 0 0 0 45670
0 0  0 0 0 0 0 0 0 0 0 0 45722
0 0  0 0 0 0 0 0 0 0 0 0 45775
0 0  0 0 0 0 0 0 0 0 0 0 45828
0 0  0 0 0 0 0 0 0 0 0 0 45882
0 0  0 0 0 0 0 0 0 0 0 0 45934
0 0  0 0 0 0 0 0 0 0 0 0 45987
0 0  0 0 0 0 0 0 0 0 0 0 46040
0 0  0 0 0 0 0 0 0 0 0 0 46092
0 0  0 0 0 0 0 0 0 0 0 0 46142
0 0  0 0 0 0 0 0 0 0 0 0 46193
0 0  0 0 0 0 0 0 0 0 0 0 46244
0 0  0 0 0 0 0 0 0 0 0 0 46298
0 0  0 0 0 0 0 0 0 0 0 0 46350
0 0  0 0 0 0 0 0 0 0 0 0 46403
0 0  0 0 0 0 0 0 0 0 0 0 46455
0 0  0 0 0 0 0 0 0 0 0 0 46508
0 0  0 0 0 0 0 0 0 0 0 0 46560
0 0  0 0 0 0 0 0 0 0 0 0 46614
0 0  0 0 0 0 0 0 0 0 0 0 46668
0 0  0 0 0 0 0 0 0 0 0 0 46720
0 0  0 0 0 0 0 0 0 0 0 0 46770
0 0  0 0 0 0 0 0 0 0 0 0 46838
0 0  0 0 0 0 0 0 0 0 0 0 46889
0 0  0 0 0 0 0 0 0 0 0 0 46943
0 0  0 0 0 0 0 0 0 0 0 0 46995
0 0  0 0 0 0 0 0 0 0 0 0 47047
0 0  0 0 0 0 0 0 0 0 0 0 47099
0 0  0 0 0 0 0 0 0 0 0 0 47151
0 0  0 0 0 0 0 0 0 0 0 0 47206
0 0  0 0 0 0 0 0 0 0 0 0 47257
0 0  0 0 0 0 0 0 0 0 0 0 47310
0 0  0 0 0 0 0 0 0 0 0 0 47364
0 0  0 0 0 0 0 0 0 0 0 0 47421
0 0  0 0 0 0 0 0 0 0 0 0 47473
0 0  0 0 0 0 0 0 0 0 0 0 47524
0 0  0 0 0 0 0 0 0 0 0 0 47579
0 0  0 0 0 0 0 0 0 0 0 0 47630
0 0  0 0 0 0 0 0 0 0 0 0 47684
0 0  0 0 0 0 0 0 0 0 0 0 47736
0 0  0 0 0 0 0 0 0 0 0 0 47788
0 0  0 0 0 0 0 0 0 0 0 0 47841
0 0  0 0 0 0 0 0 0 0 0 0 47895
0 0  0 0 0 0 0 0 0 0 0 0 47947
0 0  0 0 0 0 0 0 0 0 0 0 48001
0 0  0 0 0 0 0 0 0 0 0 0 48051
0 0  0 0 0 0 0 0 0 0 0 0 48104
0 0  0 0 0 0 0 0 0 0 0 0 48154
0 0  0 0 0 0 0 0 0 0 0 0 48208
0 0  0 0 0 0 0 0 0 0 0 0 48260
0 0  0 0 0 0 0 0 0 0 0 0 48313
0 0  0 0 0 0 0 0 0 0 0 0 48367
0 0  0 0 0 0 0 0 0 0 0 0 48420
0 0  0 0 0 0 0 0 0 0 0 0 48473
0 0  0 0 0 0 0 0 0 0 0 0 48525
0 0  0 0 0 0 0 0 0 0 0 0 48575
0 0  0 0 0 0 0 0 0 0 0 0 48630
0 0  0 0 0 0 0 0 0 0 0 0 48682
0 0  0 0 0 0 0 0 0 0 0 0 48735
0 0  0 0 0 0 0 0 0 0 0 0 48788
0 0  0 0 0 0 0 0 0 0 0 0 48839
0 0  0 0 0 0 0 0 0 0 0 0 48890
0 0  0 0 0 0 0 0 0 0 0 0 48943
0 0  0 0 0 0 0 0 0 0 0 0 48996
0 0  0 0 0 0 0 0 0 0 0 0 49050
0 0  0 0 0 0 0 0 0 0 0 0 49103
0 0  0 0 0 0 0 0 0 0 0 0 49157
0 0  0 0 0 0 0 0 0 0 0 0 49209
0 0  0 0 0 0 0 0 0 0 0 0 49262
0 0  0 0 0 0 0 0 0 0 0 0 49315
0 0  0 0 0 0 0 0 0 0 0 0 49368
0 0  0 0 0 0 0 0 0 0 0 0 49419
0 0  0 0 0 0 0 0 0 0 0 0 49470
0 0  0 0 0 0 0 0 0 0 0 0 49523
0 0  0 0 0 0 0 0 0 0 0 0 49575
0 0  0 0 0 0 0 0 0 0 0 0 49626
0 0  0 0 0 0 0 0 0 0 0 0 49677
0 0  0 0 0 0 0 0 0 0 0 0 49729
0 0  0 0 0 0 0 0 0 0 0 0 49781
0 0  0 0 0 0 0 0 0 0 0 0 49831
0 0  0 0 0 0 0 0 0 0 0 0 49885
0 0  0 0 0 0 0 0 0 0 0 0 49939
0 0  0 0 0 0 0 0 0 0 0 0 49991
0 0  0 0 0 0 0 0 0 0 0 0 50046
0 0  0 0 0 0 0 0 0 0 0 0 50097
0 0  0 0 0 0 0 0 0 0 0 0 50148
0 0  0 0 0 0 0 0 0 0 0 0 50200
0 0  0 0 0 0 0 0 0 0 0 0 50253
0 0  0 0 0 0 0 0 0 0 0 0 50305
0 0  0 0 0 0 0 0 0 0 0 0 50357
0 0  0 0 0 0 0 0 0 0 0 0 50409
0 0  0 0 0 0 0 0 0 0 0 0 50459
0 0  0 0 0 0 0 0 0 0 0 0 50510
0 0  0 0 0 0 0 0 0 0 0 0 50561
0 0  0 0 0 0 0 0 0 0 0 0 50613
0 0  0 0 0 0 0 0 0 0 0 0 50667
0 0  0 0 0 0 0 0 0 0 0 0 50720
0 0  0 0 0 0 0 0 0 0 0 0 50770
0 0  0 0 0 0 0 0 0 0 0 0 50823
0 0  0 0 0 0 0 0 0 0 0 0 50877
0 0  0 0 0 0 0 0 0 0 0 0 50929
0 0  0 0 0 0 0 0 0 0 0 0 50983
0 0  0 0 0 0 0 0 0 0 0 0 51036
0 0  0 0 0 0 0 0 0 0 0 0 51088
0 0  0 0 0 0 0 0 0 0 0 0 51140
0 0  0 0 0 0 0 0 0 0 0 0 51192
0 0  0 0 0 0 0 0 0 0 0 0 51246
0 0  0 0 0 0 0 0 0 0 0 0 51300
0 0  0 0 0 0 0 0 0 0 0 0 51353
0 0  0 0 0 0 0 0 0 0 0 0 51407
0 0  0 0 0 0 0 0 0 0 0 0 51460
0 0  0 0 0 0 0 0 0 0 0 0 51513
0 0  0 0 0 0 0 0 0 0 0 0 51563
0 0  0 0 0 0 0 0 0 0 0 0 51615
0 0  0 0 0 0 0 0 0 0 0 0 51668
0 0  0 0 0 0 0 0 0 0 0 0 51720
0 0  0 0 0 0 0 0 0 0 0 0 51770
0 0  0 0 0 0 0 0 0 0 0 0 51821
0 0  0 0 0 0 0 0 0 0 0 0 51874
0 0  0 0 0 0 0 0 0 0 0 0 51928
0 0  0 0 0 0 0 0 0 0 0 0 51978
0 0  0 0 0 0 0 0 0 0 0 0 52031
0 0  0 0 0 0 0 0 0 0 0 0 52083
0 0  0 0 0 0 0 0 0 0 0 0 52133
0 0  0 0 0 0 0 0 0 0 0 0 52186
0 0  0 0 0 0 0 0 0 0 0 0 52237
0 0  0 0 0 0 0 0 0 0 0 0 52289
0 0  0 0 0 0 0 0 0 0 0 0 52342
0 0  0 0 0 0 0 0 0 0 0 0 52392
0 0  0 0 0 0 0 0 0 0 0 0 52444
0 0  0 0 0 0 0 0 0 0 0 0 52496
0 0  0 0 0 0 0 0 0 0 0 0 52550
0 0  0 0 0 0 0 0 0 0 0 0 52602
0 0  0 0 0 0 0 0 0 0 0 0 52652
0 0  0 0 0 0 0 0 0 0 0 0 52704
0 0  0 0 0 0 0 0 0 0 0 0 52756
0 0  0 0 0 0 0 0 0 0 0 0 52808
0 0  0 0 0 0 0 0 0 0 0 0 52862
0 0  0 0 0 0 0 0 0 0 0 0 52913
0 0  0 0 0 0 0 0 0 0 0 0 52966
0 0  0 0 0 0 0 0 0 0 0 0 53017
0 0  0 0 0 0 0 0 0 0 0 0 53071
0 0  0 0 0 0 0 0 0 0 0 0 53123
0 0  0 0 0 0 0 0 0 0 0 0 53175
0 0  0 0 0 0 0 0 0 0 0 0 53228
0 0  0 0 0 0 0 0 0 0 0 0 53280
0 0  0 0 0 0 0 0 0 0 0 0 53334
0 0  0 0 0 0 0 0 0 0 0 0 53386
0 0  0 0 0 0 0 0 0 0 0 0 53437
0 0  0 0 0 0 0 0 0 0 0 0 53489
0 0  0 0 0 0 0 0 0 0 0 0 53541
0 0  0 0 0 0 0 0 0 0 0 0 53591
0 0  0 0 0 0 0 0 0 0 0 0 53643
0 0  0 0 0 0 0 0 0 0 0 0 53695
0 0  0 0 0 0 0 0 0 0 0 0 53749
0 0  0 0 0 0 0 0 0 0 0 0 53804
0 0  0 0 0 0 0 0 0 0 0 0 53856
0 0  0 0 0 0 0 0 0 0 0 0 53910
0 0  0 0 0 0 0 0 0 0 0 0 53964
0 0  0 0 0 0 0 0 0 0 0 0 54014
0 0  0 0 0 0 0 0 0 0 0 0 54072
0 0  0 0 0 0 0 0 0 0 0 0 54125
0 0  0 0 0 0 0 0 0 0 0 0 54176
0 0  0 0 0 0 0 0 0 0 0 0 54229
0 0  0 0 0 0 0 0 0 0 0 0 54280
0 0  0 0 0 0 0 0 0 0 0 0 54333
0 0  0 0 0 0 0 0 0 0 0 0 54383
0 0  0 0 0 0 0 0 0 0 0 0 54435
0 0  0 0 0 0 0 0 0 0 0 0 54489
0 0  0 0 0 0 0 0 0 0 0 0 54543
0 0  0 0 0 0 0 0 0 0 0 0 54595
0 0  0 0 0 0 0 0 0 0 0 0 54645
0 0  0 0 0 0 0 0 0 0 0 0 54698
0 0  0 0 0 0 0 0 0 0 0 0 54752
0 0  0 0 0 0 0 0 0 0 0 0 54805
0 0  0 0 0 0 0 0 0 0 0 0 54856
0 0  0 0 0 0 0 0 0 0 0 0 54908
0 0  0 0 0 0 0 0 0 0 0 0 54962
0 0  0 0 0 0 0 0 0 0 0 0 55015
0 0  0 0 0 0 0 0 0 0 0 0 55067
0 0  0 0 0 0 0 0 0 0 0 0 55120
0 0  0 0 0 0 0 0 0 0 0 0 55170
0 0  0 0 0 0 0 0 0 0 0 0 55221
0 0  0 0 0 0 0 0 0 0 0 0 55274
0 0  0 0 0 0 0 0 0 0 0 0 55327
0 0  0 0 0 0 0 0 0 0 0 0 55380
0 0  0 0 0 0 0 0 0 0 0 0 55435
0 0  0 0 0 0 0 0 0 0 0 0 55488
0 0  0 0 0 0 0 0 0 0 0 0 55542
0 0  0 0 0 0 0 0 0 0 0 0 55595
0 0  0 0 0 0 0 0 0 0 0 0 55645
0 0  0 0 0 0 0 0 0 0 0 0 55699
0 0  0 0 0 0 0 0 0 0 0 0 55752
0 0  0 0 0 0 0 0 0 0 0 0 55803
0 0  0 0 0 0 0 0 0 0 0 0 55855
0 0  0 0 0 0 0 0 0 0 0 0 55907
0 0  0 0 0 0 0 0 0 0 0 0 55958
0 0  0 0 0 0 0 0 0 0 0 0 56009
0 0  0 0 0 0 0 0 0 0 0 0 56060
0 0  0 0 0 0 0 0 0 0 0 0 56114
0 0  0 0 0 0 0 0 0 0 0 0 56167
0 0  0 0 0 0 0 0 0 0 0 0 56218
0 0  0 0 0 0 0 0 0 0 0 0 56269
0 0  0 0 0 0 0 0 0 0 0 0 56319
0 0  0 0 0 0 0 0 0 0 0 0 56371
0 0  0 0 0 0 0 0 0 0 0 0 56423
0 0  0 0 0 0 0 0 0 0 0 0 56474
0 0  0 0 0 0 0 0 0 0 0 0 56524
0 0  0 0 0 0 0 0 0 0 0 0 56576
0 0  0 0 0 0 0 0 0 0 0 0 56627
0 0  0 0 0 0 0 0 0 0 0 0 56681
0 0  0 0 0 0 0 0 0 0 0 0 56731
0 0  0 0 0 0 0 0 0 0 0 0 56784
0 0  0 0 0 0 0 0 0 0 0 0 56834
0 0  0 0 0 0 0 0 0 0 0 0 56886
0 0  0 0 0 0 0 0 0 0 0 0 56937
0 0  0 0 0 0 0 0 0 0 0 0 56988
0 0  0 0 0 0 0 0 0 0 0 0 57039
0 0  0 0 0 0 0 0 0 0 0 0 57091
0 0  0 0 0 0 0 0 0 0 0 0 57145
0 0  0 0 0 0 0 0 0 0 0 0 57198
0 0  0 0 0 0 0 0 0 0 0 0 57251
0 0  0 0 0 0 0 0 0 0 0 0 57304
0 0  0 0 0 0 0 0 0 0 0 0 57355
0 0  0 0 0 0 0 0 0 0 0 0 57405
0 0  0 0 0 0 0 0 0 0 0 0 57459
0 0  0 0 0 0 0 0 0 0 0 0 57512
0 0  0 0 0 0 0 0 0 0 0 0 57564
0 0  0 0 0 0 0 0 0 0 0 0 57616
0 0  0 0 0 0 0 0 0 0 0 0 57670
0 0  0 0 0 0 0 0 0 0 0 0 57723
0 0  0 0 0 0 0 0 0 0 0 0 57773
0 0  0 0 0 0 0 0 0 0 0 0 57825
0 0  0 0 0 0 0 0 0 0 0 0 57876
0 0  0 0 0 0 0 0 0 0 0 0 57929
0 0  0 0 0 0 0 0 0 0 0 0 57980
0 0  0 0 0 0 0 0 0 0 0 0 58033
0 0  0 0 0 0 0 0 0 0 0 0 58084
0 0  0 0 0 0 0 0 0 0 0 0 58136
0 0  0 0 0 0 0 0 0 0 0 0 58187
0 0  0 0 0 0 0 0 0 0 0 0 58240
0 0  0 0 0 0 0 0 0 0 0 0 58292
0 0  0 0 0 0 0 0 0 0 0 0 58344
0 0  0 0 0 0 0 0 0 0 0 0 58395
0 0  0 0 0 0 0 0 0 0 0 0 58449
0 0  0 0 0 0 0 0 0 0 0 0 58500
0 0  0 0 0 0 0 0 0 0 0 0 58553
0 0  0 0 0 0 0 0 0 0 0 0 58605
0 0  0 0 0 0 0 0 0 0 0 0 58658
0 0  0 0 0 0 0 0 0 0 0 0 58708
0 0  0 0 0 0 0 0 0 0 0 0 58758
0 0  0 0 0 0 0 0 0 0 0 0 58811
0 0  0 0 0 0 0 0 0 0 0 0 58865
0 0  0 0 0 0 0 0 0 0 0 0 58916
0 0  0 0 0 0 0 0 0 0 0 0 58970
0 0  0 0 0 0 0 0 0 0 0 0 59026
0 0  0 0 0 0 0 0 0 0 0 0 59082
0 0  0 0 0 0 0 0 0 0 0 0 59138
0 0  0 0 0 0 0 0 0 0 0 0 59190
0 0  0 0 0 0 0 0 0 0 0 0 59242
0 0  0 0 0 0 0 0 0 0 0 0 59293
0 0  0 0 0 0 0 0 0 0 0 0 59343
0 0  0 0 0 0 0 0 0 0 0 0 59394
0 0  0 0 0 0 0 0 0 0 0 0 59446
0 0  0 0 0 0 0 0 0 0 0 0 59498
0 0  0 0 0 0 0 0 0 0 0 0 59548
0 0  0 0 0 0 0 0 0 0 0 0 59599
0 0  0 0 0 0 0 0 0 0 0 0 59650
0 0  0 0 0 0 0 0 0 0 0 0 59701
0 0  0 0 0 0 0 0 0 0 0 0 59755
0 0  0 0 0 0 0 0 0 0 0 0 59806
0 0  0 0 0 0 0 0 0 0 0 0 59856
0 0  0 0 0 0 0 0 0 0 0 0 59909
0 0  0 0 0 0 0 0 0 0 0 0 59962
0 0  0 0 0 0 0 0 0 0 0 0 60014
0 0  0 0 0 0 0 0 0 0 0 0 60066
0 0  0 0 0 0 0 0 0 0 0 0 60120
0 0  0 0 0 0 0 0 0 0 0 0 60173
0 0  0 0 0 0 0 0 0 0 0 0 60222
0 0  0 0 0 0 0 0 0 0 0 0 60273
0 0  0 0 0 0 0 0 0 0 0 0 60326
0 0  0 0 0 0 0 0 0 0 0 0 60377
0 0  0 0 0 0 0 0 0 0 0 0 60431
0 0  0 0 0 0 0 0 0 0 0 0 60482
0 0  0 0 0 0 0 0 0 0 0 0 60536
0 0  0 0 0 0 0 0 0 0 0 0 60590
0 0  0 0 0 0 0 0 0 0 0 0 60641
0 0  0 0 0 0 0 0 0 0 0 0 60691
0 0  0 0 0 0 0 0 0 0 0 0 60742
0 0  0 0 0 0 0 0 0 0 0 0 60795
0 0  0 0 0 0 0 0 0 0 0 0 60847
0 0  0 0 0 0 0 0 0 0 0 0 60901
0 0  0 0 0 0 0 0 0 0 0 0 60952
0 0  0 0 0 0 0 0 0 0 0 0 61002
0 0  0 0 0 0 0 0 0 0 0 0 61056
0 0  0 0 0 0 0 0 0 0 0 0 61106
0 0  0 0 0 0 0 0 0 0 0 0 61157
0 0  0 0 0 0 0 0 0 0 0 0 61209
0 0  0 0 0 0 0 0 0 0 0 0 61261
0 0  0 0 0 0 0 0 0 0 0 0 61312
0 0  0 0 0 0 0 0 0 0 0 0 61364
0 0  0 0 0 0 0 0 0 0 0 0 61417
0 0  0 0 0 0 0 0 0 0 0 0 61469
0 0  0 0 0 0 0 0 0 0 0 0 61522
0 0  0 0 0 0 0 0 0 0 0 0 61573
0 0  0 0 0 0 0 0 0 0 0 0 61626
0 0  0 0 0 0 0 0 0 0 0 0 61676
0 0  0 0 0 0 0 0 0 0 0 0 61728
0 0  0 0 0 0 0 0 0 0 0 0 61779
0 0  0 0 0 0 0 0 0 0 0 0 61832
0 0  0 0 0 0 0 0 0 0 0 0 61883
0 0  0 0 0 0 0 0 0 0 0 0 61937
0 0  0 0 0 0 0 0 0 0 0 0 61990
0 0  0 0 0 0 0 0 0 0 0 0 62044
0 0  0 0 0 0 0 0 0 0 0 0 62096
0 0  0 0 0 0 0 0 0 0 0 0 62146
0 0  0 0 0 0 0 0 0 0 0 0 62199
0 0  0 0 0 0 0 0 0 0 0 0 62252
0 0  0 0 0 0 0 0 0 0 0 0 62305
0 0  0 0 0 0 0 0 0 0 0 0 62357
0 0  0 0 0 0 0 0 0 0 0 0 62411
0 0  0 0 0 0 0 0 0 0 0 0 62465
0 0  0 0 0 0 0 0 0 0 0 0 62518
0 0  0 0 0 0 0 0 0 0 0 0 62569
0 0  0 0 0 0 0 0 0 0 0 0 62620
0 0  0 0 0 0 0 0 0 0 0 0 62672
0 0  0 0 0 0 0 0 0 0 0 0 62723
0 0  0 0 0 0 0 0 0 0 0 0 62774
0 0  0 0 0 0 0 0 0 0 0 0 62825
0 0  0 0 0 0 0 0 0 0 0 0 62877
0 0  0 0 0 0 0 0 0 0 0 0 62929
0 0  0 0 0 0 0 0 0 0 0 0 62983
0 0  0 0 0 0 0 0 0 0 0 0 63034
0 0  0 0 0 0 0 0 0 0 0 0 63084
0 0  0 0 0 0 0 0 0 0 0 0 63137
0 0  0 0 0 0 0 0 0 0 0 0 63188
0 0  0 0 0 0 0 0 0 0 0 0 63240
0 0  0 0 0 0 0 0 0 0 0 0 63291
0 0  0 0 0 0 0 0 0 0 0 0 63341
0 0  0 0 0 0 0 0 0 0 0 0 63396
0 0  0 0 0 0 0 0 0 0 0 0 63449
0 0  0 0 0 0 0 0 0 0 0 0 63500
0 0  0 0 0 0 0 0 0 0 0 0 63552
0 0  0 0 0 0 0 0 0 0 0 0 63604
0 0  0 0 0 0 0 0 0 0 0 0 63654
0 0  0 0 0 0 0 0 0 0 0 0 63708
0 0  0 0 0 0 0 0 0 0 0 0 63760
0 0  0 0 0 0 0 0 0 0 0 0 63811
0 0  0 0 0 0 0 0 0 0 0 0 63864
0 0  0 0 0 0 0 0 0 0 0 0 63914
0 0  0 0 0 0 0 0 0 0 0 0 63965
0 0  0 0 0 0 0 0 0 0 0 0 64018
0 0  0 0 0 0 0 0 0 0 0 0 64070
0 0  0 0 0 0 0 0 0 0 0 0 64120
0 0  0 0 0 0 0 0 0 0 0 0 64174
0 0  0 0 0 0 0 0 0 0 0 0 64227
0 0  0 0 0 0 0 0 0 0 0 0 64280
0 0  0 0 0 0 0 0 0 0 0 0 64333
0 0  0 0 0 0 0 0 0 0 0 0 64386
0 0  0 0 0 0 0 0 0 0 0 0 64437
0 0  0 0 0 0 0 0 0 0 0 0 64491
0 0  0 0 0 0 0 0 0 0 0 0 64542
0 0  0 0 0 0 0 0 0 0 0 0 64593
0 0  0 0 0 0 0 0 0 0 0 0 64646
0 0  0 0 0 0 0 0 0 0 0 0 64700
0 0  0 0 0 0 0 0 0 0 0 0 64753
0 0  0 0 0 0 0 0 0 0 0 0 64806
0 0  0 0 0 0 0 0 0 0 0 0 64860
0 0  0 0 0 0 0 0 0 0 0 0 64913
0 0  0 0 0 0 0 0 0 0 0 0 64966
0 0  0 0 0 0 0 0 0 0 0 0 65018
0 0  0 0 0 0 0 0 0 0 0 0 65072
0 0  0 0 0 0 0 0 0 0 0 0 65123
0 0  0 0 0 0 0 0 0 0 0 0 65177
0 0  0 0 0 0 0 0 0 0 0 0 65230
0 0  0 0 0 0 0 0 0 0 0 0 65283
0 0  0 0 0 0 0 0 0 0 0 0 65336
0 0  0 0 0 0 0 0 0 0 0 0 65389
0 0  0 0 0 0 0 0 0 0 0 0 65440
0 0  0 0 0 0 0 0 0 0 0 0 65494
0 0  0 0 0 0 0 0 0 0 0 0 65547
0 0  0 0 0 0 0 0 0 0 0 0 65601
0 0  0 0 0 0 0 0 0 0 0 0 65655
0 0  0 0 0 0 0 0 0 0 0 0 65706
0 0  0 0 0 0 0 0 0 0 0 0 65757
0 0  0 0 0 0 0 0 0 0 0 0 65809
0 0  0 0 0 0 0 0 0 0 0 0 65863
0 0  0 0 0 0 0 0 0 0 0 0 65917
0 0  0 0 0 0 0 0 0 0 0 0 65971
0 0  0 0 0 0 0 0 0 0 0 0 66022
0 0  0 0 0 0 0 0 0 0 0 0 66073
0 0  0 0 0 0 0 0 0 0 0 0 66123
0 0  0 0 0 0 0 0 0 0 0 0 66175
0 0  0 0 0 0 0 0 0 0 0 0 66226
0 0  0 0 0 0 0 0 0 0 0 0 66278
0 0  0 0 0 0 0 0 0 0 0 0 66331
0 0  0 0 0 0 0 0 0 0 0 0 66385
0 0  0 0 0 0 0 0 0 0 0 0 66438
0 0  0 0 0 0 0 0 0 0 0 0 66489
0 0  0 0 0 0 0 0 0 0 0 0 66541
0 0  0 0 0 0 0 0 0 0 0 0 66592
0 0  0 0 0 0 0 0 0 0 0 0 66646
0 0  0 0 0 0 0 0 0 0 0 0 66700
0 0  0 0 0 0 0 0 0 0 0 0 66752
0 0  0 0 0 0 0 0 0 0 0 0 66803
0 0  0 0 0 0 0 0 0 0 0 0 66856
0 0  0 0 0 0 0 0 0 0 0 0 66907
0 0  0 0 0 0 0 0 0 0 0 0 66960
0 0  0 0 0 0 0 0 0 0 0 0 67012
0 0  0 0 0 0 0 0 0 0 0 0 67066
0 0  0 0 0 0 0 0 0 0 0 0 67120
0 0  0 0 0 0 0 0 0 0 0 0 67173
0 0  0 0 0 0 0 0 0 0 0 0 67225
0 0  0 0 0 0 0 0 0 0 0 0 67278
0 0  0 0 0 0 0 0 0 0 0 0 67329
0 0  0 0 0 0 0 0 0 0 0 0 67382
0 0  0 0 0 0 0 0 0 0 0 0 67433
0 0  0 0 0 0 0 0 0 0 0 0 67484
0 0  0 0 0 0 0 0 0 0 0 0 67534
0 0  0 0 0 0 0 0 0 0 0 0 67588
0 0  0 0 0 0 0 0 0 0 0 0 67639
0 0  0 0 0 0 0 0 0 0 0 0 67692
0 0  0 0 0 0 0 0 0 0 0 0 67743
0 0  0 0 0 0 0 0 0 0 0 0 67793
0 0  0 0 0 0 0 0 0 0 0 0 67846
0 0  0 0 0 0 0 0 0 0 0 0 67899
0 0  0 0 0 0 0 0 0 0 0 0 67952
0 0  0 0 0 0 0 0 0 0 0 0 68004
0 0  0 0 0 0 0 0 0 0 0 0 68056
0 0  0 0 0 0 0 0 0 0 0 0 68108
0 0  0 0 0 0 0 0 0 0 0 0 68161
0 0  0 0 0 0 0 0 0 0 0 0 68216
0 0  0 0 0 0 0 0 0 0 0 0 68267
0 0  0 0 0 0 0 0 0 0 0 0 68319
0 0  0 0 0 0 0 0 0 0 0 0 68371
0 0  0 0 0 0 0 0 0 0 0 0 68421
0 0  0 0 0 0 0 0 0 0 0 0 68472
0 0  0 0 0 0 0 0 0 0 0 0 68524
0 0  0 0 0 0 0 0 0 0 0 0 68577
0 0  0 0 0 0 0 0 0 0 0 0 68628
0 0  0 0 0 0 0 0 0 0 0 0 68679
0 0  0 0 0 0 0 0 0 0 0 0 68732
0 0  0 0 0 0 0 0 0 0 0 0 68786
0 0  0 0 0 0 0 0 0 0 0 0 68837
0 0  0 0 0 0 0 0 0 0 0 0 68888
0 0  0 0 0 0 0 0 0 0 0 0 68939
0 0  0 0 0 0 0 0 0 0 0 0 68991
0 0  0 0 0 0 0 0 0 0 0 0 69045
0 0  0 0 0 0 0 0 0 0 0 0 69099
0 0  0 0 0 0 0 0 0 0 0 0 69152
0 0  0 0 0 0 0 0 0 0 0 0 69205
0 0  0 0 0 0 0 0 0 0 0 0 69256
0 0  0 0 0 0 0 0 0 0 0 0 69307
0 0  0 0 0 0 0 0 0 0 0 0 69360
0 0  0 0 0 0 0 0 0 0 0 0 69413
0 0  0 0 0 0 0 0 0 0 0 0 69464
0 0  0 0 0 0 0 0 0 0 0 0 69517
0 0  0 0 0 0 0 0 0 0 0 0 69570
0 0  0 0 0 0 0 0 0 0 0 0 69620
0 0  0 0 0 0 0 0 0 0 0 0 69672
0 0  0 0 0 0 0 0 0 0 0 0 69726
0 0  0 0 0 0 0 0 0 0 0 0 69780
0 0  0 0 0 0 0 0 0 0 0 0 69832
0 0  0 0 0 0 0 0 0 0 0 0 69882
0 0  0 0 0 0 0 0 0 0 0 0 69936
0 0  0 0 0 0 0 0 0 0 0 0 69988
0 0  0 0 0 0 0 0 0 0 0 0 70039
0 0  0 0 0 0 0 0 0 0 0 0 70093
0 0  0 0 0 0 0 0 0 0 0 0 70147
0 0  0 0 0 0 0 0 0 0 0 0 70200
0 0  0 0 0 0 0 0 0 0 0 0 70251
0 0  0 0 0 0 0 0 0 0 0 0 70302
0 0  0 0 0 0 0 0 0 0 0 0 70355
0 0  0 0 0 0 0 0 0 0 0 0 70409
0 0  0 0 0 0 0 0 0 0 0 0 70463
0 0  0 0 0 0 0 0 0 0 0 0 70514
0 0  0 0 0 0 0 0 0 0 0 0 70566
0 0  0 0 0 0 0 0 0 0 0 0 70617
0 0  0 0 0 0 0 0 0 0 0 0 70670
0 0  0 0 0 0 0 0 0 0 0 0 70721
0 0  0 0 0 0 0 0 0 0 0 0 70775
0 0  0 0 0 0 0 0 0 0 0 0 70828
0 0  0 0 0 0 0 0 0 0 0 0 70879
0 0  0 0 0 0 0 0 0 0 0 0 70932
0 0  0 0 0 0 0 0 0 0 0 0 70983
0 0  0 0 0 0 0 0 0 0 0 0 71034
0 0  0 0 0 0 0 0 0 0 0 0 71086
0 0  0 0 0 0 0 0 0 0 0 0 71137
0 0  0 0 0 0 0 0 0 0 0 0 71191
0 0  0 0 0 0 0 0 0 0 0 0 71245
0 0  0 0 0 0 0 0 0 0 0 0 71299
0 0  0 0 0 0 0 0 0 0 0 0 71353
0 0  0 0 0 0 0 0 0 0 0 0 71404
0 0  0 0 0 0 0 0 0 0 0 0 71456
0 0  0 0 0 0 0 0 0 0 0 0 71507
0 0  0 0 0 0 0 0 0 0 0 0 71558
0 0  0 0 0 0 0 0 0 0 0 0 71609
0 0  0 0 0 0 0 0 0 0 0 0 71661
0 0  0 0 0 0 0 0 0 0 0 0 71712
0 0  0 0 0 0 0 0 0 0 0 0 71766
0 0  0 0 0 0 0 0 0 0 0 0 71818
0 0  0 0 0 0 0 0 0 0 0 0 71872
0 0  0 0 0 0 0 0 0 0 0 0 71925
0 0  0 0 0 0 0 0 0 0 0 0 71976
0 0  0 0 0 0 0 0 0 0 0 0 72028
0 0  0 0 0 0 0 0 0 0 0 0 72080
0 0  0 0 0 0 0 0 0 0 0 0 72131
0 0  0 0 0 0 0 0 0 0 0 0 72185
0 0  0 0 0 0 0 0 0 0 0 0 72235
0 0  0 0 0 0 0 0 0 0 0 0 72288
0 0  0 0 0 0 0 0 0 0 0 0 72339
0 0  0 0 0 0 0 0 0 0 0 0 72393
0 0  0 0 0 0 0 0 0 0 0 0 72445
0 0  0 0 0 0 0 0 0 0 0 0 72496
0 0  0 0 0 0 0 0 0 0 0 0 72547
0 0  0 0 0 0 0 0 0 0 0 0 72601
0 0  0 0 0 0 0 0 0 0 0 0 72652
0 0  0 0 0 0 0 0 0 0 0 0 72706
0 0  0 0 0 0 0 0 0 0 0 0 72759
0 0  0 0 0 0 0 0 0 0 0 0 72811
0 0  0 0 0 0 0 0 0 0 0 0 72861
0 0  0 0 0 0 0 0 0 0 0 0 72913
0 0  0 0 0 0 0 0 0 0 0 0 72967
0 0  0 0 0 0 0 0 0 0 0 0 73018
0 0  0 0 0 0 0 0 0 0 0 0 73070
0 0  0 0 0 0 0 0 0 0 0 0 73120
0 0  0 0 0 0 0 0 0 0 0 0 73172
0 0  0 0 0 0 0 0 0 0 0 0 73224
0 0  0 0 0 0 0 0 0 0 0 0 73276
0 0  0 0 0 0 0 0 0 0 0 0 73327
0 0  0 0 0 0 0 0 0 0 0 0 73381
0 0  0 0 0 0 0 0 0 0 0 0 73433
0 0  0 0 0 0 0 0 0 0 0 0 73484
0 0  0 0 0 0 0 0 0 0 0 0 73535
0 0  0 0 0 0 0 0 0 0 0 0 73586
0 0  0 0 0 0 0 0 0 0 0 0 73637
0 0  0 0 0 0 0 0 0 0 0 0 73691
0 0  0 0 0 0 0 0 0 0 0 0 73745
0 0  0 0 0 0 0 0 0 0 0 0 73796
0 0  0 0 0 0 0 0 0 0 0 0 73850
0 0  0 0 0 0 0 0 0 0 0 0 73903
0 0  0 0 0 0 0 0 0 0 0 0 73956
0 0  0 0 0 0 0 0 0 0 0 0 74008
0 0  0 0 0 0 0 0 0 0 0 0 74061
0 0  0 0 0 0 0 0 0 0 0 0 74112
0 0  0 0 0 0 0 0 0 0 0 0 74163
0 0  0 0 0 0 0 0 0 0 0 0 74213
0 0  0 0 0 0 0 0 0 0 0 0 74264
0 0  0 0 0 0 0 0 0 0 0 0 74315
0 0  0 0 0 0 0 0 0 0 0 0 74366
0 0  0 0 0 0 0 0 0 0 0 0 74420
0 0  0 0 0 0 0 0 0 0 0 0 74473
0 0  0 0 0 0 0 0 0 0 0 0 74524
0 0  0 0 0 0 0 0 0 0 0 0 74575
0 0  0 0 0 0 0 0 0 0 0 0 74626
0 0  0 0 0 0 0 0 0 0 0 0 74678
0 0  0 0 0 0 0 0 0 0 0 0 74729
0 0  0 0 0 0 0 0 0 0 0 0 74784
0 0  0 0 0 0 0 0 0 0 0 0 74834
0 0  0 0 0 0 0 0 0 0 0 0 74885
0 0  0 0 0 0 0 0 0 0 0 0 74936
0 0  0 0 0 0 0 0 0 0 0 0 74990
0 0  0 0 0 0 0 0 0 0 0 0 75040
0 0  0 0 0 0 0 0 0 0 0 0 75093
0 0  0 0 0 0 0 0 0 0 0 0 75145
0 0  0 0 0 0 0 0 0 0 0 0 75196
0 0  0 0 0 0 0 0 0 0 0 0 75250
0 0  0 0 0 0 0 0 0 0 0 0 75303
0 0  0 0 0 0 0 0 0 0 0 0 75357
0 0  0 0 0 0 0 0 0 0 0 0 75409
0 0  0 0 0 0 0 0 0 0 0 0 75461
0 0  0 0 0 0 0 0 0 0 0 0 75513
0 0  0 0 0 0 0 0 0 0 0 0 75565
0 0  0 0 0 0 0 0 0 0 0 0 75618
0 0  0 0 0 0 0 0 0 0 0 0 75669
0 0  0 0 0 0 0 0 0 0 0 0 75722
0 0  0 0 0 0 0 0 0 0 0 0 75772
0 0  0 0 0 0 0 0 0 0 0 0 75826
0 0  0 0 0 0 0 0 0 0 0 0 75878
0 0  0 0 0 0 0 0 0 0 0 0 75932
0 0  0 0 0 0 0 0 0 0 0 0 75985
0 0  0 0 0 0 0 0 0 0 0 0 76038
0 0  0 0 0 0 0 0 0 0 0 0 76090
0 0  0 0 0 0 0 0 0 0 0 0 76141
0 0  0 0 0 0 0 0 0 0 0 0 76194
0 0  0 0 0 0 0 0 0 0 0 0 76245
0 0  0 0 0 0 0 0 0 0 0 0 76299
0 0  0 0 0 0 0 0 0 0 0 0 76350
0 0  0 0 0 0 0 0 0 0 0 0 76400
0 0  0 0 0 0 0 0 0 0 0 0 76452
0 0  0 0 0 0 0 0 0 0 0 0 76504
0 0  0 0 0 0 0 0 0 0 0 0 76557
0 0  0 0 0 0 0 0 0 0 0 0 76608
0 0  0 0 0 0 0 0 0 0 0 0 76661
0 0  0 0 0 0 0 0 0 0 0 0 76714
0 0  0 0 0 0 0 0 0 0 0 0 76767
0 0  0 0 0 0 0 0 0 0 0 0 76818
0 0  0 0 0 0 0 0 0 0 0 0 76870
0 0  0 0 0 0 0 0 0 0 0 0 76924
0 0  0 0 0 0 0 0 0 0 0 0 76977
0 0  0 0 0 0 0 0 0 0 0 0 77030
0 0  0 0 0 0 0 0 0 0 0 0 77083
0 0  0 0 0 0 0 0 0 0 0 0 77134
0 0  0 0 0 0 0 0 0 0 0 0 77187
0 0  0 0 0 0 0 0 0 0 0 0 77239
0 0  0 0 0 0 0 0 0 0 0 0 77292
0 0  0 0 0 0 0 0 0 0 0 0 77345
0 0  0 0 0 0 0 0 0 0 0 0 77397
0 0  0 0 0 0 0 0 0 0 0 0 77450
0 0  0 0 0 0 0 0 0 0 0 0 77502
0 0  0 0 0 0 0 0 0 0 0 0 77553
0 0  0 0 0 0 0 0 0 0 0 0 77607
0 0  0 0 0 0 0 0 0 0 0 0 77661
0 0  0 0 0 0 0 0 0 0 0 0 77716
0 0  0 0 0 0 0 0 0 0 0 0 77767
0 0  0 0 0 0 0 0 0 0 0 0 77819
0 0  0 0 0 0 0 0 0 0 0 0 77871
0 0  0 0 0 0 0 0 0 0 0 0 77922
0 0  0 0 0 0 0 0 0 0 0 0 77973
0 0  0 0 0 0 0 0 0 0 0 0 78025
0 0  0 0 0 0 0 0 0 0 0 0 78078
0 0  0 0 0 0 0 0 0 0 0 0 78129
0 0  0 0 0 0 0 0 0 0 0 0 78182
0 0  0 0 0 0 0 0 0 0 0 0 78234
0 0  0 0 0 0 0 0 0 0 0 0 78284
0 0  0 0 0 0 0 0 0 0 0 0 78336
0 0  0 0 0 0 0 0 0 0 0 0 78388
0 0  0 0 0 0 0 0 0 0 0 0 78440
0 0  0 0 0 0 0 0 0 0 0 0 78492
0 0  0 0 0 0 0 0 0 0 0 0 78545
0 0  0 0 0 0 0 0 0 0 0 0 78597
0 0  0 0 0 0 0 0 0 0 0 0 78649
0 0  0 0 0 0 0 0 0 0 0 0 78700
0 0  0 0 0 0 0 0 0 0 0 0 78752
0 0  0 0 0 0 0 0 0 0 0 0 78803
0 0  0 0 0 0 0 0 0 0 0 0 78854
0 0  0 0 0 0 0 0 0 0 0 0 78906
0 0  0 0 0 0 0 0 0 0 0 0 78957
0 0  0 0 0 0 0 0 0 0 0 0 79007
0 0  0 0 0 0 0 0 0 0 0 0 79060
0 0  0 0 0 0 0 0 0 0 0 0 79112
0 0  0 0 0 0 0 0 0 0 0 0 79166
0 0  0 0 0 0 0 0 0 0 0 0 79219
0 0  0 0 0 0 0 0 0 0 0 0 79270
0 0  0 0 0 0 0 0 0 0 0 0 79322
0 0  0 0 0 0 0 0 0 0 0 0 79373
0 0  0 0 0 0 0 0 0 0 0 0 79425
0 0  0 0 0 0 0 0 0 0 0 0 79477
0 0  0 0 0 0 0 0 0 0 0 0 79530
0 0  0 0 0 0 0 0 0 0 0 0 79582
0 0  0 0 0 0 0 0 0 0 0 0 79633
0 0  0 0 0 0 0 0 0 0 0 0 79684
0 0  0 0 0 0 0 0 0 0 0 0 79735
0 0  0 0 0 0 0 0 0 0 0 0 79788
0 0  0 0 0 0 0 0 0 0 0 0 79841
0 0  0 0 0 0 0 0 0 0 0 0 79892
0 0  0 0 0 0 0 0 0 0 0 0 79943
0 0  0 0 0 0 0 0 0 0 0 0 79994
0 0  0 0 0 0 0 0 0 0 0 0 80047
0 0  0 0 0 0 0 0 0 0 0 0 80101
0 0  0 0 0 0 0 0 0 0 0 0 80153
0 0  0 0 0 0 0 0 0 0 0 0 80204
0 0  0 0 0 0 0 0 0 0 0 0 80255
0 0  0 0 0 0 0 0 0 0 0 0 80306
0 0  0 0 0 0 0 0 0 0 0 0 80357
0 0  0 0 0 0 0 0 0 0 0 0 80408
0 0  0 0 0 0 0 0 0 0 0 0 80461
0 0  0 0 0 0 0 0 0 0 0 0 80512
0 0  0 0 0 0 0 0 0 0 0 0 80566
0 0  0 0 0 0 0 0 0 0 0 0 80619
0 0  0 0 0 0 0 0 0 0 0 0 80671
0 0  0 0 0 0 0 0 0 0 0 0 80724
0 0  0 0 0 0 0 0 0 0 0 0 80775
0 0  0 0 0 0 0 0 0 0 0 0 80827
0 0  0 0 0 0 0 0 0 0 0 0 80879
0 0  0 0 0 0 0 0 0 0 0 0 80931
0 0  0 0 0 0 0 0 0 0 0 0 80983
0 0  0 0 0 0 0 0 0 0 0 0 81034
0 0  0 0 0 0 0 0 0 0 0 0 81088
0 0  0 0 0 0 0 0 0 0 0 0 81140
0 0  0 0 0 0 0 0 0 0 0 0 81191
0 0  0 0 0 0 0 0 0 0 0 0 81242
0 0  0 0 0 0 0 0 0 0 0 0 81294
0 0  0 0 0 0 0 0 0 0 0 0 81346
0 0  0 0 0 0 0 0 0 0 0 0 81397
0 0  0 0 0 0 0 0 0 0 0 0 81449
0 0  0 0 0 0 0 0 0 0 0 0 81501
0 0  0 0 0 0 0 0 0 0 0 0 81552
0 0  0 0 0 0 0 0 0 0 0 0 81604
0 0  0 0 0 0 0 0 0 0 0 0 81656
0 0  0 0 0 0 0 0 0 0 0 0 81707
0 0  0 0 0 0 0 0 0 0 0 0 81757
0 0  0 0 0 0 0 0 0 0 0 0 81808
0 0  0 0 0 0 0 0 0 0 0 0 81859
0 0  0 0 0 0 0 0 0 0 0 0 81911
0 0  0 0 0 0 0 0 0 0 0 0 81963
0 0  0 0 0 0 0 0 0 0 0 0 82015
0 0  0 0 0 0 0 0 0 0 0 0 82068
0 0  0 0 0 0 0 0 0 0 0 0 82121
0 0  0 0 0 0 0 0 0 0 0 0 82171
0 0  0 0 0 0 0 0 0 0 0 0 82222
0 0  0 0 0 0 0 0 0 0 0 0 82273
0 0  0 0 0 0 0 0 0 0 0 0 82325
0 0  0 0 0 0 0 0 0 0 0 0 82377
0 0  0 0 0 0 0 0 0 0 0 0 82429
0 0  0 0 0 0 0 0 0 0 0 0 82481
0 0  0 0 0 0 0 0 0 0 0 0 82533
0 0  0 0 0 0 0 0 0 0 0 0 82584
0 0  0 0 0 0 0 0 0 0 0 0 82636
0 0  0 0 0 0 0 0 0 0 0 0 82688
0 0  0 0 0 0 0 0 0 0 0 0 82740
0 0  0 0 0 0 0 0 0 0 0 0 82792
0 0  0 0 0 0 0 0 0 0 0 0 82845
0 0  0 0 0 0 0 0 0 0 0 0 82897
0 0  0 0 0 0 0 0 0 0 0 0 82950
0 0  0 0 0 0 0 0 0 0 0 0 83001
0 0  0 0 0 0 0 0 0 0 0 0 83053
0 0  0 0 0 0 0 0 0 0 0 0 83107
0 0  0 0 0 0 0 0 0 0 0 0 83158
0 0  0 0 0 0 0 0 0 0 0 0 83209
0 0  0 0 0 0 0 0 0 0 0 0 83260
0 0  0 0 0 0 0 0 0 0 0 0 83313
0 0  0 0 0 0 0 0 0 0 0 0 83365
0 0  0 0 0 0 0 0 0 0 0 0 83417
0 0  0 0 0 0 0 0 0 0 0 0 83469
0 0  0 0 0 0 0 0 0 0 0 0 83521
0 0  0 0 0 0 0 0 0 0 0 0 83573
0 0  0 0 0 0 0 0 0 0 0 0 83624
0 0  0 0 0 0 0 0 0 0 0 0 83674
0 0  0 0 0 0 0 0 0 0 0 0 83727
0 0  0 0 0 0 0 0 0 0 0 0 83780
0 0  0 0 0 0 0 0 0 0 0 0 83833
0 0  0 0 0 0 0 0 0 0 0 0 83886
0 0  0 0 0 0 0 0 0 0 0 0 83938
0 0  0 0 0 0 0 0 0 0 0 0 83989
0 0  0 0 0 0 0 0 0 0 0 0 84041
0 0  0 0 0 0 0 0 0 0 0 0 84095
0 0  0 0 0 0 0 0 0 0 0 0 84146
0 0  0 0 0 0 0 0 0 0 0 0 84197
0 0  0 0 0 0 0 0 0 0 0 0 84248
0 0  0 0 0 0 0 0 0 0 0 0 84300
0 0  0 0 0 0 0 0 0 0 0 0 84354
0 0  0 0 0 0 0 0 0 0 0 0 84406
0 0  0 0 0 0 0 0 0 0 0 0 84457
0 0  0 0 0 0 0 0 0 0 0 0 84510
0 0  0 0 0 0 0 0 0 0 0 0 84562
0 0  0 0 0 0 0 0 0 0 0 0 84614
0 0  0 0 0 0 0 0 0 0 0 0 84666
0 0  0 0 0 0 0 0 0 0 0 0 84719
0 0  0 0 0 0 0 0 0 0 0 0 84771
0 0  0 0 0 0 0 0 0 0 0 0 84822
0 0  0 0 0 0 0 0 0 0 0 0 84874
0 0  0 0 0 0 0 0 0 0 0 0 84924
0 0  0 0 0 0 0 0 0 0 0 0 84977
0 0  0 0 0 0 0 0 0 0 0 0 85031
0 0  0 0 0 0 0 0 0 0 0 0 85082
0 0  0 0 0 0 0 0 0 0 0 0 85135
0 0  0 0 0 0 0 0 0 0 0 0 85187
0 0  0 0 0 0 0 0 0 0 0 0 85239
0 0  0 0 0 0 0 0 0 0 0 0 85292
0 0  0 0 0 0 0 0 0 0 0 0 85345
0 0  0 0 0 0 0 0 0 0 0 0 85397
0 0  0 0 0 0 0 0 0 0 0 0 85451
0 0  0 0 0 0 0 0 0 0 0 0 85502
0 0  0 0 0 0 0 0 0 0 0 0 85555
0 0  0 0 0 0 0 0 0 0 0 0 85607
0 0  0 0 0 0 0 0 0 0 0 0 85658
0 0  0 0 0 0 0 0 0 0 0 0 85709
0 0  0 0 0 0 0 0 0 0 0 0 85761
0 0  0 0 0 0 0 0 0 0 0 0 85813
0 0  0 0 0 0 0 0 0 0 0 0 85866
0 0  0 0 0 0 0 0 0 0 0 0 85917
0 0  0 0 0 0 0 0 0 0 0 0 85970
0 0  0 0 0 0 0 0 0 0 0 0 86022
0 0  0 0 0 0 0 0 0 0 0 0 86074
0 0  0 0 0 0 0 0 0 0 0 0 86125
0 0  0 0 0 0 0 0 0 0 0 0 86177
0 0  0 0 0 0 0 0 0 0 0 0 86228
0 0  0 0 0 0 0 0 0 0 0 0 86281
0 0  0 0 0 0 0 0 0 0 0 0 86335
0 0  0 0 0 0 0 0 0 0 0 0 86388
0 0  0 0 0 0 0 0 0 0 0 0 86439
0 0  0 0 0 0 0 0 0 0 0 0 86489
0 0  0 0 0 0 0 0 0 0 0 0 86542
0 0  0 0 0 0 0 0 0 0 0 0 86595
0 0  0 0 0 0 0 0 0 0 0 0 86646
0 0  0 0 0 0 0 0 0 0 0 0 86698
0 0  0 0 0 0 0 0 0 0 0 0 86750
0 0  0 0 0 0 0 0 0 0 0 0 86802
0 0  0 0 0 0 0 0 0 0 0 0 86854
0 0  0 0 0 0 0 0 0 0 0 0 86906
0 0  0 0 0 0 0 0 0 0 0 0 86958
0 0  0 0 0 0 0 0 0 0 0 0 87009
0 0  0 0 0 0 0 0 0 0 0 0 87063
0 0  0 0 0 0 0 0 0 0 0 0 87116
0 0  0 0 0 0 0 0 0 0 0 0 87169
0 0  0 0 0 0 0 0 0 0 0 0 87220
0 0  0 0 0 0 0 0 0 0 0 0 87271
0 0  0 0 0 0 0 0 0 0 0 0 87324
0 0  0 0 0 0 0 0 0 0 0 0 87376
0 0  0 0 0 0 0 0 0 0 0 0 87429
0 0  0 0 0 0 0 0 0 0 0 0 87480
0 0  0 0 0 0 0 0 0 0 0 0 87534
0 0  0 0 0 0 0 0 0 0 0 0 87588
0 0  0 0 0 0 0 0 0 0 0 0 87640
0 0  0 0 0 0 0 0 0 0 0 0 87693
0 0  0 0 0 0 0 0 0 0 0 0 87744
0 0  0 0 0 0 0 0 0 0 0 0 87797
0 0  0 0 0 0 0 0 0 0 0 0 87849
0 0  0 0 0 0 0 0 0 0 0 0 87900
0 0  0 0 0 0 0 0 0 0 0 0 87952
0 0  0 0 0 0 0 0 0 0 0 0 88005
0 0  0 0 0 0 0 0 0 0 0 0 88057
0 0  0 0 0 0 0 0 0 0 0 0 88110
0 0  0 0 0 0 0 0 0 0 0 0 88162
0 0  0 0 0 0 0 0 0 0 0 0 88214
0 0  0 0 0 0 0 0 0 0 0 0 88265
0 0  0 0 0 0 0 0 0 0 0 0 88317
0 0  0 0 0 0 0 0 0 0 0 0 88368
0 0  0 0 0 0 0 0 0 0 0 0 88419
0 0  0 0 0 0 0 0 0 0 0 0 88471
0 0  0 0 0 0 0 0 0 0 0 0 88522
0 0  0 0 0 0 0 0 0 0 0 0 88573
0 0  0 0 0 0 0 0 0 0 0 0 88624
0 0  0 0 0 0 0 0 0 0 0 0 88674
0 0  0 0 0 0 0 0 0 0 0 0 88727
0 0  0 0 0 0 0 0 0 0 0 0 88780
0 0  0 0 0 0 0 0 0 0 0 0 88832
0 0  0 0 0 0 0 0 0 0 0 0 88882
0 0  0 0 0 0 0 0 0 0 0 0 88936
0 0  0 0 0 0 0 0 0 0 0 0 88988
0 0  0 0 0 0 0 0 0 0 0 0 89039
0 0  0 0 0 0 0 0 0 0 0 0 89092
0 0  0 0 0 0 0 0 0 0 0 0 89147
0 0  0 0 0 0 0 0 0 0 0 0 89201
0 0  0 0 0 0 0 0 0 0 0 0 89253
0 0  0 0 0 0 0 0 0 0 0 0 89307
0 0  0 0 0 0 0 0 0 0 0 0 89361
0 0  0 0 0 0 0 0 0 0 0 0 89413
0 0  0 0 0 0 0 0 0 0 0 0 89466
0 0  0 0 0 0 0 0 0 0 0 0 89517
0 0  0 0 0 0 0 0 0 0 0 0 89568
0 0  0 0 0 0 0 0 0 0 0 0 89621
0 0  0 0 0 0 0 0 0 0 0 0 89672
0 0  0 0 0 0 0 0 0 0 0 0 89725
0 0  0 0 0 0 0 0 0 0 0 0 89775
0 0  0 0 0 0 0 0 0 0 0 0 89828
0 0  0 0 0 0 0 0 0 0 0 0 89882
0 0  0 0 0 0 0 0 0 0 0 0 89936
0 0  0 0 0 0 0 0 0 0 0 0 89989
0 0  0 0 0 0 0 0 0 0 0 0 90042
0 0  0 0 0 0 0 0 0 0 0 0 90094
0 0  0 0 0 0 0 0 0 0 0 0 90144
0 0  0 0 0 0 0 0 0 0 0 0 90196
0 0  0 0 0 0 0 0 0 0 0 0 90249
0 0  0 0 0 0 0 0 0 0 0 0 90302
0 0  0 0 0 0 0 0 0 0 0 0 90353
0 0  0 0 0 0 0 0 0 0 0 0 90405
0 0  0 0 0 0 0 0 0 0 0 0 90458
0 0  0 0 0 0 0 0 0 0 0 0 90513
0 0  0 0 0 0 0 0 0 0 0 0 90564
0 0  0 0 0 0 0 0 0 0 0 0 90614
0 0  0 0 0 0 0 0 0 0 0 0 90668
0 0  0 0 0 0 0 0 0 0 0 0 90720
0 0  0 0 0 0 0 0 0 0 0 0 90771
0 0  0 0 0 0 0 0 0 0 0 0 90823
0 0  0 0 0 0 0 0 0 0 0 0 90876
0 0  0 0 0 0 0 0 0 0 0 0 90928
0 0  0 0 0 0 0 0 0 0 0 0 90980
0 0  0 0 0 0 0 0 0 0 0 0 91034
0 0  0 0 0 0 0 0 0 0 0 0 91086
0 0  0 0 0 0 0 0 0 0 0 0 91137
0 0  0 0 0 0 0 0 0 0 0 0 91190
0 0  0 0 0 0 0 0 0 0 0 0 91243
0 0  0 0 0 0 0 0 0 0 0 0 91293
0 0  0 0 0 0 0 0 0 0 0 0 91344
0 0  0 0 0 0 0 0 0 0 0 0 91397
0 0  0 0 0 0 0 0 0 0 0 0 91449
0 0  0 0 0 0 0 0 0 0 0 0 91503
0 0  0 0 0 0 0 0 0 0 0 0 91557
0 0  0 0 0 0 0 0 0 0 0 0 91610
0 0  0 0 0 0 0 0 0 0 0 0 91663
0 0  0 0 0 0 0 0 0 0 0 0 91715
0 0  0 0 0 0 0 0 0 0 0 0 91766
0 0  0 0 0 0 0 0 0 0 0 0 91820
0 0  0 0 0 0 0 0 0 0 0 0 91872
0 0  0 0 0 0 0 0 0 0 0 0 91925
0 0  0 0 0 0 0 0 0 0 0 0 91978
0 0  0 0 0 0 0 0 0 0 0 0 92030
0 0  0 0 0 0 0 0 0 0 0 0 92082
0 0  0 0 0 0 0 0 0 0 0 0 92133
0 0  0 0 0 0 0 0 0 0 0 0 92185
0 0  0 0 0 0 0 0 0 0 0 0 92240
0 0  0 0 0 0 0 0 0 0 0 0 92292
0 0  0 0 0 0 0 0 0 0 0 0 92344
0 0  0 0 0 0 0 0 0 0 0 0 92395
0 0  0 0 0 0 0 0 0 0 0 0 92446
0 0  0 0 0 0 0 0 0 0 0 0 92497
0 0  0 0 0 0 0 0 0 0 0 0 92549
0 0  0 0 0 0 0 0 0 0 0 0 92603
0 0  0 0 0 0 0 0 0 0 0 0 92655
0 0  0 0 0 0 0 0 0 0 0 0 92708
0 0  0 0 0 0 0 0 0 0 0 0 92761
0 0  0 0 0 0 0 0 0 0 0 0 92812
0 0  0 0 0 0 0 0 0 0 0 0 92864
0 0  0 0 0 0 0 0 0 0 0 0 92917
0 0  0 0 0 0 0 0 0 0 0 0 92969
0 0  0 0 0 0 0 0 0 0 0 0 93020
0 0  0 0 0 0 0 0 0 0 0 0 93072
0 0  0 0 0 0 0 0 0 0 0 0 93125
0 0  0 0 0 0 0 0 0 0 0 0 93177
0 0  0 0 0 0 0 0 0 0 0 0 93229
0 0  0 0 0 0 0 0 0 0 0 0 93282
0 0  0 0 0 0 0 0 0 0 0 0 93333
0 0  0 0 0 0 0 0 0 0 0 0 93386
0 0  0 0 0 0 0 0 0 0 0 0 93439
0 0  0 0 0 0 0 0 0 0 0 0 93491
0 0  0 0 0 0 0 0 0 0 0 0 93542
0 0  0 0 0 0 0 0 0 0 0 0 93593
0 0  0 0 0 0 0 0 0 0 0 0 93647
0 0  0 0 0 0 0 0 0 0 0 0 93701
0 0  0 0 0 0 0 0 0 0 0 0 93754
0 0  0 0 0 0 0 0 0 0 0 0 93808
0 0  0 0 0 0 0 0 0 0 0 0 93859
0 0  0 0 0 0 0 0 0 0 0 0 93912
0 0  0 0 0 0 0 0 0 0 0 0 93964
0 0  0 0 0 0 0 0 0 0 0 0 94018
0 0  0 0 0 0 0 0 0 0 0 0 94070
0 0  0 0 0 0 0 0 0 0 0 0 94121
0 0  0 0 0 0 0 0 0 0 0 0 94171
0 0  0 0 0 0 0 0 0 0 0 0 94223
0 0  0 0 0 0 0 0 0 0 0 0 94274
0 0  0 0 0 0 0 0 0 0 0 0 94325
0 0  0 0 0 0 0 0 0 0 0 0 94376
0 0  0 0 0 0 0 0 0 0 0 0 94427
0 0  0 0 0 0 0 0 0 0 0 0 94481
0 0  0 0 0 0 0 0 0 0 0 0 94534
0 0  0 0 0 0 0 0 0 0 0 0 94589
0 0  0 0 0 0 0 0 0 0 0 0 94638
0 0  0 0 0 0 0 0 0 0 0 0 94690
0 0  0 0 0 0 0 0 0 0 0 0 94741
0 0  0 0 0 0 0 0 0 0 0 0 94792
0 0  0 0 0 0 0 0 0 0 0 0 94844
0 0  0 0 0 0 0 0 0 0 0 0 94897
0 0  0 0 0 0 0 0 0 0 0 0 94948
0 0  0 0 0 0 0 0 0 0 0 0 95001
0 0  0 0 0 0 0 0 0 0 0 0 95051
0 0  0 0 0 0 0 0 0 0 0 0 95105
0 0  0 0 0 0 0 0 0 0 0 0 95158
0 0  0 0 0 0 0 0 0 0 0 0 95209
0 0  0 0 0 0 0 0 0 0 0 0 95261
0 0  0 0 0 0 0 0 0 0 0 0 95312
0 0  0 0 0 0 0 0 0 0 0 0 95364
0 0  0 0 0 0 0 0 0 0 0 0 95415
0 0  0 0 0 0 0 0 0 0 0 0 95467
0 0  0 0 0 0 0 0 0 0 0 0 95518
0 0  0 0 0 0 0 0 0 0 0 0 95572
0 0  0 0 0 0 0 0 0 0 0 0 95624
0 0  0 0 0 0 0 0 0 0 0 0 95674
0 0  0 0 0 0 0 0 0 0 0 0 95727
0 0  0 0 0 0 0 0 0 0 0 0 95779
0 0  0 0 0 0 0 0 0 0 0 0 95833
0 0  0 0 0 0 0 0 0 0 0 0 95885
0 0  0 0 0 0 0 0 0 0 0 0 95937
0 0  0 0 0 0 0 0 0 0 0 0 95990
0 0  0 0 0 0 0 0 0 0 0 0 96043
0 0  0 0 0 0 0 0 0 0 0 0 96097
0 0  0 0 0 0 0 0 0 0 0 0 96150
0 0  0 0 0 0 0 0 0 0 0 0 96201
0 0  0 0 0 0 0 0 0 0 0 0 96254
0 0  0 0 0 0 0 0 0 0 0 0 96308
0 0  0 0 0 0 0 0 0 0 0 0 96359
0 0  0 0 0 0 0 0 0 0 0 0 96413
0 0  0 0 0 0 0 0 0 0 0 0 96467
0 0  0 0 0 0 0 0 0 0 0 0 96519
0 0  0 0 0 0 0 0 0 0 0 0 96573
0 0  0 0 0 0 0 0 0 0 0 0 96626
0 0  0 0 0 0 0 0 0 0 0 0 96677
0 0  0 0 0 0 0 0 0 0 0 0 96728
0 0  0 0 0 0 0 0 0 0 0 0 96780
0 0  0 0 0 0 0 0 0 0 0 0 96831
0 0  0 0 0 0 0 0 0 0 0 0 96884
0 0  0 0 0 0 0 0 0 0 0 0 96934
0 0  0 0 0 0 0 0 0 0 0 0 96987
0 0  0 0 0 0 0 0 0 0 0 0 97038
0 0  0 0 0 0 0 0 0 0 0 0 97091
0 0  0 0 0 0 0 0 0 0 0 0 97144
0 0  0 0 0 0 0 0 0 0 0 0 97197
0 0  0 0 0 0 0 0 0 0 0 0 97251
0 0  0 0 0 0 0 0 0 0 0 0 97303
0 0  0 0 0 0 0 0 0 0 0 0 97357
0 0  0 0 0 0 0 0 0 0 0 0 97408
0 0  0 0 0 0 0 0 0 0 0 0 97460
0 0  0 0 0 0 0 0 0 0 0 0 97513
0 0  0 0 0 0 0 0 0 0 0 0 97567
0 0  0 0 0 0 0 0 0 0 0 0 97620
0 0  0 0 0 0 0 0 0 0 0 0 97671
0 0  0 0 0 0 0 0 0 0 0 0 97724
0 0  0 0 0 0 0 0 0 0 0 0 97779
0 0  0 0 0 0 0 0 0 0 0 0 97831
0 0  0 0 0 0 0 0 0 0 0 0 97885
0 0  0 0 0 0 0 0 0 0 0 0 97937
0 0  0 0 0 0 0 0 0 0 0 0 97991
0 0  0 0 0 0 0 0 0 0 0 0 98042
0 0  0 0 0 0 0 0 0 0 0 0 98097
0 0  0 0 0 0 0 0 0 0 0 0 98150
0 0  0 0 0 0 0 0 0 0 0 0 98203
0 0  0 0 0 0 0 0 0 0 0 0 98256
0 0  0 0 0 0 0 0 0 0 0 0 98309
0 0  0 0 0 0 0 0 0 0 0 0 98368
0 0  0 0 0 0 0 0 0 0 0 0 98419
0 0  0 0 0 0 0 0 0 0 0 0 98471
0 0  0 0 0 0 0 0 0 0 0 0 98522
0 0  0 0 0 0 0 0 0 0 0 0 98575
0 0  0 0 0 0 0 0 0 0 0 0 98629
0 0  0 0 0 0 0 0 0 0 0 0 98681
0 0  0 0 0 0 0 0 0 0 0 0 98733
0 0  0 0 0 0 0 0 0 0 0 0 98786
0 0  0 0 0 0 0 0 0 0 0 0 98838
0 0  0 0 0 0 0 0 0 0 0 0 98888
0 0  0 0 0 0 0 0 0 0 0 0 98940
0 0  0 0 0 0 0 0 0 0 0 0 98992
0 0  0 0 0 0 0 0 0 0 0 0 99044
0 0  0 0 0 0 0 0 0 0 0 0 99097
0 0  0 0 0 0 0 0 0 0 0 0 99148
0 0  0 0 0 0 0 0 0 0 0 0 99199
0 0  0 0 0 0 0 0 0 0 0 0 99252
0 0  0 0 0 0 0 0 0 0 0 0 99304
0 0  0 0 0 0 0 0 0 0 0 0 99358
0 0  0 0 0 0 0 0 0 0 0 0 99410
0 0  0 0 0 0 0 0 0 0 0 0 99463
0 0  0 0 0 0 0 0 0 0 0 0 99515
0 0  0 0 0 0 0 0 0 0 0 0 99569
0 0  0 0 0 0 0 0 0 0 0 0 99621
0 0  0 0 0 0 0 0 0 0 0 0 99675
0 0  0 0 0 0 0 0 0 0 0 0 99727
0 0  0 0 0 0 0 0 0 0 0 0 99780
0 0  0 0 0 0 0 0 0 0 0 0 99831
0 0  0 0 0 0 0 0 0 0 0 0 99882
0 0  0 0 0 0 0 0 0 0 0 0 99934
0 0  0 0 0 0 0 0 0 0 0 0 99986
0 0  0 0 0 0 0 0 0 0 0 0 100038
0 0  0 0 0 0 0 0 0 0 0 0 100091
0 0  0 0 0 0 0 0 0 0 0 0 100142
0 0  0 0 0 0 0 0 0 0 0 0 100193
0 0  0 0 0 0 0 0 0 0 0 0 100246
0 0  0 0 0 0 0 0 0 0 0 0 100296
0 0  0 0 0 0 0 0 0 0 0 0 100349
0 0  0 0 0 0 0 0 0 0 0 0 100400
0 0  0 0 0 0 0 0 0 0 0 0 100454
0 0  0 0 0 0 0 0 0 0 0 0 100506
0 0  0 0 0 0 0 0 0 0 0 0 100559
0 0  0 0 0 0 0 0 0 0 0 0 100612
0 0  0 0 0 0 0 0 0 0 0 0 100662
0 0  0 0 0 0 0 0 0 0 0 0 100715
0 0  0 0 0 0 0 0 0 0 0 0 100768
0 0  0 0 0 0 0 0 0 0 0 0 100821
0 0  0 0 0 0 0 0 0 0 0 0 100872
0 0  0 0 0 0 0 0 0 0 0 0 100923
0 0  0 0 0 0 0 0 0 0 0 0 100977
0 0  0 0 0 0 0 0 0 0 0 0 101031
0 0  0 0 0 0 0 0 0 0 0 0 101084
0 0  0 0 0 0 0 0 0 0 0 0 101138
0 0  0 0 0 0 0 0 0 0 0 0 101189
0 0  0 0 0 0 0 0 0 0 0 0 101242
0 0  0 0 0 0 0 0 0 0 0 0 101293
0 0  0 0 0 0 0 0 0 0 0 0 101346
0 0  0 0 0 0 0 0 0 0 0 0 101396
0 0  0 0 0 0 0 0 0 0 0 0 101450
0 0  0 0 0 0 0 0 0 0 0 0 101503
0 0  0 0 0 0 0 0 0 0 0 0 101557
0 0  0 0 0 0 0 0 0 0 0 0 101612
0 0  0 0 0 0 0 0 0 0 0 0 101663
0 0  0 0 0 0 0 0 0 0 0 0 101717
0 0  0 0 0 0 0 0 0 0 0 0 101771
0 0  0 0 0 0 0 0 0 0 0 0 101824
0 0  0 0 0 0 0 0 0 0 0 0 101878
0 0  0 0 0 0 0 0 0 0 0 0 101931
0 0  0 0 0 0 0 0 0 0 0 0 101983
0 0  0 0 0 0 0 0 0 0 0 0 102036
0 0  0 0 0 0 0 0 0 0 0 0 102088
0 0  0 0 0 0 0 0 0 0 0 0 102140
0 0  0 0 0 0 0 0 0 0 0 0 102192
0 0  0 0 0 0 0 0 0 0 0 0 102242
0 0  0 0 0 0 0 0 0 0 0 0 102293
0 0  0 0 0 0 0 0 0 0 0 0 102345
0 0  0 0 0 0 0 0 0 0 0 0 102399
0 0  0 0 0 0 0 0 0 0 0 0 102452
0 0  0 0 0 0 0 0 0 0 0 0 102507
0 0  0 0 0 0 0 0 0 0 0 0 102560
0 0  0 0 0 0 0 0 0 0 0 0 102613
0 0  0 0 0 0 0 0 0 0 0 0 102667
0 0  0 0 0 0 0 0 0 0 0 0 102721
0 0  0 0 0 0 0 0 0 0 0 0 102775
0 0  0 0 0 0 0 0 0 0 0 0 102826
0 0  0 0 0 0 0 0 0 0 0 0 102878
0 0  0 0 0 0 0 0 0 0 0 0 102932
0 0  0 0 0 0 0 0 0 0 0 0 102986
0 0  0 0 0 0 0 0 0 0 0 0 103039
0 0  0 0 0 0 0 0 0 0 0 0 103092
0 0  0 0 0 0 0 0 0 0 0 0 103146
0 0  0 0 0 0 0 0 0 0 0 0 103200
0 0  0 0 0 0 0 0 0 0 0 0 103253
0 0  0 0 0 0 0 0 0 0 0 0 103306
0 0  0 0 0 0 0 0 0 0 0 0 103360
0 0  0 0 0 0 0 0 0 0 0 0 103411
0 0  0 0 0 0 0 0 0 0 0 0 103463
0 0  0 0 0 0 0 0 0 0 0 0 103515
0 0  0 0 0 0 0 0 0 0 0 0 103566
0 0  0 0 0 0 0 0 0 0 0 0 103619
0 0  0 0 0 0 0 0 0 0 0 0 103673
0 0  0 0 0 0 0 0 0 0 0 0 103727
0 0  0 0 0 0 0 0 0 0 0 0 103778
0 0  0 0 0 0 0 0 0 0 0 0 103832
0 0  0 0 0 0 0 0 0 0 0 0 103883
0 0  0 0 0 0 0 0 0 0 0 0 103933
0 0  0 0 0 0 0 0 0 0 0 0 103984
0 0  0 0 0 0 0 0 0 0 0 0 104037
0 0  0 0 0 0 0 0 0 0 0 0 104089
0 0  0 0 0 0 0 0 0 0 0 0 104144
0 0  0 0 0 0 0 0 0 0 0 0 104196
0 0  0 0 0 0 0 0 0 0 0 0 104247
0 0  0 0 0 0 0 0 0 0 0 0 104299
0 0  0 0 0 0 0 0 0 0 0 0 104353
0 0  0 0 0 0 0 0 0 0 0 0 104406
0 0  0 0 0 0 0 0 0 0 0 0 104458
0 0  0 0 0 0 0 0 0 0 0 0 104509
0 0  0 0 0 0 0 0 0 0 0 0 104563
0 0  0 0 0 0 0 0 0 0 0 0 104616
0 0  0 0 0 0 0 0 0 0 0 0 104668
0 0  0 0 0 0 0 0 0 0 0 0 104719
0 0  0 0 0 0 0 0 0 0 0 0 104769
0 0  0 0 0 0 0 0 0 0 0 0 104823
0 0  0 0 0 0 0 0 0 0 0 0 104874
0 0  0 0 0 0 0 0 0 0 0 0 104926
0 0  0 0 0 0 0 0 0 0 0 0 104978
0 0  0 0 0 0 0 0 0 0 0 0 105030
0 0  0 0 0 0 0 0 0 0 0 0 105082
0 0  0 0 0 0 0 0 0 0 0 0 105132
0 0  0 0 0 0 0 0 0 0 0 0 105185
0 0  0 0 0 0 0 0 0 0 0 0 105238
0 0  0 0 0 0 0 0 0 0 0 0 105292
0 0  0 0 0 0 0 0 0 0 0 0 105343
0 0  0 0 0 0 0 0 0 0 0 0 105397
0 0  0 0 0 0 0 0 0 0 0 0 105449
0 0  0 0 0 0 0 0 0 0 0 0 105500
0 0  0 0 0 0 0 0 0 0 0 0 105552
0 0  0 0 0 0 0 0 0 0 0 0 105605
0 0  0 0 0 0 0 0 0 0 0 0 105658
0 0  0 0 0 0 0 0 0 0 0 0 105711
0 0  0 0 0 0 0 0 0 0 0 0 105762
0 0  0 0 0 0 0 0 0 0 0 0 105813
0 0  0 0 0 0 0 0 0 0 0 0 105866
0 0  0 0 0 0 0 0 0 0 0 0 105919
0 0  0 0 0 0 0 0 0 0 0 0 105972
0 0  0 0 0 0 0 0 0 0 0 0 106025
0 0  0 0 0 0 0 0 0 0 0 0 106077
0 0  0 0 0 0 0 0 0 0 0 0 106129
0 0  0 0 0 0 0 0 0 0 0 0 106182
0 0  0 0 0 0 0 0 0 0 0 0 106235
0 0  0 0 0 0 0 0 0 0 0 0 106287
0 0  0 0 0 0 0 0 0 0 0 0 106340
0 0  0 0 0 0 0 0 0 0 0 0 106391
0 0  0 0 0 0 0 0 0 0 0 0 106442
0 0  0 0 0 0 0 0 0 0 0 0 106495
0 0  0 0 0 0 0 0 0 0 0 0 106548
0 0  0 0 0 0 0 0 0 0 0 0 106601
0 0  0 0 0 0 0 0 0 0 0 0 106652
0 0  0 0 0 0 0 0 0 0 0 0 106705
0 0  0 0 0 0 0 0 0 0 0 0 106756
0 0  0 0 0 0 0 0 0 0 0 0 106808
0 0  0 0 0 0 0 0 0 0 0 0 106860
0 0  0 0 0 0 0 0 0 0 0 0 106911
0 0  0 0 0 0 0 0 0 0 0 0 106962
0 0  0 0 0 0 0 0 0 0 0 0 107013
0 0  0 0 0 0 0 0 0 0 0 0 107064
0 0  0 0 0 0 0 0 0 0 0 0 107117
0 0  0 0 0 0 0 0 0 0 0 0 107170
0 0  0 0 0 0 0 0 0 0 0 0 107224
0 0  0 0 0 0 0 0 0 0 0 0 107275
0 0  0 0 0 0 0 0 0 0 0 0 107327
0 0  0 0 0 0 0 0 0 0 0 0 107379
0 0  0 0 0 0 0 0 0 0 0 0 107431
0 0  0 0 0 0 0 0 0 0 0 0 107483
0 0  0 0 0 0 0 0 0 0 0 0 107536
0 0  0 0 0 0 0 0 0 0 0 0 107587
0 0  0 0 0 0 0 0 0 0 0 0 107638
0 0  0 0 0 0 0 0 0 0 0 0 107690
0 0  0 0 0 0 0 0 0 0 0 0 107742
0 0  0 0 0 0 0 0 0 0 0 0 107796
0 0  0 0 0 0 0 0 0 0 0 0 107846
0 0  0 0 0 0 0 0 0 0 0 0 107897
0 0  0 0 0 0 0 0 0 0 0 0 107949
0 0  0 0 0 0 0 0 0 0 0 0 108001
0 0  0 0 0 0 0 0 0 0 0 0 108054
0 0  0 0 0 0 0 0 0 0 0 0 108106
0 0  0 0 0 0 0 0 0 0 0 0 108156
0 0  0 0 0 0 0 0 0 0 0 0 108210
0 0  0 0 0 0 0 0 0 0 0 0 108263
0 0  0 0 0 0 0 0 0 0 0 0 108317
0 0  0 0 0 0 0 0 0 0 0 0 108369
0 0  0 0 0 0 0 0 0 0 0 0 108421
0 0  0 0 0 0 0 0 0 0 0 0 108473
0 0  0 0 0 0 0 0 0 0 0 0 108524
0 0  0 0 0 0 0 0 0 0 0 0 108576
0 0  0 0 0 0 0 0 0 0 0 0 108626
0 0  0 0 0 0 0 0 0 0 0 0 108678
0 0  0 0 0 0 0 0 0 0 0 0 108731
0 0  0 0 0 0 0 0 0 0 0 0 108783
0 0  0 0 0 0 0 0 0 0 0 0 108835
0 0  0 0 0 0 0 0 0 0 0 0 108886
0 0  0 0 0 0 0 0 0 0 0 0 108938
0 0  0 0 0 0 0 0 0 0 0 0 108990
0 0  0 0 0 0 0 0 0 0 0 0 109042
0 0  0 0 0 0 0 0 0 0 0 0 109096
0 0  0 0 0 0 0 0 0 0 0 0 109148
0 0  0 0 0 0 0 0 0 0 0 0 109202
0 0  0 0 0 0 0 0 0 0 0 0 109253
0 0  0 0 0 0 0 0 0 0 0 0 109306
0 0  0 0 0 0 0 0 0 0 0 0 109357
0 0  0 0 0 0 0 0 0 0 0 0 109409
0 0  0 0 0 0 0 0 0 0 0 0 109463
0 0  0 0 0 0 0 0 0 0 0 0 109516
0 0  0 0 0 0 0 0 0 0 0 0 109567
0 0  0 0 0 0 0 0 0 0 0 0 109617
0 0  0 0 0 0 0 0 0 0 0 0 109670
0 0  0 0 0 0 0 0 0 0 0 0 109723
0 0  0 0 0 0 0 0 0 0 0 0 109775
0 0  0 0 0 0 0 0 0 0 0 0 109827
0 0  0 0 0 0 0 0 0 0 0 0 109880
0 0  0 0 0 0 0 0 0 0 0 0 109930
0 0  0 0 0 0 0 0 0 0 0 0 109983
0 0  0 0 0 0 0 0 0 0 0 0 110036
0 0  0 0 0 0 0 0 0 0 0 0 110088
0 0  0 0 0 0 0 0 0 0 0 0 110139
0 0  0 0 0 0 0 0 0 0 0 0 110192
0 0  0 0 0 0 0 0 0 0 0 0 110243
0 0  0 0 0 0 0 0 0 0 0 0 110294
0 0  0 0 0 0 0 0 0 0 0 0 110348
0 0  0 0 0 0 0 0 0 0 0 0 110400
0 0  0 0 0 0 0 0 0 0 0 0 110454
0 0  0 0 0 0 0 0 0 0 0 0 110507
0 0  0 0 0 0 0 0 0 0 0 0 110558
0 0  0 0 0 0 0 0 0 0 0 0 110609
0 0  0 0 0 0 0 0 0 0 0 0 110661
0 0  0 0 0 0 0 0 0 0 0 0 110711
0 0  0 0 0 0 0 0 0 0 0 0 110765
0 0  0 0 0 0 0 0 0 0 0 0 110819
0 0  0 0 0 0 0 0 0 0 0 0 110870
0 0  0 0 0 0 0 0 0 0 0 0 110924
0 0  0 0 0 0 0 0 0 0 0 0 110976
0 0  0 0 0 0 0 0 0 0 0 0 111030
0 0  0 0 0 0 0 0 0 0 0 0 111081
0 0  0 0 0 0 0 0 0 0 0 0 111134
0 0  0 0 0 0 0 0 0 0 0 0 111185
0 0  0 0 0 0 0 0 0 0 0 0 111236
0 0  0 0 0 0 0 0 0 0 0 0 111289
0 0  0 0 0 0 0 0 0 0 0 0 111340
0 0  0 0 0 0 0 0 0 0 0 0 111394
0 0  0 0 0 0 0 0 0 0 0 0 111446
0 0  0 0 0 0 0 0 0 0 0 0 111499
0 0  0 0 0 0 0 0 0 0 0 0 111551
0 0  0 0 0 0 0 0 0 0 0 0 111604
0 0  0 0 0 0 0 0 0 0 0 0 111656
0 0  0 0 0 0 0 0 0 0 0 0 111707
0 0  0 0 0 0 0 0 0 0 0 0 111760
0 0  0 0 0 0 0 0 0 0 0 0 111812
0 0  0 0 0 0 0 0 0 0 0 0 111863
0 0  0 0 0 0 0 0 0 0 0 0 111914
0 0  0 0 0 0 0 0 0 0 0 0 111966
0 0  0 0 0 0 0 0 0 0 0 0 112016
0 0  0 0 0 0 0 0 0 0 0 0 112068
0 0  0 0 0 0 0 0 0 0 0 0 112122
0 0  0 0 0 0 0 0 0 0 0 0 112173
0 0  0 0 0 0 0 0 0 0 0 0 112226
0 0  0 0 0 0 0 0 0 0 0 0 112278
0 0  0 0 0 0 0 0 0 0 0 0 112332
0 0  0 0 0 0 0 0 0 0 0 0 112382
0 0  0 0 0 0 0 0 0 0 0 0 112437
0 0  0 0 0 0 0 0 0 0 0 0 112489
0 0  0 0 0 0 0 0 0 0 0 0 112541
0 0  0 0 0 0 0 0 0 0 0 0 112593
0 0  0 0 0 0 0 0 0 0 0 0 112647
0 0  0 0 0 0 0 0 0 0 0 0 112698
0 0  0 0 0 0 0 0 0 0 0 0 112750
0 0  0 0 0 0 0 0 0 0 0 0 112801
0 0  0 0 0 0 0 0 0 0 0 0 112852
0 0  0 0 0 0 0 0 0 0 0 0 112903
0 0  0 0 0 0 0 0 0 0 0 0 112954
0 0  0 0 0 0 0 0 0 0 0 0 113005
0 0  0 0 0 0 0 0 0 0 0 0 113056
0 0  0 0 0 0 0 0 0 0 0 0 113107
0 0  0 0 0 0 0 0 0 0 0 0 113161
0 0  0 0 0 0 0 0 0 0 0 0 113212
0 0  0 0 0 0 0 0 0 0 0 0 113264
0 0  0 0 0 0 0 0 0 0 0 0 113316
0 0  0 0 0 0 0 0 0 0 0 0 113369
0 0  0 0 0 0 0 0 0 0 0 0 113420
0 0  0 0 0 0 0 0 0 0 0 0 113473
0 0  0 0 0 0 0 0 0 0 0 0 113525
0 0  0 0 0 0 0 0 0 0 0 0 113579
0 0  0 0 0 0 0 0 0 0 0 0 113630
0 0  0 0 0 0 0 0 0 0 0 0 113683
0 0  0 0 0 0 0 0 0 0 0 0 113734
0 0  0 0 0 0 0 0 0 0 0 0 113786
0 0  0 0 0 0 0 0 0 0 0 0 113839
0 0  0 0 0 0 0 0 0 0 0 0 113890
0 0  0 0 0 0 0 0 0 0 0 0 113941
0 0  0 0 0 0 0 0 0 0 0 0 113994
0 0  0 0 0 0 0 0 0 0 0 0 114047
0 0  0 0 0 0 0 0 0 0 0 0 114098
0 0  0 0 0 0 0 0 0 0 0 0 114149
0 0  0 0 0 0 0 0 0 0 0 0 114203
0 0  0 0 0 0 0 0 0 0 0 0 114255
0 0  0 0 0 0 0 0 0 0 0 0 114309
0 0  0 0 0 0 0 0 0 0 0 0 114360
0 0  0 0 0 0 0 0 0 0 0 0 114411
0 0  0 0 0 0 0 0 0 0 0 0 114462
0 0  0 0 0 0 0 0 0 0 0 0 114515
0 0  0 0 0 0 0 0 0 0 0 0 114566
0 0  0 0 0 0 0 0 0 0 0 0 114618
0 0  0 0 0 0 0 0 0 0 0 0 114668
0 0  0 0 0 0 0 0 0 0 0 0 114720
0 0  0 0 0 0 0 0 0 0 0 0 114770
0 0  0 0 0 0 0 0 0 0 0 0 114821
0 0  0 0 0 0 0 0 0 0 0 0 114875
0 0  0 0 0 0 0 0 0 0 0 0 114926
0 0  0 0 0 0 0 0 0 0 0 0 114978
0 0  0 0 0 0 0 0 0 0 0 0 115031
0 0  0 0 0 0 0 0 0 0 0 0 115084
0 0  0 0 0 0 0 0 0 0 0 0 115137
0 0  0 0 0 0 0 0 0 0 0 0 115189
0 0  0 0 0 0 0 0 0 0 0 0 115239
0 0  0 0 0 0 0 0 0 0 0 0 115293
0 0  0 0 0 0 0 0 0 0 0 0 115347
0 0  0 0 0 0 0 0 0 0 0 0 115398
0 0  0 0 0 0 0 0 0 0 0 0 115452
0 0  0 0 0 0 0 0 0 0 0 0 115505
0 0  0 0 0 0 0 0 0 0 0 0 115556
0 0  0 0 0 0 0 0 0 0 0 0 115607
0 0  0 0 0 0 0 0 0 0 0 0 115660
0 0  0 0 0 0 0 0 0 0 0 0 115711
0 0  0 0 0 0 0 0 0 0 0 0 115765
0 0  0 0 0 0 0 0 0 0 0 0 115819
0 0  0 0 0 0 0 0 0 0 0 0 115873
0 0  0 0 0 0 0 0 0 0 0 0 115927
0 0  0 0 0 0 0 0 0 0 0 0 115978
0 0  0 0 0 0 0 0 0 0 0 0 116029
0 0  0 0 0 0 0 0 0 0 0 0 116081
0 0  0 0 0 0 0 0 0 0 0 0 116132
0 0  0 0 0 0 0 0 0 0 0 0 116183
0 0  0 0 0 0 0 0 0 0 0 0 116237
0 0  0 0 0 0 0 0 0 0 0 0 116288
0 0  0 0 0 0 0 0 0 0 0 0 116342
0 0  0 0 0 0 0 0 0 0 0 0 116393
0 0  0 0 0 0 0 0 0 0 0 0 116445
0 0  0 0 0 0 0 0 0 0 0 0 116496
0 0  0 0 0 0 0 0 0 0 0 0 116547
0 0  0 0 0 0 0 0 0 0 0 0 116597
0 0  0 0 0 0 0 0 0 0 0 0 116647
0 0  0 0 0 0 0 0 0 0 0 0 116699
0 0  0 0 0 0 0 0 0 0 0 0 116753
0 0  0 0 0 0 0 0 0 0 0 0 116807
0 0  0 0 0 0 0 0 0 0 0 0 116858
0 0  0 0 0 0 0 0 0 0 0 0 116911
0 0  0 0 0 0 0 0 0 0 0 0 116962
0 0  0 0 0 0 0 0 0 0 0 0 117014
0 0  0 0 0 0 0 0 0 0 0 0 117065
0 0  0 0 0 0 0 0 0 0 0 0 117118
0 0  0 0 0 0 0 0 0 0 0 0 117168
0 0  0 0 0 0 0 0 0 0 0 0 117220
0 0  0 0 0 0 0 0 0 0 0 0 117271
0 0  0 0 0 0 0 0 0 0 0 0 117325
0 0  0 0 0 0 0 0 0 0 0 0 117378
0 0  0 0 0 0 0 0 0 0 0 0 117433
0 0  0 0 0 0 0 0 0 0 0 0 117484
0 0  0 0 0 0 0 0 0 0 0 0 117535
0 0  0 0 0 0 0 0 0 0 0 0 117587
0 0  0 0 0 0 0 0 0 0 0 0 117638
0 0  0 0 0 0 0 0 0 0 0 0 117692
0 0  0 0 0 0 0 0 0 0 0 0 117743
0 0  0 0 0 0 0 0 0 0 0 0 117795
0 0  0 0 0 0 0 0 0 0 0 0 117848
0 0  0 0 0 0 0 0 0 0 0 0 117899
0 0  0 0 0 0 0 0 0 0 0 0 117953
0 0  0 0 0 0 0 0 0 0 0 0 118004
0 0  0 0 0 0 0 0 0 0 0 0 118055
0 0  0 0 0 0 0 0 0 0 0 0 118106
0 0  0 0 0 0 0 0 0 0 0 0 118158
0 0  0 0 0 0 0 0 0 0 0 0 118210
0 0  0 0 0 0 0 0 0 0 0 0 118261
0 0  0 0 0 0 0 0 0 0 0 0 118312
0 0  0 0 0 0 0 0 0 0 0 0 118365
0 0  0 0 0 0 0 0 0 0 0 0 118418
0 0  0 0 0 0 0 0 0 0 0 0 118472
0 0  0 0 0 0 0 0 0 0 0 0 118525
0 0  0 0 0 0 0 0 0 0 0 0 118577
0 0  0 0 0 0 0 0 0 0 0 0 118631
0 0  0 0 0 0 0 0 0 0 0 0 118682
0 0  0 0 0 0 0 0 0 0 0 0 118734
0 0  0 0 0 0 0 0 0 0 0 0 118785
0 0  0 0 0 0 0 0 0 0 0 0 118839
0 0  0 0 0 0 0 0 0 0 0 0 118890
0 0  0 0 0 0 0 0 0 0 0 0 118941
0 0  0 0 0 0 0 0 0 0 0 0 118992
0 0  0 0 0 0 0 0 0 0 0 0 119046
0 0  0 0 0 0 0 0 0 0 0 0 119100
0 0  0 0 0 0 0 0 0 0 0 0 119152
0 0  0 0 0 0 0 0 0 0 0 0 119205
0 0  0 0 0 0 0 0 0 0 0 0 119257
0 0  0 0 0 0 0 0 0 0 0 0 119308
0 0  0 0 0 0 0 0 0 0 0 0 119361
0 0  0 0 0 0 0 0 0 0 0 0 119413
0 0  0 0 0 0 0 0 0 0 0 0 119465
0 0  0 0 0 0 0 0 0 0 0 0 119519
0 0  0 0 0 0 0 0 0 0 0 0 119573
0 0  0 0 0 0 0 0 0 0 0 0 119623
0 0  0 0 0 0 0 0 0 0 0 0 119674
0 0  0 0 0 0 0 0 0 0 0 0 119725
0 0  0 0 0 0 0 0 0 0 0 0 119776
0 0  0 0 0 0 0 0 0 0 0 0 119827
0 0  0 0 0 0 0 0 0 0 0 0 119878
0 0  0 0 0 0 0 0 0 0 0 0 119932
0 0  0 0 0 0 0 0 0 0 0 0 119986
0 0  0 0 0 0 0 0 0 0 0 0 120037
0 0  0 0 0 0 0 0 0 0 0 0 120090
0 0  0 0 0 0 0 0 0 0 0 0 120143
0 0  0 0 0 0 0 0 0 0 0 0 120194
0 0  0 0 0 0 0 0 0 0 0 0 120247
0 0  0 0 0 0 0 0 0 0 0 0 120300
0 0  0 0 0 0 0 0 0 0 0 0 120353
0 0  0 0 0 0 0 0 0 0 0 0 120404
0 0  0 0 0 0 0 0 0 0 0 0 120455
0 0  0 0 0 0 0 0 0 0 0 0 120506
0 0  0 0 0 0 0 0 0 0 0 0 120560
0 0  0 0 0 0 0 0 0 0 0 0 120614
0 0  0 0 0 0 0 0 0 0 0 0 120668
0 0  0 0 0 0 0 0 0 0 0 0 120719
0 0  0 0 0 0 0 0 0 0 0 0 120769
0 0  0 0 0 0 0 0 0 0 0 0 120821
0 0  0 0 0 0 0 0 0 0 0 0 120871
0 0  0 0 0 0 0 0 0 0 0 0 120923
0 0  0 0 0 0 0 0 0 0 0 0 120974
0 0  0 0 0 0 0 0 0 0 0 0 121025
0 0  0 0 0 0 0 0 0 0 0 0 121076
0 0  0 0 0 0 0 0 0 0 0 0 121128
0 0  0 0 0 0 0 0 0 0 0 0 121179
0 0  0 0 0 0 0 0 0 0 0 0 121231
0 0  0 0 0 0 0 0 0 0 0 0 121283
0 0  0 0 0 0 0 0 0 0 0 0 121336
0 0  0 0 0 0 0 0 0 0 0 0 121388
0 0  0 0 0 0 0 0 0 0 0 0 121439
0 0  0 0 0 0 0 0 0 0 0 0 121490
0 0  0 0 0 0 0 0 0 0 0 0 121541
0 0  0 0 0 0 0 0 0 0 0 0 121594
0 0  0 0 0 0 0 0 0 0 0 0 121646
0 0  0 0 0 0 0 0 0 0 0 0 121697
0 0  0 0 0 0 0 0 0 0 0 0 121751
0 0  0 0 0 0 0 0 0 0 0 0 121802
0 0  0 0 0 0 0 0 0 0 0 0 121853
0 0  0 0 0 0 0 0 0 0 0 0 121905
0 0  0 0 0 0 0 0 0 0 0 0 121958
0 0  0 0 0 0 0 0 0 0 0 0 122009
0 0  0 0 0 0 0 0 0 0 0 0 122063
0 0  0 0 0 0 0 0 0 0 0 0 122114
0 0  0 0 0 0 0 0 0 0 0 0 122168
0 0  0 0 0 0 0 0 0 0 0 0 122219
0 0  0 0 0 0 0 0 0 0 0 0 122269
0 0  0 0 0 0 0 0 0 0 0 0 122321
0 0  0 0 0 0 0 0 0 0 0 0 122372
0 0  0 0 0 0 0 0 0 0 0 0 122424
0 0  0 0 0 0 0 0 0 0 0 0 122476
0 0  0 0 0 0 0 0 0 0 0 0 122528
0 0  0 0 0 0 0 0 0 0 0 0 122582
0 0  0 0 0 0 0 0 0 0 0 0 122633
0 0  0 0 0 0 0 0 0 0 0 0 122684
0 0  0 0 0 0 0 0 0 0 0 0 122737
0 0  0 0 0 0 0 0 0 0 0 0 122787
0 0  0 0 0 0 0 0 0 0 0 0 122838
0 0  0 0 0 0 0 0 0 0 0 0 122888
0 0  0 0 0 0 0 0 0 0 0 0 122942
0 0  0 0 0 0 0 0 0 0 0 0 122993
0 0  0 0 0 0 0 0 0 0 0 0 123043
0 0  0 0 0 0 0 0 0 0 0 0 123094
0 0  0 0 0 0 0 0 0 0 0 0 123146
0 0  0 0 0 0 0 0 0 0 0 0 123198
0 0  0 0 0 0 0 0 0 0 0 0 123248
0 0  0 0 0 0 0 0 0 0 0 0 123299
0 0  0 0 0 0 0 0 0 0 0 0 123351
0 0  0 0 0 0 0 0 0 0 0 0 123403
0 0  0 0 0 0 0 0 0 0 0 0 123455
0 0  0 0 0 0 0 0 0 0 0 0 123508
0 0  0 0 0 0 0 0 0 0 0 0 123558
0 0  0 0 0 0 0 0 0 0 0 0 123609
0 0  0 0 0 0 0 0 0 0 0 0 123659
0 0  0 0 0 0 0 0 0 0 0 0 123713
0 0  0 0 0 0 0 0 0 0 0 0 123763
0 0  0 0 0 0 0 0 0 0 0 0 123817
0 0  0 0 0 0 0 0 0 0 0 0 123867
0 0  0 0 0 0 0 0 0 0 0 0 123921
0 0  0 0 0 0 0 0 0 0 0 0 123971
0 0  0 0 0 0 0 0 0 0 0 0 124022
0 0  0 0 0 0 0 0 0 0 0 0 124076
0 0  0 0 0 0 0 0 0 0 0 0 124127
0 0  0 0 0 0 0 0 0 0 0 0 124178
0 0  0 0 0 0 0 0 0 0 0 0 124229
0 0  0 0 0 0 0 0 0 0 0 0 124283
0 0  0 0 0 0 0 0 0 0 0 0 124335
0 0  0 0 0 0 0 0 0 0 0 0 124387
0 0  0 0 0 0 0 0 0 0 0 0 124438
0 0  0 0 0 0 0 0 0 0 0 0 124489
0 0  0 0 0 0 0 0 0 0 0 0 124542
0 0  0 0 0 0 0 0 0 0 0 0 124593
0 0  0 0 0 0 0 0 0 0 0 0 124647
0 0  0 0 0 0 0 0 0 0 0 0 124700
0 0  0 0 0 0 0 0 0 0 0 0 124754
0 0  0 0 0 0 0 0 0 0 0 0 124808
0 0  0 0 0 0 0 0 0 0 0 0 124859
0 0  0 0 0 0 0 0 0 0 0 0 124909
0 0  0 0 0 0 0 0 0 0 0 0 124963
0 0  0 0 0 0 0 0 0 0 0 0 125014
0 0  0 0 0 0 0 0 0 0 0 0 125067
0 0  0 0 0 0 0 0 0 0 0 0 125119
0 0  0 0 0 0 0 0 0 0 0 0 125170
0 0  0 0 0 0 0 0 0 0 0 0 125221
0 0  0 0 0 0 0 0 0 0 0 0 125274
0 0  0 0 0 0 0 0 0 0 0 0 125327
0 0  0 0 0 0 0 0 0 0 0 0 125378
0 0  0 0 0 0 0 0 0 0 0 0 125430
0 0  0 0 0 0 0 0 0 0 0 0 125481
0 0  0 0 0 0 0 0 0 0 0 0 125531
0 0  0 0 0 0 0 0 0 0 0 0 125582
0 0  0 0 0 0 0 0 0 0 0 0 125635
0 0  0 0 0 0 0 0 0 0 0 0 125686
0 0  0 0 0 0 0 0 0 0 0 0 125739
0 0  0 0 0 0 0 0 0 0 0 0 125790
0 0  0 0 0 0 0 0 0 0 0 0 125844
0 0  0 0 0 0 0 0 0 0 0 0 125894
0 0  0 0 0 0 0 0 0 0 0 0 125948
0 0  0 0 0 0 0 0 0 0 0 0 126000
0 0  0 0 0 0 0 0 0 0 0 0 126051
0 0  0 0 0 0 0 0 0 0 0 0 126103
0 0  0 0 0 0 0 0 0 0 0 0 126154
0 0  0 0 0 0 0 0 0 0 0 0 126208
0 0  0 0 0 0 0 0 0 0 0 0 126262
0 0  0 0 0 0 0 0 0 0 0 0 126313
0 0  0 0 0 0 0 0 0 0 0 0 126366
0 0  0 0 0 0 0 0 0 0 0 0 126417
0 0  0 0 0 0 0 0 0 0 0 0 126469
0 0  0 0 0 0 0 0 0 0 0 0 126519
0 0  0 0 0 0 0 0 0 0 0 0 126572
0 0  0 0 0 0 0 0 0 0 0 0 126623
0 0  0 0 0 0 0 0 0 0 0 0 126676
0 0  0 0 0 0 0 0 0 0 0 0 126727
0 0  0 0 0 0 0 0 0 0 0 0 126781
0 0  0 0 0 0 0 0 0 0 0 0 126834
0 0  0 0 0 0 0 0 0 0 0 0 126888
0 0  0 0 0 0 0 0 0 0 0 0 126939
0 0  0 0 0 0 0 0 0 0 0 0 126989
0 0  0 0 0 0 0 0 0 0 0 0 127043
0 0  0 0 0 0 0 0 0 0 0 0 127097
0 0  0 0 0 0 0 0 0 0 0 0 127148
0 0  0 0 0 0 0 0 0 0 0 0 127199
0 0  0 0 0 0 0 0 0 0 0 0 127252
0 0  0 0 0 0 0 0 0 0 0 0 127302
0 0  0 0 0 0 0 0 0 0 0 0 127355
0 0  0 0 0 0 0 0 0 0 0 0 127409
0 0  0 0 0 0 0 0 0 0 0 0 127460
0 0  0 0 0 0 0 0 0 0 0 0 127511
0 0  0 0 0 0 0 0 0 0 0 0 127561
0 0  0 0 0 0 0 0 0 0 0 0 127612
0 0  0 0 0 0 0 0 0 0 0 0 127662
0 0  0 0 0 0 0 0 0 0 0 0 127715
0 0  0 0 0 0 0 0 0 0 0 0 127766
0 0  0 0 0 0 0 0 0 0 0 0 127820
0 0  0 0 0 0 0 0 0 0 0 0 127873
0 0  0 0 0 0 0 0 0 0 0 0 127926
0 0  0 0 0 0 0 0 0 0 0 0 127979
0 0  0 0 0 0 0 0 0 0 0 0 128030
0 0  0 0 0 0 0 0 0 0 0 0 128080
0 0  0 0 0 0 0 0 0 0 0 0 128131
0 0  0 0 0 0 0 0 0 0 0 0 128181
0 0  0 0 0 0 0 0 0 0 0 0 128233
0 0  0 0 0 0 0 0 0 0 0 0 128286
0 0  0 0 0 0 0 0 0 0 0 0 128335
0 0  0 0 0 0 0 0 0 0 0 0 128386
0 0  0 0 0 0 0 0 0 0 0 0 128436
0 0  0 0 0 0 0 0 0 0 0 0 128489
0 0  0 0 0 0 0 0 0 0 0 0 128542
0 0  0 0 0 0 0 0 0 0 0 0 128592
0 0  0 0 0 0 0 0 0 0 0 0 128646
0 0  0 0 0 0 0 0 0 0 0 0 128696
0 0  0 0 0 0 0 0 0 0 0 0 128746
0 0  0 0 0 0 0 0 0 0 0 0 128799
0 0  0 0 0 0 0 0 0 0 0 0 128850
0 0  0 0 0 0 0 0 0 0 0 0 128902
0 0  0 0 0 0 0 0 0 0 0 0 128955
0 0  0 0 0 0 0 0 0 0 0 0 129009
0 0  0 0 0 0 0 0 0 0 0 0 129059
0 0  0 0 0 0 0 0 0 0 0 0 129111
0 0  0 0 0 0 0 0 0 0 0 0 129164
0 0  0 0 0 0 0 0 0 0 0 0 129215
0 0  0 0 0 0 0 0 0 0 0 0 129264
0 0  0 0 0 0 0 0 0 0 0 0 129317
0 0  0 0 0 0 0 0 0 0 0 0 129370
0 0  0 0 0 0 0 0 0 0 0 0 129421
0 0  0 0 0 0 0 0 0 0 0 0 129472
0 0  0 0 0 0 0 0 0 0 0 0 129524
0 0  0 0 0 0 0 0 0 0 0 0 129574
0 0  0 0 0 0 0 0 0 0 0 0 129625
0 0  0 0 0 0 0 0 0 0 0 0 129677
0 0  0 0 0 0 0 0 0 0 0 0 129727
0 0  0 0 0 0 0 0 0 0 0 0 129780
0 0  0 0 0 0 0 0 0 0 0 0 129831
0 0  0 0 0 0 0 0 0 0 0 0 129881
0 0  0 0 0 0 0 0 0 0 0 0 129931
0 0  0 0 0 0 0 0 0 0 0 0 129985
0 0  0 0 0 0 0 0 0 0 0 0 130036
0 0  0 0 0 0 0 0 0 0 0 0 130088
0 0  0 0 0 0 0 0 0 0 0 0 130140
0 0  0 0 0 0 0 0 0 0 0 0 130191
0 0  0 0 0 0 0 0 0 0 0 0 130241
0 0  0 0 0 0 0 0 0 0 0 0 130294
0 0  0 0 0 0 0 0 0 0 0 0 130348
0 0  0 0 0 0 0 0 0 0 0 0 130402
0 0  0 0 0 0 0 0 0 0 0 0 130454
0 0  0 0 0 0 0 0 0 0 0 0 130507
0 0  0 0 0 0 0 0 0 0 0 0 130561
0 0  0 0 0 0 0 0 0 0 0 0 130615
0 0  0 0 0 0 0 0 0 0 0 0 130666
0 0  0 0 0 0 0 0 0 0 0 0 130718
0 0  0 0 0 0 0 0 0 0 0 0 130768
0 0  0 0 0 0 0 0 0 0 0 0 130820
0 0  0 0 0 0 0 0 0 0 0 0 130872
0 0  0 0 0 0 0 0 0 0 0 0 130925
0 0  0 0 0 0 0 0 0 0 0 0 130978
0 0  0 0 0 0 0 0 0 0 0 0 131030
0 0  0 0 0 0 0 0 0 0 0 0 131083
0 0  0 0 0 0 0 0 0 0 0 0 131134
0 0  0 0 0 0 0 0 0 0 0 0 131185
0 0  0 0 0 0 0 0 0 0 0 0 131237
0 0  0 0 0 0 0 0 0 0 0 0 131288
0 0  0 0 0 0 0 0 0 0 0 0 131339
0 0  0 0 0 0 0 0 0 0 0 0 131392
0 0  0 0 0 0 0 0 0 0 0 0 131444
0 0  0 0 0 0 0 0 0 0 0 0 131497
0 0  0 0 0 0 0 0 0 0 0 0 131551
0 0  0 0 0 0 0 0 0 0 0 0 131604
0 0  0 0 0 0 0 0 0 0 0 0 131657
0 0  0 0 0 0 0 0 0 0 0 0 131708
0 0  0 0 0 0 0 0 0 0 0 0 131761
0 0  0 0 0 0 0 0 0 0 0 0 131811
0 0  0 0 0 0 0 0 0 0 0 0 131865
0 0  0 0 0 0 0 0 0 0 0 0 131917
0 0  0 0 0 0 0 0 0 0 0 0 131969
0 0  0 0 0 0 0 0 0 0 0 0 132021
0 0  0 0 0 0 0 0 0 0 0 0 132072
0 0  0 0 0 0 0 0 0 0 0 0 132125
0 0  0 0 0 0 0 0 0 0 0 0 132176
0 0  0 0 0 0 0 0 0 0 0 0 132229
0 0  0 0 0 0 0 0 0 0 0 0 132282
0 0  0 0 0 0 0 0 0 0 0 0 132335
0 0  0 0 0 0 0 0 0 0 0 0 132386
0 0  0 0 0 0 0 0 0 0 0 0 132438
0 0  0 0 0 0 0 0 0 0 0 0 132488
0 0  0 0 0 0 0 0 0 0 0 0 132539
0 0  0 0 0 0 0 0 0 0 0 0 132590
0 0  0 0 0 0 0 0 0 0 0 0 132642
0 0  0 0 0 0 0 0 0 0 0 0 132694
0 0  0 0 0 0 0 0 0 0 0 0 132745
0 0  0 0 0 0 0 0 0 0 0 0 132799
0 0  0 0 0 0 0 0 0 0 0 0 132850
0 0  0 0 0 0 0 0 0 0 0 0 132901
0 0  0 0 0 0 0 0 0 0 0 0 132952
0 0  0 0 0 0 0 0 0 0 0 0 133002
0 0  0 0 0 0 0 0 0 0 0 0 133055
0 0  0 0 0 0 0 0 0 0 0 0 133108
0 0  0 0 0 0 0 0 0 0 0 0 133160
0 0  0 0 0 0 0 0 0 0 0 0 133211
0 0  0 0 0 0 0 0 0 0 0 0 133263
0 0  0 0 0 0 0 0 0 0 0 0 133316
0 0  0 0 0 0 0 0 0 0 0 0 133366
0 0  0 0 0 0 0 0 0 0 0 0 133419
0 0  0 0 0 0 0 0 0 0 0 0 133472
0 0  0 0 0 0 0 0 0 0 0 0 133524
0 0  0 0 0 0 0 0 0 0 0 0 133577
0 0  0 0 0 0 0 0 0 0 0 0 133629
0 0  0 0 0 0 0 0 0 0 0 0 133681
0 0  0 0 0 0 0 0 0 0 0 0 133732
0 0  0 0 0 0 0 0 0 0 0 0 133784
0 0  0 0 0 0 0 0 0 0 0 0 133835
0 0  0 0 0 0 0 0 0 0 0 0 133886
0 0  0 0 0 0 0 0 0 0 0 0 133939
0 0  0 0 0 0 0 0 0 0 0 0 133991
0 0  0 0 0 0 0 0 0 0 0 0 134044
0 0  0 0 0 0 0 0 0 0 0 0 134097
0 0  0 0 0 0 0 0 0 0 0 0 134148
0 0  0 0 0 0 0 0 0 0 0 0 134199
0 0  0 0 0 0 0 0 0 0 0 0 134252
0 0  0 0 0 0 0 0 0 0 0 0 134304
0 0  0 0 0 0 0 0 0 0 0 0 134354
0 0  0 0 0 0 0 0 0 0 0 0 134408
0 0  0 0 0 0 0 0 0 0 0 0 134460
0 0  0 0 0 0 0 0 0 0 0 0 134514
0 0  0 0 0 0 0 0 0 0 0 0 134567
0 0  0 0 0 0 0 0 0 0 0 0 134620
0 0  0 0 0 0 0 0 0 0 0 0 134673
0 0  0 0 0 0 0 0 0 0 0 0 134723
0 0  0 0 0 0 0 0 0 0 0 0 134776
0 0  0 0 0 0 0 0 0 0 0 0 134827
0 0  0 0 0 0 0 0 0 0 0 0 134877
0 0  0 0 0 0 0 0 0 0 0 0 134930
0 0  0 0 0 0 0 0 0 0 0 0 134983
0 0  0 0 0 0 0 0 0 0 0 0 135037
0 0  0 0 0 0 0 0 0 0 0 0 135086
0 0  0 0 0 0 0 0 0 0 0 0 135137
0 0  0 0 0 0 0 0 0 0 0 0 135188
0 0  0 0 0 0 0 0 0 0 0 0 135241
0 0  0 0 0 0 0 0 0 0 0 0 135294
0 0  0 0 0 0 0 0 0 0 0 0 135347
0 0  0 0 0 0 0 0 0 0 0 0 135400
0 0  0 0 0 0 0 0 0 0 0 0 135451
0 0  0 0 0 0 0 0 0 0 0 0 135503
0 0  0 0 0 0 0 0 0 0 0 0 135555
0 0  0 0 0 0 0 0 0 0 0 0 135608
0 0  0 0 0 0 0 0 0 0 0 0 135661
0 0  0 0 0 0 0 0 0 0 0 0 135711
0 0  0 0 0 0 0 0 0 0 0 0 135763
0 0  0 0 0 0 0 0 0 0 0 0 135816
0 0  0 0 0 0 0 0 0 0 0 0 135869
0 0  0 0 0 0 0 0 0 0 0 0 135922
0 0  0 0 0 0 0 0 0 0 0 0 135975
0 0  0 0 0 0 0 0 0 0 0 0 136025
0 0  0 0 0 0 0 0 0 0 0 0 136078
0 0  0 0 0 0 0 0 0 0 0 0 136131
0 0  0 0 0 0 0 0 0 0 0 0 136182
0 0  0 0 0 0 0 0 0 0 0 0 136234
0 0  0 0 0 0 0 0 0 0 0 0 136287
0 0  0 0 0 0 0 0 0 0 0 0 136340
0 0  0 0 0 0 0 0 0 0 0 0 136392
0 0  0 0 0 0 0 0 0 0 0 0 136444
0 0  0 0 0 0 0 0 0 0 0 0 136496
0 0  0 0 0 0 0 0 0 0 0 0 136547
0 0  0 0 0 0 0 0 0 0 0 0 136597
0 0  0 0 0 0 0 0 0 0 0 0 136648
0 0  0 0 0 0 0 0 0 0 0 0 136698
0 0  0 0 0 0 0 0 0 0 0 0 136751
0 0  0 0 0 0 0 0 0 0 0 0 136803
0 0  0 0 0 0 0 0 0 0 0 0 136854
0 0  0 0 0 0 0 0 0 0 0 0 136905
0 0  0 0 0 0 0 0 0 0 0 0 136957
0 0  0 0 0 0 0 0 0 0 0 0 137009
0 0  0 0 0 0 0 0 0 0 0 0 137062
0 0  0 0 0 0 0 0 0 0 0 0 137113
0 0  0 0 0 0 0 0 0 0 0 0 137166
0 0  0 0 0 0 0 0 0 0 0 0 137218
0 0  0 0 0 0 0 0 0 0 0 0 137269
0 0  0 0 0 0 0 0 0 0 0 0 137318
0 0  0 0 0 0 0 0 0 0 0 0 137369
0 0  0 0 0 0 0 0 0 0 0 0 137419
0 0  0 0 0 0 0 0 0 0 0 0 137471
0 0  0 0 0 0 0 0 0 0 0 0 137523
0 0  0 0 0 0 0 0 0 0 0 0 137573
0 0  0 0 0 0 0 0 0 0 0 0 137626
0 0  0 0 0 0 0 0 0 0 0 0 137676
0 0  0 0 0 0 0 0 0 0 0 0 137726
0 0  0 0 0 0 0 0 0 0 0 0 137778
0 0  0 0 0 0 0 0 0 0 0 0 137830
0 0  0 0 0 0 0 0 0 0 0 0 137883
0 0  0 0 0 0 0 0 0 0 0 0 137937
0 0  0 0 0 0 0 0 0 0 0 0 137990
0 0  0 0 0 0 0 0 0 0 0 0 138043
0 0  0 0 0 0 0 0 0 0 0 0 138092
0 0  0 0 0 0 0 0 0 0 0 0 138144
0 0  0 0 0 0 0 0 0 0 0 0 138198
0 0  0 0 0 0 0 0 0 0 0 0 138249
0 0  0 0 0 0 0 0 0 0 0 0 138302
0 0  0 0 0 0 0 0 0 0 0 0 138354
0 0  0 0 0 0 0 0 0 0 0 0 138407
0 0  0 0 0 0 0 0 0 0 0 0 138458
0 0  0 0 0 0 0 0 0 0 0 0 138511
0 0  0 0 0 0 0 0 0 0 0 0 138561
0 0  0 0 0 0 0 0 0 0 0 0 138614
0 0  0 0 0 0 0 0 0 0 0 0 138667
0 0  0 0 0 0 0 0 0 0 0 0 138720
0 0  0 0 0 0 0 0 0 0 0 0 138770
0 0  0 0 0 0 0 0 0 0 0 0 138823
0 0  0 0 0 0 0 0 0 0 0 0 138876
0 0  0 0 0 0 0 0 0 0 0 0 138929
0 0  0 0 0 0 0 0 0 0 0 0 138980
0 0  0 0 0 0 0 0 0 0 0 0 139033
0 0  0 0 0 0 0 0 0 0 0 0 139084
0 0  0 0 0 0 0 0 0 0 0 0 139136
0 0  0 0 0 0 0 0 0 0 0 0 139188
0 0  0 0 0 0 0 0 0 0 0 0 139241
0 0  0 0 0 0 0 0 0 0 0 0 139292
0 0  0 0 0 0 0 0 0 0 0 0 139344
0 0  0 0 0 0 0 0 0 0 0 0 139394
0 0  0 0 0 0 0 0 0 0 0 0 139445
0 0  0 0 0 0 0 0 0 0 0 0 139495
0 0  0 0 0 0 0 0 0 0 0 0 139548
0 0  0 0 0 0 0 0 0 0 0 0 139598
0 0  0 0 0 0 0 0 0 0 0 0 139650
0 0  0 0 0 0 0 0 0 0 0 0 139704
0 0  0 0 0 0 0 0 0 0 0 0 139757
0 0  0 0 0 0 0 0 0 0 0 0 139811
0 0  0 0 0 0 0 0 0 0 0 0 139865
0 0  0 0 0 0 0 0 0 0 0 0 139915
0 0  0 0 0 0 0 0 0 0 0 0 139965
0 0  0 0 0 0 0 0 0 0 0 0 140019
0 0  0 0 0 0 0 0 0 0 0 0 140071
0 0  0 0 0 0 0 0 0 0 0 0 140121
0 0  0 0 0 0 0 0 0 0 0 0 140175
0 0  0 0 0 0 0 0 0 0 0 0 140229
0 0  0 0 0 0 0 0 0 0 0 0 140282
0 0  0 0 0 0 0 0 0 0 0 0 140335
0 0  0 0 0 0 0 0 0 0 0 0 140388
0 0  0 0 0 0 0 0 0 0 0 0 140442
0 0  0 0 0 0 0 0 0 0 0 0 140494
0 0  0 0 0 0 0 0 0 0 0 0 140545
0 0  0 0 0 0 0 0 0 0 0 0 140597
0 0  0 0 0 0 0 0 0 0 0 0 140650
0 0  0 0 0 0 0 0 0 0 0 0 140703
0 0  0 0 0 0 0 0 0 0 0 0 140756
0 0  0 0 0 0 0 0 0 0 0 0 140807
0 0  0 0 0 0 0 0 0 0 0 0 140858
0 0  0 0 0 0 0 0 0 0 0 0 140911
0 0  0 0 0 0 0 0 0 0 0 0 140964
0 0  0 0 0 0 0 0 0 0 0 0 141015
0 0  0 0 0 0 0 0 0 0 0 0 141065
0 0  0 0 0 0 0 0 0 0 0 0 141115
0 0  0 0 0 0 0 0 0 0 0 0 141166
0 0  0 0 0 0 0 0 0 0 0 0 141217
0 0  0 0 0 0 0 0 0 0 0 0 141268
0 0  0 0 0 0 0 0 0 0 0 0 141318
0 0  0 0 0 0 0 0 0 0 0 0 141371
0 0  0 0 0 0 0 0 0 0 0 0 141425
0 0  0 0 0 0 0 0 0 0 0 0 141476
0 0  0 0 0 0 0 0 0 0 0 0 141528
0 0  0 0 0 0 0 0 0 0 0 0 141578
0 0  0 0 0 0 0 0 0 0 0 0 141631
0 0  0 0 0 0 0 0 0 0 0 0 141684
0 0  0 0 0 0 0 0 0 0 0 0 141734
0 0  0 0 0 0 0 0 0 0 0 0 141787
0 0  0 0 0 0 0 0 0 0 0 0 141840
0 0  0 0 0 0 0 0 0 0 0 0 141893
0 0  0 0 0 0 0 0 0 0 0 0 141943
0 0  0 0 0 0 0 0 0 0 0 0 141996
0 0  0 0 0 0 0 0 0 0 0 0 142050
0 0  0 0 0 0 0 0 0 0 0 0 142103
0 0  0 0 0 0 0 0 0 0 0 0 142155
0 0  0 0 0 0 0 0 0 0 0 0 142208
0 0  0 0 0 0 0 0 0 0 0 0 142261
0 0  0 0 0 0 0 0 0 0 0 0 142313
0 0  0 0 0 0 0 0 0 0 0 0 142363
0 0  0 0 0 0 0 0 0 0 0 0 142415
0 0  0 0 0 0 0 0 0 0 0 0 142466
0 0  0 0 0 0 0 0 0 0 0 0 142520
0 0  0 0 0 0 0 0 0 0 0 0 142572
0 0  0 0 0 0 0 0 0 0 0 0 142623
0 0  0 0 0 0 0 0 0 0 0 0 142673
0 0  0 0 0 0 0 0 0 0 0 0 142723
0 0  0 0 0 0 0 0 0 0 0 0 142774
0 0  0 0 0 0 0 0 0 0 0 0 142824
0 0  0 0 0 0 0 0 0 0 0 0 142877
0 0  0 0 0 0 0 0 0 0 0 0 142930
0 0  0 0 0 0 0 0 0 0 0 0 142984
0 0  0 0 0 0 0 0 0 0 0 0 143037
0 0  0 0 0 0 0 0 0 0 0 0 143090
0 0  0 0 0 0 0 0 0 0 0 0 143141
0 0  0 0 0 0 0 0 0 0 0 0 143191
0 0  0 0 0 0 0 0 0 0 0 0 143242
0 0  0 0 0 0 0 0 0 0 0 0 143294
0 0  0 0 0 0 0 0 0 0 0 0 143348
0 0  0 0 0 0 0 0 0 0 0 0 143401
0 0  0 0 0 0 0 0 0 0 0 0 143454
0 0  0 0 0 0 0 0 0 0 0 0 143505
0 0  0 0 0 0 0 0 0 0 0 0 143557
0 0  0 0 0 0 0 0 0 0 0 0 143610
0 0  0 0 0 0 0 0 0 0 0 0 143664
0 0  0 0 0 0 0 0 0 0 0 0 143714
0 0  0 0 0 0 0 0 0 0 0 0 143767
0 0  0 0 0 0 0 0 0 0 0 0 143819
0 0  0 0 0 0 0 0 0 0 0 0 143869
0 0  0 0 0 0 0 0 0 0 0 0 143921
0 0  0 0 0 0 0 0 0 0 0 0 143971
0 0  0 0 0 0 0 0 0 0 0 0 144024
0 0  0 0 0 0 0 0 0 0 0 0 144075
0 0  0 0 0 0 0 0 0 0 0 0 144126
0 0  0 0 0 0 0 0 0 0 0 0 144175
0 0  0 0 0 0 0 0 0 0 0 0 144227
0 0  0 0 0 0 0 0 0 0 0 0 144279
0 0  0 0 0 0 0 0 0 0 0 0 144332
0 0  0 0 0 0 0 0 0 0 0 0 144384
0 0  0 0 0 0 0 0 0 0 0 0 144435
0 0  0 0 0 0 0 0 0 0 0 0 144487
0 0  0 0 0 0 0 0 0 0 0 0 144537
0 0  0 0 0 0 0 0 0 0 0 0 144588
0 0  0 0 0 0 0 0 0 0 0 0 144641
0 0  0 0 0 0 0 0 0 0 0 0 144693
0 0  0 0 0 0 0 0 0 0 0 0 144745
0 0  0 0 0 0 0 0 0 0 0 0 144799
0 0  0 0 0 0 0 0 0 0 0 0 144851
0 0  0 0 0 0 0 0 0 0 0 0 144901
0 0  0 0 0 0 0 0 0 0 0 0 144953
0 0  0 0 0 0 0 0 0 0 0 0 145006
0 0  0 0 0 0 0 0 0 0 0 0 145056
0 0  0 0 0 0 0 0 0 0 0 0 145107
0 0  0 0 0 0 0 0 0 0 0 0 145157
0 0  0 0 0 0 0 0 0 0 0 0 145208
0 0  0 0 0 0 0 0 0 0 0 0 145260
0 0  0 0 0 0 0 0 0 0 0 0 145310
0 0  0 0 0 0 0 0 0 0 0 0 145360
0 0  0 0 0 0 0 0 0 0 0 0 145412
0 0  0 0 0 0 0 0 0 0 0 0 145466
0 0  0 0 0 0 0 0 0 0 0 0 145518
0 0  0 0 0 0 0 0 0 0 0 0 145568
0 0  0 0 0 0 0 0 0 0 0 0 145620
0 0  0 0 0 0 0 0 0 0 0 0 145672
0 0  0 0 0 0 0 0 0 0 0 0 145724
0 0  0 0 0 0 0 0 0 0 0 0 145774
0 0  0 0 0 0 0 0 0 0 0 0 145826
0 0  0 0 0 0 0 0 0 0 0 0 145877
0 0  0 0 0 0 0 0 0 0 0 0 145931
0 0  0 0 0 0 0 0 0 0 0 0 145984
0 0  0 0 0 0 0 0 0 0 0 0 146036
0 0  0 0 0 0 0 0 0 0 0 0 146088
0 0  0 0 0 0 0 0 0 0 0 0 146140
0 0  0 0 0 0 0 0 0 0 0 0 146192
0 0  0 0 0 0 0 0 0 0 0 0 146244
0 0  0 0 0 0 0 0 0 0 0 0 146297
0 0  0 0 0 0 0 0 0 0 0 0 146347
0 0  0 0 0 0 0 0 0 0 0 0 146401
0 0  0 0 0 0 0 0 0 0 0 0 146455
0 0  0 0 0 0 0 0 0 0 0 0 146508
0 0  0 0 0 0 0 0 0 0 0 0 146561
0 0  0 0 0 0 0 0 0 0 0 0 146614
0 0  0 0 0 0 0 0 0 0 0 0 146666
0 0  0 0 0 0 0 0 0 0 0 0 146718
0 0  0 0 0 0 0 0 0 0 0 0 146770
0 0  0 0 0 0 0 0 0 0 0 0 146823
0 0  0 0 0 0 0 0 0 0 0 0 146875
0 0  0 0 0 0 0 0 0 0 0 0 146928
0 0  0 0 0 0 0 0 0 0 0 0 146977
0 0  0 0 0 0 0 0 0 0 0 0 147029
0 0  0 0 0 0 0 0 0 0 0 0 147081
0 0  0 0 0 0 0 0 0 0 0 0 147134
0 0  0 0 0 0 0 0 0 0 0 0 147186
0 0  0 0 0 0 0 0 0 0 0 0 147238
0 0  0 0 0 0 0 0 0 0 0 0 147290
0 0  0 0 0 0 0 0 0 0 0 0 147341
0 0  0 0 0 0 0 0 0 0 0 0 147394
0 0  0 0 0 0 0 0 0 0 0 0 147448
0 0  0 0 0 0 0 0 0 0 0 0 147501
0 0  0 0 0 0 0 0 0 0 0 0 147550
0 0  0 0 0 0 0 0 0 0 0 0 147602
0 0  0 0 0 0 0 0 0 0 0 0 147654
0 0  0 0 0 0 0 0 0 0 0 0 147707
0 0  0 0 0 0 0 0 0 0 0 0 147759
0 0  0 0 0 0 0 0 0 0 0 0 147811
0 0  0 0 0 0 0 0 0 0 0 0 147863
0 0  0 0 0 0 0 0 0 0 0 0 147915
0 0  0 0 0 0 0 0 0 0 0 0 147967
0 0  0 0 0 0 0 0 0 0 0 0 148021
0 0  0 0 0 0 0 0 0 0 0 0 148071
0 0  0 0 0 0 0 0 0 0 0 0 148123
0 0  0 0 0 0 0 0 0 0 0 0 148176
0 0  0 0 0 0 0 0 0 0 0 0 148228
0 0  0 0 0 0 0 0 0 0 0 0 148280
0 0  0 0 0 0 0 0 0 0 0 0 148332
0 0  0 0 0 0 0 0 0 0 0 0 148382
0 0  0 0 0 0 0 0 0 0 0 0 148436
0 0  0 0 0 0 0 0 0 0 0 0 148489
0 0  0 0 0 0 0 0 0 0 0 0 148543
0 0  0 0 0 0 0 0 0 0 0 0 148596
0 0  0 0 0 0 0 0 0 0 0 0 148649
0 0  0 0 0 0 0 0 0 0 0 0 148702
0 0  0 0 0 0 0 0 0 0 0 0 148755
0 0  0 0 0 0 0 0 0 0 0 0 148807
0 0  0 0 0 0 0 0 0 0 0 0 148858
0 0  0 0 0 0 0 0 0 0 0 0 148910
0 0  0 0 0 0 0 0 0 0 0 0 148963
0 0  0 0 0 0 0 0 0 0 0 0 149015
0 0  0 0 0 0 0 0 0 0 0 0 149067
0 0  0 0 0 0 0 0 0 0 0 0 149119
0 0  0 0 0 0 0 0 0 0 0 0 149171
0 0  0 0 0 0 0 0 0 0 0 0 149223
0 0  0 0 0 0 0 0 0 0 0 0 149276
0 0  0 0 0 0 0 0 0 0 0 0 149328
0 0  0 0 0 0 0 0 0 0 0 0 149379
0 0  0 0 0 0 0 0 0 0 0 0 149431
0 0  0 0 0 0 0 0 0 0 0 0 149485
0 0  0 0 0 0 0 0 0 0 0 0 149538
0 0  0 0 0 0 0 0 0 0 0 0 149590
0 0  0 0 0 0 0 0 0 0 0 0 149642
0 0  0 0 0 0 0 0 0 0 0 0 149694
0 0  0 0 0 0 0 0 0 0 0 0 149746
0 0  0 0 0 0 0 0 0 0 0 0 149799
0 0  0 0 0 0 0 0 0 0 0 0 149852
0 0  0 0 0 0 0 0 0 0 0 0 149904
0 0  0 0 0 0 0 0 0 0 0 0 149957
0 0  0 0 0 0 0 0 0 0 0 0 150009
0 0  0 0 0 0 0 0 0 0 0 0 150061
0 0  0 0 0 0 0 0 0 0 0 0 150112
0 0  0 0 0 0 0 0 0 0 0 0 150164
0 0  0 0 0 0 0 0 0 0 0 0 150215
0 0  0 0 0 0 0 0 0 0 0 0 150267
0 0  0 0 0 0 0 0 0 0 0 0 150317
0 0  0 0 0 0 0 0 0 0 0 0 150370
0 0  0 0 0 0 0 0 0 0 0 0 150423
0 0  0 0 0 0 0 0 0 0 0 0 150476
0 0  0 0 0 0 0 0 0 0 0 0 150528
0 0  0 0 0 0 0 0 0 0 0 0 150578
0 0  0 0 0 0 0 0 0 0 0 0 150630
0 0  0 0 0 0 0 0 0 0 0 0 150682
0 0  0 0 0 0 0 0 0 0 0 0 150734
0 0  0 0 0 0 0 0 0 0 0 0 150786
0 0  0 0 0 0 0 0 0 0 0 0 150836
0 0  0 0 0 0 0 0 0 0 0 0 150889
0 0  0 0 0 0 0 0 0 0 0 0 150942
0 0  0 0 0 0 0 0 0 0 0 0 150994
0 0  0 0 0 0 0 0 0 0 0 0 151044
0 0  0 0 0 0 0 0 0 0 0 0 151096
0 0  0 0 0 0 0 0 0 0 0 0 151148
0 0  0 0 0 0 0 0 0 0 0 0 151198
0 0  0 0 0 0 0 0 0 0 0 0 151251
0 0  0 0 0 0 0 0 0 0 0 0 151305
0 0  0 0 0 0 0 0 0 0 0 0 151359
0 0  0 0 0 0 0 0 0 0 0 0 151411
0 0  0 0 0 0 0 0 0 0 0 0 151461
0 0  0 0 0 0 0 0 0 0 0 0 151514
0 0  0 0 0 0 0 0 0 0 0 0 151567
0 0  0 0 0 0 0 0 0 0 0 0 151620
0 0  0 0 0 0 0 0 0 0 0 0 151672
0 0  0 0 0 0 0 0 0 0 0 0 151724
0 0  0 0 0 0 0 0 0 0 0 0 151776
0 0  0 0 0 0 0 0 0 0 0 0 151828
0 0  0 0 0 0 0 0 0 0 0 0 151880
0 0  0 0 0 0 0 0 0 0 0 0 151933
0 0  0 0 0 0 0 0 0 0 0 0 151984
0 0  0 0 0 0 0 0 0 0 0 0 152037
0 0  0 0 0 0 0 0 0 0 0 0 152088
0 0  0 0 0 0 0 0 0 0 0 0 152140
0 0  0 0 0 0 0 0 0 0 0 0 152190
0 0  0 0 0 0 0 0 0 0 0 0 152240
0 0  0 0 0 0 0 0 0 0 0 0 152292
0 0  0 0 0 0 0 0 0 0 0 0 152344
0 0  0 0 0 0 0 0 0 0 0 0 152397
0 0  0 0 0 0 0 0 0 0 0 0 152449
0 0  0 0 0 0 0 0 0 0 0 0 152502
0 0  0 0 0 0 0 0 0 0 0 0 152555
0 0  0 0 0 0 0 0 0 0 0 0 152607
0 0  0 0 0 0 0 0 0 0 0 0 152657
0 0  0 0 0 0 0 0 0 0 0 0 152709
0 0  0 0 0 0 0 0 0 0 0 0 152762
0 0  0 0 0 0 0 0 0 0 0 0 152812
0 0  0 0 0 0 0 0 0 0 0 0 152863
0 0  0 0 0 0 0 0 0 0 0 0 152915
0 0  0 0 0 0 0 0 0 0 0 0 152965
0 0  0 0 0 0 0 0 0 0 0 0 153018
0 0  0 0 0 0 0 0 0 0 0 0 153070
0 0  0 0 0 0 0 0 0 0 0 0 153122
0 0  0 0 0 0 0 0 0 0 0 0 153174
0 0  0 0 0 0 0 0 0 0 0 0 153226
0 0  0 0 0 0 0 0 0 0 0 0 153278
0 0  0 0 0 0 0 0 0 0 0 0 153330
0 0  0 0 0 0 0 0 0 0 0 0 153383
0 0  0 0 0 0 0 0 0 0 0 0 153437
0 0  0 0 0 0 0 0 0 0 0 0 153490
0 0  0 0 0 0 0 0 0 0 0 0 153542
0 0  0 0 0 0 0 0 0 0 0 0 153594
0 0  0 0 0 0 0 0 0 0 0 0 153646
0 0  0 0 0 0 0 0 0 0 0 0 153698
0 0  0 0 0 0 0 0 0 0 0 0 153749
0 0  0 0 0 0 0 0 0 0 0 0 153801
0 0  0 0 0 0 0 0 0 0 0 0 153853
0 0  0 0 0 0 0 0 0 0 0 0 153905
0 0  0 0 0 0 0 0 0 0 0 0 153957
0 0  0 0 0 0 0 0 0 0 0 0 154010
0 0  0 0 0 0 0 0 0 0 0 0 154061
0 0  0 0 0 0 0 0 0 0 0 0 154113
0 0  0 0 0 0 0 0 0 0 0 0 154165
0 0  0 0 0 0 0 0 0 0 0 0 154217
0 0  0 0 0 0 0 0 0 0 0 0 154269
0 0  0 0 0 0 0 0 0 0 0 0 154321
0 0  0 0 0 0 0 0 0 0 0 0 154374
0 0  0 0 0 0 0 0 0 0 0 0 154426
0 0  0 0 0 0 0 0 0 0 0 0 154476
0 0  0 0 0 0 0 0 0 0 0 0 154528
0 0  0 0 0 0 0 0 0 0 0 0 154581
0 0  0 0 0 0 0 0 0 0 0 0 154631
0 0  0 0 0 0 0 0 0 0 0 0 154683
0 0  0 0 0 0 0 0 0 0 0 0 154736
0 0  0 0 0 0 0 0 0 0 0 0 154789
0 0  0 0 0 0 0 0 0 0 0 0 154842
0 0  0 0 0 0 0 0 0 0 0 0 154894
0 0  0 0 0 0 0 0 0 0 0 0 154946
0 0  0 0 0 0 0 0 0 0 0 0 154998
0 0  0 0 0 0 0 0 0 0 0 0 155050
0 0  0 0 0 0 0 0 0 0 0 0 155102
0 0  0 0 0 0 0 0 0 0 0 0 155155
0 0  0 0 0 0 0 0 0 0 0 0 155205
0 0  0 0 0 0 0 0 0 0 0 0 155258
0 0  0 0 0 0 0 0 0 0 0 0 155310
0 0  0 0 0 0 0 0 0 0 0 0 155363
0 0  0 0 0 0 0 0 0 0 0 0 155415
0 0  0 0 0 0 0 0 0 0 0 0 155468
0 0  0 0 0 0 0 0 0 0 0 0 155520
0 0  0 0 0 0 0 0 0 0 0 0 155572
0 0  0 0 0 0 0 0 0 0 0 0 155624
0 0  0 0 0 0 0 0 0 0 0 0 155676
0 0  0 0 0 0 0 0 0 0 0 0 155728
0 0  0 0 0 0 0 0 0 0 0 0 155780
0 0  0 0 0 0 0 0 0 0 0 0 155832
0 0  0 0 0 0 0 0 0 0 0 0 155884
0 0  0 0 0 0 0 0 0 0 0 0 155936
0 0  0 0 0 0 0 0 0 0 0 0 155989
0 0  0 0 0 0 0 0 0 0 0 0 156041
0 0  0 0 0 0 0 0 0 0 0 0 156093
0 0  0 0 0 0 0 0 0 0 0 0 156145
0 0  0 0 0 0 0 0 0 0 0 0 156196
0 0  0 0 0 0 0 0 0 0 0 0 156248
0 0  0 0 0 0 0 0 0 0 0 0 156301
0 0  0 0 0 0 0 0 0 0 0 0 156353
0 0  0 0 0 0 0 0 0 0 0 0 156407
0 0  0 0 0 0 0 0 0 0 0 0 156460
0 0  0 0 0 0 0 0 0 0 0 0 156513
0 0  0 0 0 0 0 0 0 0 0 0 156565
0 0  0 0 0 0 0 0 0 0 0 0 156615
0 0  0 0 0 0 0 0 0 0 0 0 156667
0 0  0 0 0 0 0 0 0 0 0 0 156719
0 0  0 0 0 0 0 0 0 0 0 0 156771
0 0  0 0 0 0 0 0 0 0 0 0 156824
0 0  0 0 0 0 0 0 0 0 0 0 156876
0 0  0 0 0 0 0 0 0 0 0 0 156929
0 0  0 0 0 0 0 0 0 0 0 0 156981
0 0  0 0 0 0 0 0 0 0 0 0 157031
0 0  0 0 0 0 0 0 0 0 0 0 157083
0 0  0 0 0 0 0 0 0 0 0 0 157135
0 0  0 0 0 0 0 0 0 0 0 0 157186
0 0  0 0 0 0 0 0 0 0 0 0 157239
0 0  0 0 0 0 0 0 0 0 0 0 157291
0 0  0 0 0 0 0 0 0 0 0 0 157343
0 0  0 0 0 0 0 0 0 0 0 0 157395
0 0  0 0 0 0 0 0 0 0 0 0 157446
0 0  0 0 0 0 0 0 0 0 0 0 157499
0 0  0 0 0 0 0 0 0 0 0 0 157551
0 0  0 0 0 0 0 0 0 0 0 0 157603
0 0  0 0 0 0 0 0 0 0 0 0 157655
0 0  0 0 0 0 0 0 0 0 0 0 157707
0 0  0 0 0 0 0 0 0 0 0 0 157759
0 0  0 0 0 0 0 0 0 0 0 0 157811
0 0  0 0 0 0 0 0 0 0 0 0 157863
0 0  0 0 0 0 0 0 0 0 0 0 157915
0 0  0 0 0 0 0 0 0 0 0 0 157967
0 0  0 0 0 0 0 0 0 0 0 0 158019
0 0  0 0 0 0 0 0 0 0 0 0 158071
0 0  0 0 0 0 0 0 0 0 0 0 158123
0 0  0 0 0 0 0 0 0 0 0 0 158175
0 0  0 0 0 0 0 0 0 0 0 0 158227
0 0  0 0 0 0 0 0 0 0 0 0 158280
0 0  0 0 0 0 0 0 0 0 0 0 158333
0 0  0 0 0 0 0 0 0 0 0 0 158385
0 0  0 0 0 0 0 0 0 0 0 0 158436
0 0  0 0 0 0 0 0 0 0 0 0 158488
0 0  0 0 0 0 0 0 0 0 0 0 158541
0 0  0 0 0 0 0 0 0 0 0 0 158590
0 0  0 0 0 0 0 0 0 0 0 0 158642
0 0  0 0 0 0 0 0 0 0 0 0 158694
0 0  0 0 0 0 0 0 0 0 0 0 158746
0 0  0 0 0 0 0 0 0 0 0 0 158798
0 0  0 0 0 0 0 0 0 0 0 0 158848
0 0  0 0 0 0 0 0 0 0 0 0 158900
0 0  0 0 0 0 0 0 0 0 0 0 158953
0 0  0 0 0 0 0 0 0 0 0 0 159005
0 0  0 0 0 0 0 0 0 0 0 0 159057
0 0  0 0 0 0 0 0 0 0 0 0 159110
0 0  0 0 0 0 0 0 0 0 0 0 159162
0 0  0 0 0 0 0 0 0 0 0 0 159215
0 0  0 0 0 0 0 0 0 0 0 0 159266
0 0  0 0 0 0 0 0 0 0 0 0 159316
0 0  0 0 0 0 0 0 0 0 0 0 159368
0 0  0 0 0 0 0 0 0 0 0 0 159420
0 0  0 0 0 0 0 0 0 0 0 0 159472
0 0  0 0 0 0 0 0 0 0 0 0 159524
0 0  0 0 0 0 0 0 0 0 0 0 159574
0 0  0 0 0 0 0 0 0 0 0 0 159627
0 0  0 0 0 0 0 0 0 0 0 0 159679
0 0  0 0 0 0 0 0 0 0 0 0 159731
0 0  0 0 0 0 0 0 0 0 0 0 159783
0 0  0 0 0 0 0 0 0 0 0 0 159835
0 0  0 0 0 0 0 0 0 0 0 0 159889
0 0  0 0 0 0 0 0 0 0 0 0 159941
0 0  0 0 0 0 0 0 0 0 0 0 159994
0 0  0 0 0 0 0 0 0 0 0 0 160046
0 0  0 0 0 0 0 0 0 0 0 0 160098
0 0  0 0 0 0 0 0 0 0 0 0 160150
0 0  0 0 0 0 0 0 0 0 0 0 160202
0 0  0 0 0 0 0 0 0 0 0 0 160255
0 0  0 0 0 0 0 0 0 0 0 0 160307
0 0  0 0 0 0 0 0 0 0 0 0 160359
0 0  0 0 0 0 0 0 0 0 0 0 160412
0 0  0 0 0 0 0 0 0 0 0 0 160466
0 0  0 0 0 0 0 0 0 0 0 0 160517
0 0  0 0 0 0 0 0 0 0 0 0 160570
0 0  0 0 0 0 0 0 0 0 0 0 160621
0 0  0 0 0 0 0 0 0 0 0 0 160673
0 0  0 0 0 0 0 0 0 0 0 0 160724
0 0  0 0 0 0 0 0 0 0 0 0 160774
0 0  0 0 0 0 0 0 0 0 0 0 160824
0 0  0 0 0 0 0 0 0 0 0 0 160875
0 0  0 0 0 0 0 0 0 0 0 0 160925
0 0  0 0 0 0 0 0 0 0 0 0 160976
0 0  0 0 0 0 0 0 0 0 0 0 161028
0 0  0 0 0 0 0 0 0 0 0 0 161080
0 0  0 0 0 0 0 0 0 0 0 0 161132
0 0  0 0 0 0 0 0 0 0 0 0 161184
0 0  0 0 0 0 0 0 0 0 0 0 161236
0 0  0 0 0 0 0 0 0 0 0 0 161289
0 0  0 0 0 0 0 0 0 0 0 0 161342
0 0  0 0 0 0 0 0 0 0 0 0 161394
0 0  0 0 0 0 0 0 0 0 0 0 161444
0 0  0 0 0 0 0 0 0 0 0 0 161494
0 0  0 0 0 0 0 0 0 0 0 0 161546
0 0  0 0 0 0 0 0 0 0 0 0 161597
0 0  0 0 0 0 0 0 0 0 0 0 161651
0 0  0 0 0 0 0 0 0 0 0 0 161704
0 0  0 0 0 0 0 0 0 0 0 0 161758
0 0  0 0 0 0 0 0 0 0 0 0 161809
0 0  0 0 0 0 0 0 0 0 0 0 161860
0 0  0 0 0 0 0 0 0 0 0 0 161911
0 0  0 0 0 0 0 0 0 0 0 0 161963
0 0  0 0 0 0 0 0 0 0 0 0 162015
0 0  0 0 0 0 0 0 0 0 0 0 162068
0 0  0 0 0 0 0 0 0 0 0 0 162119
0 0  0 0 0 0 0 0 0 0 0 0 162171
0 0  0 0 0 0 0 0 0 0 0 0 162223
0 0  0 0 0 0 0 0 0 0 0 0 162276
0 0  0 0 0 0 0 0 0 0 0 0 162327
0 0  0 0 0 0 0 0 0 0 0 0 162379
0 0  0 0 0 0 0 0 0 0 0 0 162432
0 0  0 0 0 0 0 0 0 0 0 0 162484
0 0  0 0 0 0 0 0 0 0 0 0 162536
0 0  0 0 0 0 0 0 0 0 0 0 162587
0 0  0 0 0 0 0 0 0 0 0 0 162640
0 0  0 0 0 0 0 0 0 0 0 0 162692
0 0  0 0 0 0 0 0 0 0 0 0 162743
0 0  0 0 0 0 0 0 0 0 0 0 162795
0 0  0 0 0 0 0 0 0 0 0 0 162847
0 0  0 0 0 0 0 0 0 0 0 0 162898
0 0  0 0 0 0 0 0 0 0 0 0 162950
0 0  0 0 0 0 0 0 0 0 0 0 163003
0 0  0 0 0 0 0 0 0 0 0 0 163054
0 0  0 0 0 0 0 0 0 0 0 0 163106
0 0  0 0 0 0 0 0 0 0 0 0 163158
0 0  0 0 0 0 0 0 0 0 0 0 163209
0 0  0 0 0 0 0 0 0 0 0 0 163261
0 0  0 0 0 0 0 0 0 0 0 0 163311
0 0  0 0 0 0 0 0 0 0 0 0 163364
0 0  0 0 0 0 0 0 0 0 0 0 163416
