0 0 0.285187 0.198468 0.0905916 49.9584 0.0516817 0.00186229 0.0025484 0.19785 -65.3913 0 0 0 0 0 0 0 0 0 0 1780
0 0 0.153463 0.196667 0.158795 49.9573 0.0499787 0.00190262 0.00307195 0.205222 -61.2905 0 0 0 0 0 0 0 0 0 0 1830
0 0 0.153463 0.196667 0.158795 49.9573 0.0499787 0.00190262 0.00307195 0.205222 -61.2905 0 0 0 0 0 0 0 0 0 0 1882
0 0 0.074783 0.19622 0.292218 49.9398 0.0486428 0.00199498 0.00363825 0.222687 -56.4878 0 0 0 0 0 0 0 0 0 0 1934
0 0 0.0701611 0.195799 0.300409 49.9465 0.0475415 0.00201773 0.00361306 0.226212 -55.9601 0 0 0 0 0 0 0 0 0 0 1984
0 0 0.0528525 0.195654 0.355515 49.9552 0.048234 0.0020315 0.00394821 0.231262 -54.0723 0 0 0 0 0 0 0 0 0 0 2036
0 0 0.0347532 0.194973 0.413853 49.9699 0.0463402 0.00210229 0.00455286 0.252895 -51.8073 0 0 0 0 0 0 0 0 0 0 2087
0 0 0.0324158 0.195087 0.456708 49.9847 0.0418001 0.00215035 0.00447471 0.259666 -51.3042 0 0 0 0 0 0 0 0 0 0 2138
0 0 0.023278 0.195411 0.526875 49.9912 0.0355554 0.00239659 0.00371738 0.300965 -48.007 0 0 0 0 0 0 0 0 0 0 2189
0 0 0.0199992 0.195886 0.5382 49.9631 0.0348385 0.00244318 0.00351811 0.306039 -46.2003 0 0 0 0 0 0 0 0 0 0 2240
0 0 0.0193522 0.19616 0.582065 49.9657 0.0340902 0.00255046 0.00325538 0.319758 -45.7762 0 0 0 0 0 0 0 0 0 0 2293
0 0 0.01999 0.195305 0.674954 49.9641 0.0369656 0.00306332 0.00236669 0.389177 -45.7202 0 0 0 0 0 0 0 0 0 0 2348
0 0 0.0212174 0.195337 0.642083 49.968 0.0375806 0.00299732 0.00251208 0.364943 -46.1505 0 0 0 0 0 0 0 0 0 0 2399
0 0 0.0197422 0.189174 0.560809 49.9911 0.0369752 0.00314898 0.00269904 0.322446 -44.7511 0 0 0 0 0 0 0 0 0 0 2451
0 0 0.0137088 0.180653 0.49201 49.9207 0.0345943 0.00349813 0.00284004 0.295527 -40.5177 0 0 0 0 0 0 0 0 0 0 2503
0 0 0.0137088 0.180653 0.49201 49.9207 0.0345943 0.00349813 0.00284004 0.295527 -40.5177 0 0 0 0 0 0 0 0 0 0 2555
0 0 0.00953625 0.160675 0.413791 49.582 0.0309917 0.00454411 0.00274669 0.276151 -35.8308 0 0 0 0 0 0 0 0 0 0 2612
0 0 0.00314485 0.11133 0.242156 40.7218 0.0202366 0.011822 0.00231823 0.235359 -19.4194 0 0 0 0 0 0 0 0 0 0 2664
0 0 0.00111722 0.0644101 0.134936 24.2468 0.0117025 0.0486853 0.00157012 0.229676 -0.909721 0 0 0 0 0 0 0 0 0 0 2714
0 0 0.000683421 0.0470943 0.0962065 18.0969 0.00858386 0.1008 0.00134669 0.219769 0 0 0 0 0 0 0 0 0 0 0 2765
0 0 0.000160598 0.0142883 0.0294401 23.7817 0.00269711 1.74703 0.000467718 0.211142 10.5644 0 0 0 0 0 0 0 0 0 0 2817
0 0 5.79465e-05 0.00612795 0.0131717 64.4112 0.00120593 11.75 0.000219043 0.210718 26.8419 0 0 0 0 0 0 0 0 0 0 2870
0 0 3.56802e-05 0.00383155 0.00883778 81.1621 0.00081241 26.3841 0.000165004 0.20963 36.3094 0 0 0 0 0 0 0 0 0 0 2921
0 0 1.52721e-05 0.00146171 0.00407963 95.9328 0.000371745 71.5549 8.05267e-05 0.211462 50.3741 0 0 0 0 0 0 0 0 0 0 2973
0 0 8.85535e-06 0.000814535 0.00240721 98.6627 0.000195619 90.1925 0.000111794 0.208962 74.8566 0 0 0 0 0 0 0 0 0 0 3027
0 0 1.84425e-05 0.00193574 0.00494451 93.8069 0.000350601 59.8625 0.000270592 0.207733 65.4927 0 0 0 0 0 0 0 0 0 0 3078
0 0 1.84425e-05 0.00193574 0.00494451 93.8069 0.000350601 59.8625 0.000270592 0.207733 65.4927 0 0 0 0 0 0 0 0 0 0 3129
0 0 4.00657e-05 0.00358246 0.0104032 74.5857 0.000454453 18.4541 0.000591501 0.204103 54.2773 0 0 0 0 0 0 0 0 0 0 3179
0 0 7.09905e-05 0.00608158 0.0180193 46.6184 0.000595932 5.32581 0.0010348 0.202418 45.329 0 0 0 0 0 0 0 0 0 0 3229
0 0 0.000147171 0.0126989 0.0369441 15.4042 0.000832128 0.924607 0.00217133 0.202922 33.6292 0 0 0 0 0 0 0 0 0 0 3280
0 0 0.000431598 0.0396972 0.1052 1.79922 0.00155177 0.067105 0.00634845 0.202606 16.5374 0 0 0 0 0 0 0 0 0 0 3334
0 0 0.000899405 0.0874531 0.21505 0.557292 0.00261322 0.0111573 0.0132265 0.202333 4.81735 0 0 0 0 0 0 0 0 0 0 3386
0 0 0.00148211 0.148121 0.345804 0.401504 0.00371715 0.00335921 0.0219495 0.201927 0 0 0 0 0 0 0 0 0 0 0 3436
0 0 0.00172621 0.174069 0.399996 0.254358 0.00401133 0.00231405 0.0278237 0.202265 0 0 0 0 0 0 0 0 0 0 0 3487
0 0 0.00186558 0.188548 0.428557 0.745199 0.00269401 0.00192453 0.0591494 0.20245 -11.2924 0 0 0 0 0 0 0 0 0 0 3539
0 0 0.00186558 0.188548 0.428557 0.745199 0.00269401 0.00192453 0.0591494 0.20245 -11.2924 0 0 0 0 0 0 0 0 0 0 3588
0 0 0.00189822 0.191069 0.433147 7.83337 0.00153841 0.00186633 0.139227 0.202519 -38.7774 0 0 0 0 0 0 0 0 0 0 3639
0 0 0.00190955 0.191776 0.434352 27.5497 0.00109075 0.00184998 0.242402 0.20472 -55.9904 0 0 0 0 0 0 0 0 0 0 3690
0 0 0.00192172 0.192005 0.433668 36.6045 0.000999268 0.00184496 0.288321 0.206186 -61.0494 0 0 0 0 0 0 0 0 0 0 3742
0 0 0.00191282 0.192147 0.434013 40.2841 0.000972843 0.00184253 0.314065 0.20833 -63.1421 0 0 0 0 0 0 0 0 0 0 3794
0 0 0.00183666 0.19214 0.43365 42.9204 0.000957898 0.00184455 0.325623 0.210593 -64.9786 0 0 0 0 0 0 0 0 0 0 3846
0 0 0.00179522 0.192418 0.433374 47.3629 0.000919565 0.00183936 0.331841 0.211903 -68.0705 0 0 0 0 0 0 0 0 0 0 3898
0 0 0.00178047 0.192399 0.433047 47.7475 0.000919773 0.00184177 0.320676 0.213515 -69.5071 0 0 0 0 0 0 0 0 0 0 3951
0 0 0.00176117 0.192351 0.432724 47.6666 0.000924436 0.00184446 0.263855 0.214684 -73.8037 0 0 0 0 0 0 0 0 0 0 4005
0 0 0.00169562 0.191803 0.432318 46.0423 0.000955237 0.00186272 0.27999 0.219336 -72.7104 0 0 0 0 0 0 0 0 0 0 4057
0 0 0.00169562 0.191803 0.432318 46.0423 0.000955237 0.00186272 0.27999 0.219336 -72.7104 0 0 0 0 0 0 0 0 0 0 4109
0 0 0.00167412 0.190587 0.429466 42.7625 0.000987384 0.0018902 0.2447 0.220062 -73.167 0 0 0 0 0 0 0 0 0 0 4161
0 0 0.00165701 0.18654 0.425993 25.8396 0.00117227 0.00200228 0.24391 0.223567 -58.609 0 0 0 0 0 0 0 0 0 0 4213
0 0 0.00164569 0.185624 0.422351 17.4719 0.00130966 0.00201524 0.227256 0.221372 -50.5389 0 0 0 0 0 0 0 0 0 0 4266
0 0 0.00163017 0.182557 0.413069 6.84613 0.0016561 0.00207573 0.159233 0.219126 -38.1783 0 0 0 0 0 0 0 0 0 0 4317
0 0 0.00166059 0.186156 0.419791 13.8727 0.00139685 0.00198574 0.21493 0.218659 -47.0862 0 0 0 0 0 0 0 0 0 0 4368
0 0 0.00171408 0.185336 0.417554 7.01181 0.00165513 0.00200086 0.161397 0.216081 -38.4893 0 0 0 0 0 0 0 0 0 0 4421
0 0 0.00173317 0.185029 0.416327 5.5193 0.00174271 0.00200521 0.143552 0.213713 -35.4208 0 0 0 0 0 0 0 0 0 0 4478
0 0 0.00177005 0.184388 0.414686 4.8328 0.00178268 0.00201955 0.132615 0.21178 -33.746 0 0 0 0 0 0 0 0 0 0 4530
0 0 0.00186953 0.179195 0.404436 3.35344 0.00188454 0.00215122 0.108537 0.209031 -29.4095 0 0 0 0 0 0 0 0 0 0 4581
0 0 0.00193261 0.178158 0.40152 1.96101 0.00212722 0.00217975 0.0875688 0.207795 -23.3481 0 0 0 0 0 0 0 0 0 0 4633
0 0 0.00203972 0.180332 0.404729 1.67529 0.00221958 0.00212316 0.0815667 0.20609 -21.9076 0 0 0 0 0 0 0 0 0 0 4684
0 0 0.00203972 0.180332 0.404729 1.67529 0.00221958 0.00212316 0.0815667 0.20609 -21.9076 0 0 0 0 0 0 0 0 0 0 4735
0 0 0.00203548 0.188867 0.42261 20.0065 0.00121652 0.0019143 0.214493 0.205464 -52.2089 0 0 0 0 0 0 0 0 0 0 4786
0 0 0.00208771 0.190981 0.427197 38.2051 0.000983238 0.00186723 0.28853 0.204039 -62.4053 0 0 0 0 0 0 0 0 0 0 4838
0 0 0.00207991 0.191383 0.427862 42.037 0.000946308 0.00185834 0.303512 0.203742 -64.0962 0 0 0 0 0 0 0 0 0 0 4890
0 0 0.00210411 0.192223 0.429755 47.4225 0.000899602 0.00184008 0.326388 0.203367 -66.5947 0 0 0 0 0 0 0 0 0 0 4941
0 0 0.00213156 0.192821 0.431384 49.7593 0.000876475 0.00182747 0.334152 0.20308 -67.6365 0 0 0 0 0 0 0 0 0 0 4994
0 0 0.00208974 0.193037 0.431718 50.1085 0.000868143 0.00182123 0.332623 0.202584 -67.4197 0 0 0 0 0 0 0 0 0 0 5045
0 0 0.00198944 0.193152 0.43145 50.2194 0.000860791 0.00181641 0.331026 0.202318 -66.8353 0 0 0 0 0 0 0 0 0 0 5098
0 0 0.00198194 0.193281 0.431828 50.299 0.000844136 0.0018125 0.328058 0.203372 -66.6698 0 0 0 0 0 0 0 0 0 0 5151
0 0 0.00195055 0.193146 0.431431 50.2329 0.000833728 0.0018162 0.327884 0.205222 -66.5421 0 0 0 0 0 0 0 0 0 0 5203
0 0 0.00195991 0.193335 0.431285 50.3272 0.000831361 0.00180965 0.3279 0.204708 -66.5216 0 0 0 0 0 0 0 0 0 0 5256
0 0 0.00196873 0.193219 0.431137 50.2696 0.000827258 0.00181344 0.322148 0.204182 -66.4267 0 0 0 0 0 0 0 0 0 0 5307
0 0 0.00197689 0.193237 0.430821 50.2788 0.000825631 0.00181261 0.318478 0.203249 -66.3439 0 0 0 0 0 0 0 0 0 0 5359
0 0 0.00197915 0.193159 0.430547 50.2403 0.000819188 0.00181458 0.31629 0.20376 -66.3063 0 0 0 0 0 0 0 0 0 0 5416
0 0 0.0019839 0.193065 0.430139 50.1936 0.000813267 0.00181769 0.314885 0.204639 -66.3192 0 0 0 0 0 0 0 0 0 0 5467
0 0 0.0019943 0.193099 0.430587 50.2105 0.000806719 0.00181676 0.315437 0.20574 -66.3812 0 0 0 0 0 0 0 0 0 0 5517
0 0 0.00198994 0.192951 0.430723 50.1371 0.00080778 0.0018219 0.315774 0.206385 -66.4301 0 0 0 0 0 0 0 0 0 0 5568
0 0 0.00200913 0.19293 0.430957 50.1268 0.000805324 0.0018232 0.314327 0.206602 -66.4949 0 0 0 0 0 0 0 0 0 0 5619
0 0 0.00204296 0.193008 0.43115 50.1653 0.000794589 0.00182124 0.312422 0.207544 -66.5858 0 0 0 0 0 0 0 0 0 0 5671
0 0 0.00208608 0.192908 0.433 50.1151 0.000783916 0.00182863 0.307558 0.209257 -66.7125 0 0 0 0 0 0 0 0 0 0 5723
0 0 0.00202911 0.192856 0.434286 50.0868 0.000790046 0.00183272 0.306827 0.208834 -66.4437 0 0 0 0 0 0 0 0 0 0 5774
0 0 0.00200963 0.192805 0.434993 50.0517 0.000805635 0.00183495 0.30694 0.206845 -66.3902 0 0 0 0 0 0 0 0 0 0 5825
0 0 0.00197696 0.192769 0.436163 50.0013 0.000819006 0.00184009 0.308145 0.206657 -66.4049 0 0 0 0 0 0 0 0 0 0 5877
0 0 0.00197096 0.192736 0.437414 49.8673 0.000830314 0.00184682 0.30513 0.206784 -66.6169 0 0 0 0 0 0 0 0 0 0 5929
0 0 0.00194971 0.192715 0.439948 49.572 0.000842393 0.00185832 0.284589 0.207708 -67.7347 0 0 0 0 0 0 0 0 0 0 5982
0 0 0.00193474 0.192661 0.439799 48.609 0.000858842 0.00186129 0.201988 0.208544 -74.6259 0 0 0 0 0 0 0 0 0 0 6037
0 0 0.00189916 0.192293 0.440119 32.1667 0.00102365 0.00187835 0.074354 0.210777 -83.0416 0 0 0 0 0 0 0 0 0 0 6089
0 0 0.0018908 0.191679 0.437857 18.9035 0.00140006 0.00188802 0.041672 0.210254 -70.7007 0 0 0 0 0 0 0 0 0 0 6141
0 0 0.00183504 0.19039 0.434204 17.874 0.00233836 0.00191498 0.0205007 0.211654 -46.1264 0 0 0 0 0 0 0 0 0 0 6193
0 0 0.0017121 0.183376 0.418853 14.1425 0.00392533 0.002079 0.0104221 0.214362 -19.6512 0 0 0 0 0 0 0 0 0 0 6243
0 0 0.00157633 0.169073 0.389606 10.3747 0.00425338 0.00248922 0.00924719 0.216546 -11.6283 0 0 0 0 0 0 0 0 0 0 6294
0 0 0.00129742 0.13642 0.323201 10.4609 0.00397409 0.00401289 0.00740572 0.219381 -6.90427 0 0 0 0 0 0 0 0 0 0 6344
