0 0 0.00934518 0.207201 0.0960925 44.1615 0.00447418 0.0019538 0.00268866 0.200516 -29.2499 0 0 0 0 0 0 0 0 0 0 1367
0 0 0.244338 0.24601 0.00430307 47.9482 0.0044185 0.00199147 0.000926932 0.196131 -52.8173 0 0 0 0 0 0 0 0 0 0 1422
0 0 0.146042 0.262981 0.00672904 44.8691 0.00430912 0.0021108 0.00111317 0.193546 -48.4085 0 0 0 0 0 0 0 0 0 0 1475
0 0 0.231255 0.297651 0.0039817 37.5449 0.00404735 0.00248617 0.00103575 0.193709 -47.9757 0 0 0 0 0 0 0 0 0 0 1527
0 0 0.196603 0.229843 0.00336099 40.0419 0.00366788 0.0031761 0.00278857 0.19392 -22.3236 0 0 0 0 0 0 0 0 0 0 1580
0 0 0.196603 0.229843 0.00336099 40.0419 0.00366788 0.0031761 0.00278857 0.19392 -22.3236 0 0 0 0 0 0 0 0 0 0 1635
0 0 0.115658 0.199683 0.00479993 26.659 0.00345488 0.00371323 0.00414902 0.19422 -11.2572 0 0 0 0 0 0 0 0 0 0 1686
0 0 0.0444208 0.161107 0.00970288 10.049 0.00309932 0.00487567 0.00501895 0.194652 -2.86227 0 0 0 0 0 0 0 0 0 0 1735
0 0 0.0119236 0.134963 0.026731 2.07673 0.00271935 0.00676967 0.00646201 0.195285 0 0 0 0 0 0 0 0 0 0 0 1787
0 0 0.00242796 0.100805 0.0466841 0.734702 0.00164052 0.0239593 0.00551715 0.196083 2.65982 0 0 0 0 0 0 0 0 0 0 1837
0 0 0.00242796 0.100805 0.0466841 0.734702 0.00164052 0.0239593 0.00551715 0.196083 2.65982 0 0 0 0 0 0 0 0 0 0 1888
0 0 0.00066116 0.0674833 0.046946 2.87612 0.000881168 0.11756 0.00356368 0.19689 17.1734 0 0 0 0 0 0 0 0 0 0 1940
0 0 0.000304204 0.0326572 0.0450089 6.89006 0.000575891 0.348977 0.0024164 0.208347 26.2479 0 0 0 0 0 0 0 0 0 0 1996
0 0 0.000137221 0.0186042 0.0263668 24.0406 0.000301276 1.83805 0.00124964 0.211837 37.8214 0 0 0 0 0 0 0 0 0 0 2052
0 0 6.08707e-05 0.00573364 0.0125673 63.9705 0.000140606 11.887 0.000568692 0.211538 50.8238 0 0 0 0 0 0 0 0 0 0 2107
0 0 1.82175e-05 0.000966825 0.0030352 97.1336 4.15533e-05 80.8378 0.000121133 0.231127 71.7876 0 0 0 0 0 0 0 0 0 0 2161
0 0 1.82175e-05 0.000966825 0.0030352 97.1336 4.15533e-05 80.8378 0.000121133 0.231127 71.7876 0 0 0 0 0 0 0 0 0 0 2212
0 0 1.36198e-05 0.000416468 0.00144453 99.2202 2.42947e-05 95.8749 4.00875e-05 0.300364 79.7445 0 0 0 0 0 0 0 0 0 0 2265
0 0 1.62865e-05 0.000344033 0.000904475 99.4249 2.21372e-05 97.12 2.16157e-05 0.309316 74.4956 0 0 0 0 0 0 0 0 0 0 2318
0 0 7.48923e-05 0.000242018 0.000138069 99.6665 1.61519e-05 98.6166 5.55442e-06 0.366066 62.6936 0 0 0 0 0 0 0 0 0 0 2371
0 0 0.000269432 0.000199821 3.30868e-05 99.7563 1.42159e-05 99.1365 2.35768e-06 0.429579 56.4134 0 0 0 0 0 0 0 0 0 0 2425
0 0 0.000257166 0.000187371 3.81806e-05 99.7831 1.33982e-05 99.3851 1.48172e-06 0.571692 57.6045 0 0 0 0 0 0 0 0 0 0 2479
0 0 0.000312824 0.000186818 2.79823e-05 99.7861 1.42451e-05 99.3334 2.38091e-06 0.500472 63.4248 0 0 0 0 0 0 0 0 0 0 2533
0 0 0.000300044 0.000184907 3.05466e-05 99.7961 1.47486e-05 99.4327 2.20722e-06 0.579001 66.9349 0 0 0 0 0 0 0 0 0 0 2584
0 0 7.75893e-05 0.000169149 9.73288e-05 99.8299 1.34224e-05 99.542 3.25764e-06 0.583966 78.5427 0 0 0 0 0 0 0 0 0 0 2636
0 0 7.75893e-05 0.000169149 9.73288e-05 99.8299 1.34224e-05 99.542 3.25764e-06 0.583966 78.5427 0 0 0 0 0 0 0 0 0 0 2691
0 0 1.27782e-05 0.000159436 0.00040287 99.8505 1.31742e-05 99.5023 8.64804e-06 0.425018 90.2336 0 0 0 0 0 0 0 0 0 0 2743
0 0 1.53974e-05 0.000150494 0.00118527 99.8641 1.47597e-05 99.5787 1.10508e-05 0.459936 97.8014 0 0 0 0 0 0 0 0 0 0 2794
0 0 1.64213e-05 0.000138501 0.00136175 99.8814 1.40756e-05 99.6708 9.12985e-06 0.520799 98.5871 0 0 0 0 0 0 0 0 0 0 2846
0 0 2.2067e-05 0.000132266 0.00159343 99.8926 1.54682e-05 99.7292 7.64181e-06 0.582904 98.9905 0 0 0 0 0 0 0 0 0 0 2898
0 0 2.2067e-05 0.000132266 0.00159343 99.8926 1.54682e-05 99.7292 7.64181e-06 0.582904 98.9905 0 0 0 0 0 0 0 0 0 0 2950
0 0 2.95611e-05 0.000131054 0.00191028 99.8942 1.3687e-05 99.7763 5.65884e-06 0.740045 99.5097 0 0 0 0 0 0 0 0 0 0 3011
0 0 2.35896e-05 0.000129375 0.00181845 99.8997 1.441e-05 99.7793 5.9806e-06 0.69287 99.3608 0 0 0 0 0 0 0 0 0 0 3139
0 0 3.54474e-05 0.000132025 0.00260623 99.8985 1.25166e-05 99.8349 3.46514e-06 1.04883 99.4687 0 0 0 0 0 0 0 0 0 0 3191
0 0 3.77506e-05 0.000134814 0.00291742 99.8947 1.18359e-05 99.8346 3.23066e-06 1.10727 99.1175 0 0 0 0 0 0 0 0 0 0 3244
0 0 4.84528e-05 0.000137568 0.00375168 99.8924 1.28787e-05 99.8558 2.33525e-06 1.38129 98.1676 0 0 0 0 0 0 0 0 0 0 3299
0 0 4.75546e-05 0.000150964 0.00399998 99.8796 1.22568e-05 99.8322 2.61906e-06 1.3388 98.2724 0 0 0 0 0 0 0 0 0 0 3349
0 0 4.38216e-05 0.000166266 0.0043676 99.8662 1.26352e-05 99.8022 2.86674e-06 1.26211 96.4786 0 0 0 0 0 0 0 0 0 0 3402
0 0 4.38216e-05 0.000166266 0.0043676 99.8662 1.26352e-05 99.8022 2.86674e-06 1.26211 96.4786 0 0 0 0 0 0 0 0 0 0 3458
0 0 3.72854e-05 0.000187987 0.00285082 99.8454 1.16908e-05 99.7393 3.35074e-06 1.08602 95.1087 0 0 0 0 0 0 0 0 0 0 3510
0 0 4.31985e-05 0.000223022 0.00197026 99.8095 1.22729e-05 99.6799 2.32868e-06 1.13744 87.3833 0 0 0 0 0 0 0 0 0 0 3562
0 0 5.16017e-05 0.000229266 0.000579026 99.8033 1.10366e-05 99.6988 7.83575e-07 1.29987 70.2018 0 0 0 0 0 0 0 0 0 0 3615
0 0 8.29152e-05 0.000249793 0.000246065 99.7967 1.11236e-05 99.7321 3.23107e-07 1.60515 58.5796 0 0 0 0 0 0 0 0 0 0 3668
0 0 8.29152e-05 0.000249793 0.000246065 99.7967 1.11236e-05 99.7321 3.23107e-07 1.60515 58.5796 0 0 0 0 0 0 0 0 0 0 3722
0 0 0.000113483 0.000315317 0.000228018 99.742 1.13195e-05 99.661 2.83969e-07 1.68933 55.32 0 0 0 0 0 0 0 0 0 0 3776
0 0 9.25562e-05 0.000385786 0.000325537 99.724 1.12961e-05 99.647 4.05969e-07 1.77587 62.8768 0 0 0 0 0 0 0 0 0 0 3827
0 0 0.00010074 0.000508592 0.000326515 99.6829 1.17124e-05 99.5907 4.86069e-07 1.802 65.525 0 0 0 0 0 0 0 0 0 0 3880
0 0 0.000116259 0.000655695 0.000396444 99.6252 1.24816e-05 99.5211 5.65277e-07 1.89016 67.5321 0 0 0 0 0 0 0 0 0 0 3931
0 0 0.000116259 0.000655695 0.000396444 99.6252 1.24816e-05 99.5211 5.65277e-07 1.89016 67.5321 0 0 0 0 0 0 0 0 0 0 3985
0 0 0.000134081 0.000866412 0.000403682 99.535 1.36235e-05 99.3972 6.83727e-07 1.9318 67.7334 0 0 0 0 0 0 0 0 0 0 4041
0 0 0.000176044 0.00100705 0.000296282 99.479 1.42949e-05 99.3157 6.4158e-07 1.94114 64.3865 0 0 0 0 0 0 0 0 0 0 4094
0 0 0.000178075 0.00263702 0.000926649 98.8226 2.07815e-05 98.0727 2.31632e-06 1.68078 69.0116 0 0 0 0 0 0 0 0 0 0 4148
0 0 0.000285862 0.0211384 0.00199837 93.499 4.71716e-05 84.5883 8.98517e-06 1.27222 56.0343 0 0 0 0 0 0 0 0 0 0 4200
0 0 0.000285862 0.0211384 0.00199837 93.499 4.71716e-05 84.5883 8.98517e-06 1.27222 56.0343 0 0 0 0 0 0 0 0 0 0 4253
0 0 0.000327607 0.0833776 0.00294038 81.3788 8.2101e-05 52.0504 2.63708e-05 0.898591 46.8623 0 0 0 0 0 0 0 0 0 0 4309
0 0 0.000606401 0.532337 0.00541773 45.5948 0.000177792 10.5647 0.000109654 0.577472 34.4341 0 0 0 0 0 0 0 0 0 0 4364
0 0 0.0013162 3.93812 0.0106586 10.9921 0.00043495 0.941183 0.000508159 0.369986 20.1802 0 0 0 0 0 0 0 0 0 0 4416
0 0 0.00131561 8.64267 0.0221618 4.66111 0.000671085 0.271615 0.00127739 0.286763 15.34 0 0 0 0 0 0 0 0 0 0 4472
0 0 0.0014484 18.9555 0.0750704 1.04888 0.00137613 0.041519 0.00406809 0.241835 7.31815 0 0 0 0 0 0 0 0 0 0 4524
0 0 0.00149725 28.8378 0.183042 0.461551 0.00203964 0.0152829 0.00769015 0.227699 3.23397 0 0 0 0 0 0 0 0 0 0 4576
0 0 0.00149725 28.8378 0.183042 0.461551 0.00203964 0.0152829 0.00769015 0.227699 3.23397 0 0 0 0 0 0 0 0 0 0 4629
0 0 0.00229175 19.9441 0.267259 0.206562 0.0030127 0.00579243 0.0118729 0.21742 0 0 0 0 0 0 0 0 0 0 0 4679
0 0 0.00357681 12.0467 0.170462 0.280491 0.00332859 0.0044735 0.0115636 0.217226 0 0 0 0 0 0 0 0 0 0 0 4733
0 0 0.00386739 11.227 0.169255 0.302129 0.0033555 0.00473802 0.00984653 0.239454 0 0 0 0 0 0 0 0 0 0 0 4783
0 0 0.00386739 11.227 0.169255 0.302129 0.0033555 0.00473802 0.00984653 0.239454 0 0 0 0 0 0 0 0 0 0 0 4838
0 0 0.00539008 6.83566 0.246091 0.352489 0.00347612 0.00498747 0.00854627 0.28606 0 0 0 0 0 0 0 0 0 0 0 4891
0 0 0.00999098 4.17225 0.427913 0.893975 0.00360149 0.00588627 0.00612916 0.389813 0 0 0 0 0 0 0 0 0 0 0 4940
0 0 0.00999098 4.17225 0.427913 0.893975 0.00360149 0.00588627 0.00612916 0.389813 0 0 0 0 0 0 0 0 0 0 0 4992
0 0 0.0152123 2.43742 0.61249 2.20207 0.00381464 0.0064998 0.00442087 0.518651 0 0 0 0 0 0 0 0 0 0 0 5049
0 0 0.0250974 1.59921 0.929296 5.86096 0.00414975 0.00687875 0.00328476 0.686496 0 0 0 0 0 0 0 0 0 0 0 5103
0 0 0.0310996 0.889323 1.37366 10.2407 0.00447025 0.00668521 0.00284536 0.792225 0 0 0 0 0 0 0 0 0 0 0 5155
0 0 0.0353726 0.556741 2.09656 22.2534 0.00406185 0.0104046 0.00163672 1.11332 0 0 0 0 0 0 0 0 0 0 0 5206
0 0 0.0300624 0.463949 2.06851 33.9724 0.00313833 0.0225063 0.000924465 1.47208 0 0 0 0 0 0 0 0 0 0 0 5257
0 0 0.0300624 0.463949 2.06851 33.9724 0.00313833 0.0225063 0.000924465 1.47208 0 0 0 0 0 0 0 0 0 0 0 5308
0 0 0.0206418 0.269723 1.20441 32.1634 0.00229276 0.0500657 0.000608412 1.62097 2.25964 0 0 0 0 0 0 0 0 0 0 5365
0 0 0.014999 0.182969 0.799804 39.465 0.00147618 0.162595 0.00031569 1.88634 9.50365 0 0 0 0 0 0 0 0 0 0 5419
0 0 0.0194812 0.290435 0.950801 41.4778 0.00187254 0.0929894 0.000372372 1.96346 4.45054 0 0 0 0 0 0 0 0 0 0 5470
0 0 0.0195619 0.44108 0.910672 37.8125 0.00205762 0.0726387 0.000405508 1.89651 0 0 0 0 0 0 0 0 0 0 0 5524
0 0 0.0195619 0.44108 0.910672 37.8125 0.00205762 0.0726387 0.000405508 1.89651 0 0 0 0 0 0 0 0 0 0 0 5575
0 0 0.0210904 0.764638 0.805857 37.2432 0.00228276 0.0579126 0.000399998 1.90018 0 0 0 0 0 0 0 0 0 0 0 5628
0 0 0.0156553 1.38638 0.39944 26.5202 0.00237376 0.0591695 0.000406965 1.62031 0 0 0 0 0 0 0 0 0 0 0 5770
0 0 0.066721 4.33526 0.0557452 6.95696 0.00346131 0.0161047 0.000633055 0.939277 -12.5743 0 0 0 0 0 0 0 0 0 0 5823
0 0 0.066721 4.33526 0.0557452 6.95696 0.00346131 0.0161047 0.000633055 0.939277 -12.5743 0 0 0 0 0 0 0 0 0 0 5876
0 0 0.351322 4.72008 0.00891808 31.553 0.00377088 0.00812675 0.000846926 0.560024 -25.1136 0 0 0 0 0 0 0 0 0 0 5929
0 0 0.469762 5.97101 0.0051369 41.5157 0.00423942 0.00387163 0.00164164 0.326516 -30.1543 0 0 0 0 0 0 0 0 0 0 5980
0 0 0.46184 12.5123 0.00393827 45.6061 0.00440824 0.00278875 0.00232027 0.248101 -30.5256 0 0 0 0 0 0 0 0 0 0 6034
0 0 0.376445 18.3995 0.0034332 48.077 0.00451798 0.00245416 0.00284328 0.222413 -27.28 0 0 0 0 0 0 0 0 0 0 6086
0 0 0.328249 45.8882 0.00328412 48.9612 0.00453 0.00234142 0.00338113 0.21469 -23.1565 0 0 0 0 0 0 0 0 0 0 6142
0 0 0.262503 65.6214 0.00350382 47.5584 0.00450818 0.0025009 0.00337117 0.226358 -19.6317 0 0 0 0 0 0 0 0 0 0 6196
0 0 0.262503 65.6214 0.00350382 47.5584 0.00450818 0.0025009 0.00337117 0.226358 -19.6317 0 0 0 0 0 0 0 0 0 0 6248
0 0 0.182348 70.8863 0.00489319 37.4918 0.00430986 0.00297304 0.00323428 0.256204 -16.1711 0 0 0 0 0 0 0 0 0 0 6301
0 0 0.0227636 76.5454 0.0442447 3.23038 0.00406549 0.00437975 0.00370439 0.367521 -0.89315 0 0 0 0 0 0 0 0 0 0 6352
0 0 0.00634382 73.9179 0.251217 1.41376 0.00367612 0.00710148 0.00350496 0.532931 0 0 0 0 0 0 0 0 0 0 0 6404
0 0 0.00943312 56.8667 0.647907 5.24621 0.00271003 0.0208241 0.00187522 0.85147 2.04049 0 0 0 0 0 0 0 0 0 0 6459
0 0 0.00943312 56.8667 0.647907 5.24621 0.00271003 0.0208241 0.00187522 0.85147 2.04049 0 0 0 0 0 0 0 0 0 0 6515
0 0 0.0102613 19.0261 0.514911 19.114 0.00132627 0.171674 0.000484967 1.40827 14.1346 0 0 0 0 0 0 0 0 0 0 6565
0 0 0.0102506 5.14469 0.368683 38.9343 0.000705315 1.02268 0.000162837 1.97643 24.5394 0 0 0 0 0 0 0 0 0 0 6618
0 0 0.00312682 0.169593 0.0835712 56.4757 0.0001466 33.5919 3.12613e-05 2.10387 50.3723 0 0 0 0 0 0 0 0 0 0 6669
0 0 0.000463272 0.0012395 0.0102758 99.2508 1.68758e-05 99.0359 3.49649e-06 2.14609 88.9789 0 0 0 0 0 0 0 0 0 0 6726
0 0 0.000284329 0.000411659 0.00663353 99.7098 1.07493e-05 99.6708 2.2838e-06 2.11655 99.0815 0 0 0 0 0 0 0 0 0 0 6780
0 0 0.000322157 0.00037821 0.0065359 99.7145 1.06408e-05 99.6735 2.29228e-06 2.08417 99.8386 0 0 0 0 0 0 0 0 0 0 6832
0 0 0.000309287 0.00023394 0.00529278 99.8207 8.5242e-06 99.8061 1.87389e-06 2.0551 99.7459 0 0 0 0 0 0 0 0 0 0 6887
0 0 0.000250767 0.000183717 0.00465314 99.8581 7.61946e-06 99.8431 1.85793e-06 1.90598 99.7085 0 0 0 0 0 0 0 0 0 0 6940
0 0 0.000250767 0.000183717 0.00465314 99.8581 7.61946e-06 99.8431 1.85793e-06 1.90598 99.7085 0 0 0 0 0 0 0 0 0 0 6995
0 0 0.00016322 0.000187033 0.00414211 99.8455 7.89055e-06 99.7963 2.55925e-06 1.52923 99.3152 0 0 0 0 0 0 0 0 0 0 7052
0 0 0.000103314 0.000169008 0.0031433 99.8534 7.66168e-06 99.7411 4.18903e-06 1.01763 98.6802 0 0 0 0 0 0 0 0 0 0 7105
0 0 4.89092e-05 0.000297004 0.0025299 99.6689 1.1225e-05 98.9988 1.27256e-05 0.569926 96.7251 0 0 0 0 0 0 0 0 0 0 7165
0 0 3.50359e-05 0.000659957 0.00293457 98.6079 2.1915e-05 92.621 4.98824e-05 0.327431 80.0615 0 0 0 0 0 0 0 0 0 0 7218
0 0 5.3836e-05 0.00246272 0.00516744 88.3619 6.22577e-05 43.714 0.000207186 0.240157 60.6563 0 0 0 0 0 0 0 0 0 0 7269
0 0 0.000358131 0.020693 0.0184034 14.8605 0.000362919 0.926561 0.00130285 0.209533 29.1275 0 0 0 0 0 0 0 0 0 0 7320
0 0 0.000358131 0.020693 0.0184034 14.8605 0.000362919 0.926561 0.00130285 0.209533 29.1275 0 0 0 0 0 0 0 0 0 0 7377
0 0 0.00494887 0.127417 0.0295728 1.09271 0.0017737 0.0181142 0.00494938 0.195642 0 0 0 0 0 0 0 0 0 0 0 7429
0 0 0.00923267 0.26054 0.0687034 0.902962 0.00376581 0.00278921 0.0114408 0.193973 0 0 0 0 0 0 0 0 0 0 0 7484
0 0 0.0093098 0.263089 0.0866444 0.763579 0.00411266 0.00204806 0.0142672 0.193603 0 0 0 0 0 0 0 0 0 0 0 7538
0 0 0.0127823 0.235457 0.0673697 1.14047 0.00376812 0.00188749 0.0160804 0.193543 -7.14487 0 0 0 0 0 0 0 0 0 0 7589
0 0 0.00614339 0.217583 0.140248 0.574558 0.00284604 0.00184632 0.032567 0.193362 -15.8821 0 0 0 0 0 0 0 0 0 0 7641
0 0 0.00614339 0.217583 0.140248 0.574558 0.00284604 0.00184632 0.032567 0.193362 -15.8821 0 0 0 0 0 0 0 0 0 0 7696
0 0 0.00612821 0.212395 0.141563 3.18532 0.00190223 0.00183324 0.0596033 0.193324 -35.6519 0 0 0 0 0 0 0 0 0 0 7750
0 0 0.00593037 0.208281 0.146614 14.2915 0.00130427 0.00183009 0.107335 0.193468 -53.6051 0 0 0 0 0 0 0 0 0 0 7801
0 0 0.00491558 0.205144 0.176235 31.0283 0.00103467 0.00182935 0.162111 0.19339 -63.3931 0 0 0 0 0 0 0 0 0 0 7863
0 0 0.00491558 0.205144 0.176235 31.0283 0.00103467 0.00182935 0.162111 0.19339 -63.3931 0 0 0 0 0 0 0 0 0 0 7973
0 0 0.00409326 0.197687 0.210007 46.8923 0.00088405 0.00182959 0.219532 0.193452 -69.539 0 0 0 0 0 0 0 0 0 0 8024
0 0 0.00406284 0.196523 0.210871 48.0982 0.000874142 0.00182956 0.224517 0.193463 -69.955 0 0 0 0 0 0 0 0 0 0 8075
0 0 0.00369727 0.196364 0.230719 48.7233 0.000868945 0.0018296 0.233554 0.19347 -69.5742 0 0 0 0 0 0 0 0 0 0 8126
0 0 0.00346411 0.195204 0.245393 48.8572 0.00086775 0.00182931 0.239019 0.193379 -69.1618 0 0 0 0 0 0 0 0 0 0 8179
0 0 0.00346411 0.195204 0.245393 48.8572 0.00086775 0.00182931 0.239019 0.193379 -69.1618 0 0 0 0 0 0 0 0 0 0 8230
0 0 0.00288842 0.194877 0.292843 49.1005 0.000865934 0.00182928 0.254589 0.193454 -68.0626 0 0 0 0 0 0 0 0 0 0 8281
0 0 0.0026548 0.194266 0.317574 49.0945 0.000866162 0.00182927 0.261704 0.193491 -67.4967 0 0 0 0 0 0 0 0 0 0 8334
0 0 0.00287163 0.193877 0.294355 49.0913 0.000865989 0.00182934 0.254997 0.193435 -68.0069 0 0 0 0 0 0 0 0 0 0 8386
0 0 0.00313717 0.193631 0.270011 49.0295 0.000866523 0.0018294 0.247185 0.193419 -68.5984 0 0 0 0 0 0 0 0 0 0 8438
0 0 0.00313717 0.193631 0.270011 49.0295 0.000866523 0.0018294 0.247185 0.193419 -68.5984 0 0 0 0 0 0 0 0 0 0 8492
0 0 0.00322222 0.193488 0.263002 49.1689 0.000865343 0.00182949 0.244885 0.193419 -68.8831 0 0 0 0 0 0 0 0 0 0 8542
0 0 0.00324255 0.193579 0.2618 49.1775 0.000865162 0.0018299 0.243832 0.193462 -68.9734 0 0 0 0 0 0 0 0 0 0 8595
0 0 0.0030444 0.193795 0.277984 49.1319 0.000866336 0.0018302 0.248408 0.193695 -68.6301 0 0 0 0 0 0 0 0 0 0 8656
0 0 0.00315764 0.193866 0.268742 49.0131 0.000867118 0.0018319 0.244409 0.19389 -68.8253 0 0 0 0 0 0 0 0 0 0 8710
0 0 0.00404076 0.19397 0.211113 49.0188 0.000867431 0.00183375 0.225723 0.194253 -70.4743 0 0 0 0 0 0 0 0 0 0 8762
0 0 0.00510321 0.194 0.168425 49.163 0.000865521 0.001835 0.209158 0.194241 -72.0479 0 0 0 0 0 0 0 0 0 0 8815
0 0 0.00530695 0.194058 0.161939 49.342 0.000865407 0.00183745 0.207619 0.194963 -72.4431 0 0 0 0 0 0 0 0 0 0 8867
0 0 0.00530695 0.194058 0.161939 49.342 0.000865407 0.00183745 0.207619 0.194963 -72.4431 0 0 0 0 0 0 0 0 0 0 8920
0 0 0.00530695 0.194058 0.161939 49.342 0.000865407 0.00183745 0.207619 0.194963 -72.4431 0 0 0 0 0 0 0 0 0 0 8972
0 0 0.00454296 0.194037 0.187546 49.3354 0.000866661 0.00183386 0.221551 0.194762 -71.3004 0 0 0 0 0 0 0 0 0 0 9021
0 0 0.00387565 0.193891 0.219493 49.4463 0.000864544 0.00183412 0.23295 0.194443 -70.1673 0 0 0 0 0 0 0 0 0 0 9075
0 0 0.00359694 0.193531 0.236067 49.5169 0.000863402 0.00183328 0.238974 0.194164 -69.6396 0 0 0 0 0 0 0 0 0 0 9130
0 0 0.00359694 0.193531 0.236067 49.5169 0.000863402 0.00183328 0.238974 0.194164 -69.6396 0 0 0 0 0 0 0 0 0 0 9182
0 0 0.00298815 0.193708 0.282866 49.5801 0.000862723 0.00183168 0.254624 0.193878 -68.3808 0 0 0 0 0 0 0 0 0 0 9233
0 0 0.00290102 0.193972 0.290789 49.5802 0.000862825 0.00183023 0.257584 0.193716 -68.1878 0 0 0 0 0 0 0 0 0 0 9285
0 0 0.00305719 0.194185 0.276346 49.5804 0.000862585 0.00183018 0.252873 0.193663 -68.5506 0 0 0 0 0 0 0 0 0 0 9338
0 0 0.00266868 0.194522 0.31545 49.6355 0.000862242 0.00183007 0.264847 0.193738 -67.6678 0 0 0 0 0 0 0 0 0 0 9391
0 0 0.00266868 0.194522 0.31545 49.6355 0.000862242 0.00183007 0.264847 0.193738 -67.6678 0 0 0 0 0 0 0 0 0 0 9458
0 0 0.00251484 0.194627 0.33475 49.6903 0.000860988 0.00182977 0.269424 0.1935 -67.271 0 0 0 0 0 0 0 0 0 0 9510
0 0 0.00259556 0.194589 0.324904 49.5663 0.0008616 0.00183014 0.26557 0.193447 -67.4224 0 0 0 0 0 0 0 0 0 0 9561
0 0 0.00319154 0.194761 0.265621 48.9548 0.000866499 0.00183074 0.245187 0.193534 -68.6204 0 0 0 0 0 0 0 0 0 0 9611
0 0 0.00263393 0.195506 0.321819 47.4124 0.000878554 0.00183414 0.254147 0.194037 -66.676 0 0 0 0 0 0 0 0 0 0 9670
0 0 0.00221026 0.196371 0.386731 41.9341 0.000924378 0.00185085 0.246165 0.196318 -62.8647 0 0 0 0 0 0 0 0 0 0 9720
0 0 0.00221232 0.197395 0.436867 27.2892 0.00107556 0.00192841 0.18702 0.207513 -54.8896 0 0 0 0 0 0 0 0 0 0 9771
0 0 0.00310628 0.198047 0.535558 5.25404 0.00167771 0.00232036 0.0691097 0.266578 -33.2132 0 0 0 0 0 0 0 0 0 0 9824
0 0 0.00310628 0.198047 0.535558 5.25404 0.00167771 0.00232036 0.0691097 0.266578 -33.2132 0 0 0 0 0 0 0 0 0 0 9878
0 0 0.00865908 0.201497 0.933416 1.75572 0.00279282 0.00409486 0.0114327 0.573645 -8.36364 0 0 0 0 0 0 0 0 0 0 9929
0 0 0.030113 0.201586 1.78956 20.1549 0.00380861 0.00836767 0.00199539 1.43807 0 0 0 0 0 0 0 0 0 0 0 9983
0 0 0.0472264 0.19204 2.15549 40.162 0.00396842 0.0125226 0.00101185 2.01792 0 0 0 0 0 0 0 0 0 0 0 10037
0 0 0.0472264 0.19204 2.15549 40.162 0.00396842 0.0125226 0.00101185 2.01792 0 0 0 0 0 0 0 0 0 0 0 10090
0 0 0.048681 0.175517 1.96878 46.1245 0.00347606 0.0197313 0.000734291 2.20293 0 0 0 0 0 0 0 0 0 0 0 10140
0 0 0.0371199 0.130874 1.27147 47.5592 0.00218938 0.0638814 0.000440245 2.25694 5.17879 0 0 0 0 0 0 0 0 0 0 10202
0 0 0.0115391 0.0291555 0.332657 47.8821 0.000545815 1.93559 0.000108006 2.28422 27.384 0 0 0 0 0 0 0 0 0 0 10246
0 0 0.00124997 0.00148143 0.0298498 93.9607 4.56789e-05 90.1548 8.82548e-06 2.30697 67.2231 0 0 0 0 0 0 0 0 0 0 10301
0 0 0.000552583 0.000237339 0.00783771 99.7201 1.09637e-05 99.6992 2.03671e-06 2.34605 91.1368 0 0 0 0 0 0 0 0 0 0 10352
0 0 0.000686766 0.00013223 0.00560427 99.8903 7.55881e-06 99.8968 1.32211e-06 2.36523 99.7941 0 0 0 0 0 0 0 0 0 0 10403
0 0 0.000699569 0.000112015 0.00659772 99.9156 7.54396e-06 99.9239 1.16082e-06 2.41465 99.8008 0 0 0 0 0 0 0 0 0 0 10457
0 0 0.000699569 0.000112015 0.00659772 99.9156 7.54396e-06 99.9239 1.16082e-06 2.41465 99.8008 0 0 0 0 0 0 0 0 0 0 10508
0 0 0.000638773 0.000108529 0.00938638 99.9194 8.04585e-06 99.928 1.13031e-06 2.45702 99.843 0 0 0 0 0 0 0 0 0 0 10560
0 0 0.00061993 0.000107854 0.0139522 99.9201 8.16145e-06 99.9288 1.1228e-06 2.52098 99.8788 0 0 0 0 0 0 0 0 0 0 10613
0 0 0.000553814 0.00010774 0.0185328 99.9202 7.63694e-06 99.929 1.1213e-06 2.54331 99.8904 0 0 0 0 0 0 0 0 0 0 10669
0 0 0.000399817 0.000107593 0.022806 99.9204 7.5096e-06 99.9292 1.11807e-06 2.55187 99.9028 0 0 0 0 0 0 0 0 0 0 10720
0 0 0.000304304 0.000107615 0.0230061 99.9204 7.76306e-06 99.9293 1.11723e-06 2.53568 99.9318 0 0 0 0 0 0 0 0 0 0 10771
0 0 0.00030989 0.000107511 0.0274999 99.9205 7.71138e-06 99.9294 1.11568e-06 2.54463 99.9436 0 0 0 0 0 0 0 0 0 0 10823
0 0 0.00030989 0.000107511 0.0274999 99.9205 7.71138e-06 99.9294 1.11568e-06 2.54463 99.9436 0 0 0 0 0 0 0 0 0 0 10877
0 0 0.000223014 0.000107407 0.0377193 99.9206 7.57761e-06 99.9294 1.11829e-06 2.55681 99.945 0 0 0 0 0 0 0 0 0 0 10930
0 0 0.000229707 0.000107302 0.0456889 99.9206 7.51979e-06 99.9296 1.1187e-06 2.53922 99.9221 0 0 0 0 0 0 0 0 0 0 10982
0 0 0.000208674 0.000107265 0.0530816 99.9207 7.72071e-06 99.9294 1.12215e-06 2.53105 99.9441 0 0 0 0 0 0 0 0 0 0 11038
0 0 0.000224523 0.000107271 0.0555002 99.9207 8.19033e-06 99.9294 1.12346e-06 2.51084 99.9493 0 0 0 0 0 0 0 0 0 0 11094
0 0 0.0002707 0.000107268 0.0575619 99.9207 8.20311e-06 99.9294 1.12444e-06 2.5161 99.9279 0 0 0 0 0 0 0 0 0 0 11152
0 0 0.000257995 0.000107276 0.0560538 99.9207 7.87681e-06 99.9295 1.12179e-06 2.54222 99.9128 0 0 0 0 0 0 0 0 0 0 11200
0 0 0.000347789 0.000107276 0.0535788 99.9207 7.43279e-06 99.9293 1.12569e-06 2.54154 99.8897 0 0 0 0 0 0 0 0 0 0 11252
0 0 0.000415423 0.000107262 0.0512925 99.9207 6.68103e-06 99.9293 1.12371e-06 2.5817 99.8951 0 0 0 0 0 0 0 0 0 0 11307
0 0 0.000438789 0.000107282 0.0463078 99.9206 5.76987e-06 99.9294 1.12028e-06 2.65051 99.9149 0 0 0 0 0 0 0 0 0 0 11359
0 0 0.000438789 0.000107282 0.0463078 99.9206 5.76987e-06 99.9294 1.12028e-06 2.65051 99.9149 0 0 0 0 0 0 0 0 0 0 11415
0 0 0.000397254 0.000107387 0.041928 99.9206 4.89357e-06 99.9293 1.12274e-06 2.77693 99.9248 0 0 0 0 0 0 0 0 0 0 11466
0 0 0.000452317 0.000107461 0.037622 99.9205 4.25468e-06 99.929 1.12933e-06 2.93776 99.9118 0 0 0 0 0 0 0 0 0 0 11518
0 0 0.000379303 0.000107486 0.0354833 99.9205 3.6126e-06 99.9284 1.14627e-06 3.1548 99.9163 0 0 0 0 0 0 0 0 0 0 11571
0 0 0.000266742 0.000107433 0.0333725 99.9205 3.28444e-06 99.9282 1.15198e-06 3.28154 99.915 0 0 0 0 0 0 0 0 0 0 11623
0 0 0.000171444 0.000107371 0.0300599 99.9205 3.2179e-06 99.9281 1.15334e-06 3.30908 99.9234 0 0 0 0 0 0 0 0 0 0 11677
0 0 0.000137608 0.000107433 0.0327324 99.9204 2.93779e-06 99.9275 1.17034e-06 3.44428 99.9331 0 0 0 0 0 0 0 0 0 0 11829
0 0 9.96196e-05 0.000107608 0.0298067 99.9203 2.57454e-06 99.9272 1.17658e-06 3.67416 99.9381 0 0 0 0 0 0 0 0 0 0 11883
0 0 9.96196e-05 0.000107608 0.0298067 99.9203 2.57454e-06 99.9272 1.17658e-06 3.67416 99.9381 0 0 0 0 0 0 0 0 0 0 11934
0 0 9.09174e-05 0.000107679 0.0268905 99.9202 2.57985e-06 99.9269 1.18308e-06 3.64558 99.92 0 0 0 0 0 0 0 0 0 0 11989
0 0 8.60466e-05 0.000107711 0.0244233 99.9202 2.52818e-06 99.9275 1.16369e-06 3.71423 99.91 0 0 0 0 0 0 0 0 0 0 12045
0 0 8.20423e-05 0.000107808 0.0186566 99.9201 2.5496e-06 99.928 1.14839e-06 3.71861 99.9135 0 0 0 0 0 0 0 0 0 0 12096
0 0 7.95157e-05 0.000107889 0.0136013 99.92 2.43715e-06 99.9285 1.13509e-06 3.84409 99.9067 0 0 0 0 0 0 0 0 0 0 12149
0 0 7.75227e-05 0.000107907 0.0103297 99.92 2.38658e-06 99.9283 1.14042e-06 3.87222 99.9313 0 0 0 0 0 0 0 0 0 0 12199
0 0 8.05186e-05 0.000108089 0.00907966 99.9199 2.48493e-06 99.9282 1.14065e-06 3.78486 99.9388 0 0 0 0 0 0 0 0 0 0 12251
0 0 8.16205e-05 0.000108135 0.0091882 99.9199 2.59333e-06 99.9278 1.15388e-06 3.67062 99.9323 0 0 0 0 0 0 0 0 0 0 12305
0 0 8.16205e-05 0.000108135 0.0091882 99.9199 2.59333e-06 99.9278 1.15388e-06 3.67062 99.9323 0 0 0 0 0 0 0 0 0 0 12356
0 0 8.26624e-05 0.000108274 0.00935125 99.9198 2.691e-06 99.928 1.14684e-06 3.61188 99.9353 0 0 0 0 0 0 0 0 0 0 12408
0 0 8.2514e-05 0.000108375 0.00952494 99.9198 2.96958e-06 99.928 1.14729e-06 3.42784 99.9308 0 0 0 0 0 0 0 0 0 0 12460
0 0 8.37944e-05 0.000108395 0.0131284 99.9199 3.43676e-06 99.9276 1.16001e-06 3.15414 99.9224 0 0 0 0 0 0 0 0 0 0 12515
0 0 8.63629e-05 0.000108241 0.0141122 99.92 3.7037e-06 99.9277 1.16516e-06 3.021 99.9184 0 0 0 0 0 0 0 0 0 0 12569
0 0 9.01853e-05 0.000108248 0.0158312 99.92 4.31216e-06 99.9276 1.17054e-06 2.76927 99.9027 0 0 0 0 0 0 0 0 0 0 12622
0 0 8.93329e-05 0.000109016 0.0146625 99.9195 4.79666e-06 99.9262 1.19603e-06 2.53541 99.8795 0 0 0 0 0 0 0 0 0 0 12675
0 0 8.93329e-05 0.000109016 0.0146625 99.9195 4.79666e-06 99.9262 1.19603e-06 2.53541 99.8795 0 0 0 0 0 0 0 0 0 0 12728
0 0 8.43587e-05 0.000111152 0.0111385 99.9181 5.06824e-06 99.9229 1.25295e-06 2.37257 99.7422 0 0 0 0 0 0 0 0 0 0 12780
0 0 7.19954e-05 0.000113711 0.00730012 99.9164 5.23024e-06 99.9167 1.35847e-06 2.15771 99.2183 0 0 0 0 0 0 0 0 0 0 12836
0 0 7.09867e-05 0.000120039 0.00570447 99.9122 5.46471e-06 99.9109 1.31026e-06 2.08945 97.6485 0 0 0 0 0 0 0 0 0 0 12889
0 0 6.32526e-05 0.00013046 0.00284753 99.9051 5.75429e-06 99.8952 1.27757e-06 1.87171 93.7029 0 0 0 0 0 0 0 0 0 0 12941
0 0 5.15201e-05 0.000153647 0.000689102 99.8886 6.31301e-06 99.8573 1.12551e-06 1.55973 85.3053 0 0 0 0 0 0 0 0 0 0 12998
0 0 0 0 0 0 0 0 0 0 0 0 0 0 0 0 0 0 0 0 0 13051
0 0 0 0 0 0 0 0 0 0 0 0 0 0 0 0 0 0 0 0 0 13107
0 0 0 0 0 0 0 0 0 0 0 0 0 0 0 0 0 0 0 0 0 13162
0 0 0.00307488 0.00105583 4.93357e-05 99.0129 1.81997e-05 96.7675 3.54994e-06 0.636929 37.9168 0 0 0 0 0 0 0 0 0 0 13213
0 0 0.0138207 0.00497489 8.26289e-05 92.128 5.04581e-05 64.074 1.85599e-05 0.387913 17.2525 0 0 0 0 0 0 0 0 0 0 13266
0 0 0.0780924 0.056358 0.000380853 43.0763 0.00029749 1.84956 0.000182749 0.281413 0 0 0 0 0 0 0 0 0 0 0 13320
0 0 0 0 0 0 0 0 0 0 0 0 0 0 0 0 0 0 0 0 0 13372
0 0 0 0 0 0 0 0 0 0 0 0 0 0 0 0 0 0 0 0 0 13426
0 0 0.0795346 0.414205 0.012942 7.22546 0.00294185 0.00552446 0.00567053 0.180975 -8.43428 0 0 0 0 0 0 0 0 0 0 13476
0 0 0.0247927 0.332771 0.039737 1.86415 0.00348879 0.00360779 0.00956137 0.177522 -0.969582 0 0 0 0 0 0 0 0 0 0 13529
0 0 0.0247927 0.332771 0.039737 1.86415 0.00348879 0.00360779 0.00956137 0.177522 -0.969582 0 0 0 0 0 0 0 0 0 0 13581
0 0 0.00650008 0.291408 0.137059 0.360942 0.00388386 0.00277423 0.0158895 0.175183 0 0 0 0 0 0 0 0 0 0 0 13635
0 0 0.00842666 0.292646 0.119881 0.503213 0.00427025 0.00220866 0.016266 0.173583 0 0 0 0 0 0 0 0 0 0 0 13686
0 0 0.00894249 0.267299 0.101618 0.622119 0.00427647 0.0021664 0.0154616 0.175086 0 0 0 0 0 0 0 0 0 0 0 13740
0 0 0.00486798 0.226619 0.14985 0.313502 0.00394265 0.00260952 0.0160493 0.1833 0 0 0 0 0 0 0 0 0 0 0 13793
0 0 0.00486798 0.226619 0.14985 0.313502 0.00394265 0.00260952 0.0160493 0.1833 0 0 0 0 0 0 0 0 0 0 0 13846
0 0 0.00495544 0.203974 0.134437 0.34635 0.00375055 0.00293991 0.0146908 0.186705 0 0 0 0 0 0 0 0 0 0 0 13901
0 0 0 0 0 0 0 0 0 0 0 0 0 0 0 0 0 0 0 0 0 13954
0 0 0.00280164 0.158847 0.177795 0.194144 0.00329609 0.00397125 0.0142199 0.195663 0 0 0 0 0 0 0 0 0 0 0 14005
0 0 0.00303641 0.144324 0.140063 0.240289 0.00299738 0.0048254 0.0125687 0.195838 0 0 0 0 0 0 0 0 0 0 0 14061
0 0 0.00269118 0.128838 0.127614 0.235912 0.0026706 0.00617862 0.011334 0.198482 0 0 0 0 0 0 0 0 0 0 0 14114
0 0 0.0037431 0.109021 0.0675814 0.471984 0.00224621 0.00913726 0.00813166 0.202086 0 0 0 0 0 0 0 0 0 0 0 14167
0 0 0.00174286 0.0663937 0.0501837 0.989992 0.00131833 0.0338166 0.00509522 0.20426 6.17862 0 0 0 0 0 0 0 0 0 0 14219
0 0 0.00174286 0.0663937 0.0501837 0.989992 0.00131833 0.0338166 0.00509522 0.20426 6.17862 0 0 0 0 0 0 0 0 0 0 14272
0 0 0.00082876 0.0272924 0.0197361 5.90991 0.000549609 0.282208 0.00201333 0.211721 19.1116 0 0 0 0 0 0 0 0 0 0 14325
0 0 0.000142623 0.00269277 0.0020864 83.1017 6.95261e-05 29.4791 0.000240809 0.215703 49.92 0 0 0 0 0 0 0 0 0 0 14375
0 0 0.000142623 0.00269277 0.0020864 83.1017 6.95261e-05 29.4791 0.000240809 0.215703 49.92 0 0 0 0 0 0 0 0 0 0 14427
0 0 0.000131387 0.00168589 0.00110824 91.8596 4.77061e-05 51.8549 0.000151824 0.212946 54.198 0 0 0 0 0 0 0 0 0 0 14478
0 0 0.000204038 0.00288446 0.00167174 81.6598 7.48925e-05 27.0048 0.000231349 0.210405 46.8767 0 0 0 0 0 0 0 0 0 0 14530
0 0 0.000147742 0.0034675 0.00327953 74.2363 9.2406e-05 18.5017 0.000318087 0.212225 46.7072 0 0 0 0 0 0 0 0 0 0 14584
0 0 0.000413848 0.00579944 0.00253478 56.9213 0.000134986 8.60365 0.000292312 0.214501 32.5373 0 0 0 0 0 0 0 0 0 0 14638
0 0 0.000442263 0.00492271 0.00187153 63.1683 0.000121733 11.2449 0.000160566 0.21177 25.4203 0 0 0 0 0 0 0 0 0 0 14689
0 0 0.000442263 0.00492271 0.00187153 63.1683 0.000121733 11.2449 0.000160566 0.21177 25.4203 0 0 0 0 0 0 0 0 0 0 14741
0 0 0.00030283 0.00545355 0.00380254 55.2234 0.000145149 7.97489 0.00023733 0.207983 27.2315 0 0 0 0 0 0 0 0 0 0 14796
0 0 0.000220664 0.00658842 0.00780664 45.6073 0.000175277 5.29699 0.000371523 0.208288 29.364 0 0 0 0 0 0 0 0 0 0 14848
0 0 0.000289772 0.0125401 0.0158674 24.0283 0.000279604 1.7918 0.000781959 0.206543 26.9736 0 0 0 0 0 0 0 0 0 0 14902
0 0 0.000279696 0.0141019 0.025698 14.8357 0.000371248 0.923556 0.00134936 0.209301 28.6662 0 0 0 0 0 0 0 0 0 0 14952
0 0 0.000279696 0.0141019 0.025698 14.8357 0.000371248 0.923556 0.00134936 0.209301 28.6662 0 0 0 0 0 0 0 0 0 0 15005
0 0 0.000231146 0.0133235 0.0316882 14.986 0.000369599 0.979926 0.00134704 0.222745 30.4738 0 0 0 0 0 0 0 0 0 0 15060
0 0 0.000352877 0.0199589 0.0675697 6.86005 0.000552282 0.397446 0.00192935 0.252389 25.677 0 0 0 0 0 0 0 0 0 0 15113
0 0 0.000571364 0.0280182 0.0961065 3.60462 0.000742777 0.19958 0.0023666 0.283975 20.5403 0 0 0 0 0 0 0 0 0 0 15163
0 0 0.00129309 0.0474623 0.196354 1.24821 0.00116096 0.0681882 0.00320843 0.35722 10.3398 0 0 0 0 0 0 0 0 0 0 15214
0 0 0.00222851 0.0708978 0.306736 0.710267 0.00147079 0.0302344 0.00480733 0.405133 0 0 0 0 0 0 0 0 0 0 0 15265
0 0 0.00222851 0.0708978 0.306736 0.710267 0.00147079 0.0302344 0.00480733 0.405133 0 0 0 0 0 0 0 0 0 0 0 15318
0 0 0.00327435 0.10305 0.430999 0.782407 0.00175015 0.0135044 0.00824156 0.418431 0 0 0 0 0 0 0 0 0 0 0 15371
0 0 0.00334539 0.134195 0.480714 1.18642 0.00172849 0.00670306 0.0189457 0.355857 -9.90369 0 0 0 0 0 0 0 0 0 0 15422
0 0 0.00393853 0.137361 0.527808 3.11924 0.00140298 0.00686082 0.0235937 0.395781 -21.4842 0 0 0 0 0 0 0 0 0 0 15476
0 0 0.00283243 0.146518 0.450908 5.92794 0.00126894 0.00484973 0.0458106 0.295878 -30.2837 0 0 0 0 0 0 0 0 0 0 15531
0 0 0.00283243 0.146518 0.450908 5.92794 0.00126894 0.00484973 0.0458106 0.295878 -30.2837 0 0 0 0 0 0 0 0 0 0 15580
0 0 0.00225019 0.151545 0.400487 9.13917 0.00116027 0.00401888 0.067495 0.247797 -36.9886 0 0 0 0 0 0 0 0 0 0 15631
0 0 0.00187391 0.152945 0.361265 21.4507 0.00091555 0.00365889 0.115847 0.218562 -48.3974 0 0 0 0 0 0 0 0 0 0 15683
0 0 0.00196098 0.156682 0.352461 28.407 0.000849028 0.00346716 0.140726 0.211989 -53.7773 0 0 0 0 0 0 0 0 0 0 15733
0 0 0.00197924 0.153678 0.330879 26.0104 0.000840515 0.00378573 0.130725 0.210601 -52.1281 0 0 0 0 0 0 0 0 0 0 15789
0 0 0.00232644 0.171794 0.338586 21.8588 0.000924182 0.00331177 0.13453 0.203589 -51.335 0 0 0 0 0 0 0 0 0 0 15841
0 0 0.00248092 0.170404 0.334474 27.2956 0.000871491 0.00317456 0.15336 0.200162 -55.5016 0 0 0 0 0 0 0 0 0 0 15894
0 0 0.00248092 0.170404 0.334474 27.2956 0.000871491 0.00317456 0.15336 0.200162 -55.5016 0 0 0 0 0 0 0 0 0 0 15948
0 0 0.00252384 0.201101 0.348934 27.1726 0.000896039 0.00293426 0.162264 0.197437 -55.8502 0 0 0 0 0 0 0 0 0 0 15999
0 0 0.00221617 0.240706 0.370408 28.2212 0.000901357 0.00287864 0.161736 0.20529 -55.1559 0 0 0 0 0 0 0 0 0 0 16053
0 0 0.00185752 0.306136 0.363717 15.027 0.00100186 0.00369371 0.102126 0.221164 -43.9335 0 0 0 0 0 0 0 0 0 0 16103
0 0 0.00185752 0.306136 0.363717 15.027 0.00100186 0.00369371 0.102126 0.221164 -43.9335 0 0 0 0 0 0 0 0 0 0 16167
0 0 0.00235538 0.303362 0.418337 16.7224 0.000980273 0.00408095 0.0861354 0.26271 -44.7443 0 0 0 0 0 0 0 0 0 0 16212
0 0 0.00310985 0.607484 0.470437 6.6333 0.00118916 0.00550486 0.0395632 0.335753 -32.5661 0 0 0 0 0 0 0 0 0 0 16263
0 0 0.00555034 0.501085 0.670971 7.2202 0.00122898 0.00641666 0.0260235 0.496973 -33.7745 0 0 0 0 0 0 0 0 0 0 16319
0 0 0.00879774 0.523679 0.863986 5.57617 0.00130936 0.0082822 0.0147683 0.700836 -30.6662 0 0 0 0 0 0 0 0 0 0 16372
0 0 0.0200359 0.363666 1.38375 14.958 0.00144865 0.0118867 0.00624865 1.26526 -27.2093 0 0 0 0 0 0 0 0 0 0 16426
0 0 0.0245071 0.298479 1.59228 17.6383 0.00218138 0.0096422 0.00405434 1.35937 -13.8123 0 0 0 0 0 0 0 0 0 0 16482
0 0 0.0245071 0.298479 1.59228 17.6383 0.00218138 0.0096422 0.00405434 1.35937 -13.8123 0 0 0 0 0 0 0 0 0 0 16535
0 0 0.0247251 0.235698 1.61124 17.5738 0.00293668 0.00936717 0.00262774 1.36784 0 0 0 0 0 0 0 0 0 0 0 16588
0 0 0.00847042 0.206002 0.914956 1.96197 0.00378525 0.00472716 0.00575824 0.60879 0 0 0 0 0 0 0 0 0 0 0 16642
0 0 0.00313481 0.200174 0.541443 0.222082 0.00408521 0.00250493 0.0149246 0.287271 0 0 0 0 0 0 0 0 0 0 0 16698
0 0 0 0 0 0 0 0 0 0 0 0 0 0 0 0 0 0 0 0 0 16748
0 0 0.00217433 0.193778 0.447187 0.101612 0.0039158 0.00194933 0.0217699 0.225486 0 0 0 0 0 0 0 0 0 0 0 16799
0 0 0.00217433 0.193778 0.447187 0.101612 0.0039158 0.00194933 0.0217699 0.225486 0 0 0 0 0 0 0 0 0 0 0 16851
0 0 0.00218027 0.193089 0.447726 0.105796 0.00365954 0.00193337 0.0218651 0.234694 0 0 0 0 0 0 0 0 0 0 0 16903
0 0 0.00208246 0.192879 0.436645 0.107041 0.00328641 0.00187696 0.0228688 0.241552 0 0 0 0 0 0 0 0 0 0 0 16956
0 0 0.00215791 0.193273 0.469442 0.12348 0.00307634 0.00190766 0.0214196 0.257402 0 0 0 0 0 0 0 0 0 0 0 17012
0 0 0.00223027 0.19349 0.483228 0.429301 0.00315759 0.0019539 0.0145064 0.260985 0 0 0 0 0 0 0 0 0 0 0 17063
0 0 0.0021535 0.193802 0.456 1.48523 0.00293225 0.00190951 0.0111485 0.266402 0 0 0 0 0 0 0 0 0 0 0 17117
0 0 0.00242347 0.193453 0.475659 0.725064 0.00239078 0.00204321 0.0188141 0.328693 0 0 0 0 0 0 0 0 0 0 0 17172
0 0 0.00267768 0.19297 0.502426 1.03828 0.00183256 0.00216024 0.0176523 0.415899 0 0 0 0 0 0 0 0 0 0 0 17222
0 0 0 0 0 0 0 0 0 0 0 0 0 0 0 0 0 0 0 0 0 17275
0 0 0 0 0 0 0 0 0 0 0 0 0 0 0 0 0 0 0 0 0 17325
0 0 0.0021561 0.193557 0.445808 0.494835 0.000869986 0.00191023 0.0217743 0.569319 0 0 0 0 0 0 0 0 0 0 0 17381
0 0 0.00214341 0.19462 0.443303 0.400389 0.0011054 0.001901 0.0213465 0.519509 0 0 0 0 0 0 0 0 0 0 0 17433
0 0 0.0022856 0.193533 0.443066 0.174013 0.00205913 0.00190525 0.0193272 0.438399 0 0 0 0 0 0 0 0 0 0 0 17487
0 0 0.0022856 0.193533 0.443066 0.174013 0.00205913 0.00190525 0.0193272 0.438399 0 0 0 0 0 0 0 0 0 0 0 17537
0 0 0.0022856 0.193533 0.443066 0.174013 0.00205913 0.00190525 0.0193272 0.438399 0 0 0 0 0 0 0 0 0 0 0 17589
0 0 0.0022856 0.193533 0.443066 0.174013 0.00205913 0.00190525 0.0193272 0.438399 0 0 0 0 0 0 0 0 0 0 0 17643
0 0 0.0022856 0.193533 0.443066 0.174013 0.00205913 0.00190525 0.0193272 0.438399 0 0 0 0 0 0 0 0 0 0 0 17699
0 0 0.0022856 0.193533 0.443066 0.174013 0.00205913 0.00190525 0.0193272 0.438399 0 0 0 0 0 0 0 0 0 0 0 17752
0 0 0.0022856 0.193533 0.443066 0.174013 0.00205913 0.00190525 0.0193272 0.438399 0 0 0 0 0 0 0 0 0 0 0 17804
0 0 0.0022856 0.193533 0.443066 0.174013 0.00205913 0.00190525 0.0193272 0.438399 0 0 0 0 0 0 0 0 0 0 0 17857
0 0 0.0022856 0.193533 0.443066 0.174013 0.00205913 0.00190525 0.0193272 0.438399 0 0 0 0 0 0 0 0 0 0 0 17909
0 0 0.0022856 0.193533 0.443066 0.174013 0.00205913 0.00190525 0.0193272 0.438399 0 0 0 0 0 0 0 0 0 0 0 17961
0 0 0.0022856 0.193533 0.443066 0.174013 0.00205913 0.00190525 0.0193272 0.438399 0 0 0 0 0 0 0 0 0 0 0 18013
0 0 0.0022856 0.193533 0.443066 0.174013 0.00205913 0.00190525 0.0193272 0.438399 0 0 0 0 0 0 0 0 0 0 0 18064
0 0 0.0022856 0.193533 0.443066 0.174013 0.00205913 0.00190525 0.0193272 0.438399 0 0 0 0 0 0 0 0 0 0 0 18114
0 0 3.56324 0.192486 1.17776 92.4848 0.0019268 0.0108455 0.000228017 3.57112 -71.3516 0 0 0 0 0 0 0 0 0 0 18170
0 0 0.0772611 0.194315 79.8244 97.1795 0.0017327 0.007695 0.00145764 2.4037 -62.1389 0 0 0 0 0 0 0 0 0 0 18221
0 0 0.0772611 0.194315 79.8244 97.1795 0.0017327 0.007695 0.00145764 2.4037 -62.1389 0 0 0 0 0 0 0 0 0 0 18274
0 0 0.0505691 0.226625 43.7647 80.3872 0.000796623 0.00819952 0.000931994 4.08236 -38.1566 0 0 0 0 0 0 0 0 0 0 18328
0 0 0.145364 0.320078 3.33404 95.0384 0.000480539 0.0132486 0.000519876 4.50251 -27.4461 0 0 0 0 0 0 0 0 0 0 18380
0 0 0.121704 0.0519029 0.260856 96.132 0.000103424 0.37343 0.000147459 3.81277 -9.99859 0 0 0 0 0 0 0 0 0 0 18431
0 0 0.000661778 0.000827856 0.0256452 98.372 1.29403e-06 96.4469 4.24989e-06 6.57782 38.3383 0 0 0 0 0 0 0 0 0 0 18484
0 0 0.000661778 0.000827856 0.0256452 98.372 1.29403e-06 96.4469 4.24989e-06 6.57782 38.3383 0 0 0 0 0 0 0 0 0 0 18536
0 0 0.000661778 0.000827856 0.0256452 98.372 1.29403e-06 96.4469 4.24989e-06 6.57782 38.3383 0 0 0 0 0 0 0 0 0 0 18593
0 0 0.000661778 0.000827856 0.0256452 98.372 1.29403e-06 96.4469 4.24989e-06 6.57782 38.3383 0 0 0 0 0 0 0 0 0 0 18647
0 0 0.000183152 0.000147062 0.0625262 99.8917 3.30287e-07 99.8037 3.25217e-06 6.99578 93.4548 0 0 0 0 0 0 0 0 0 0 18697
0 0 0.00151345 0.000124662 0.0822196 99.9005 3.45841e-07 99.8839 1.86844e-06 8.99477 98.8617 0 0 0 0 0 0 0 0 0 0 18749
0 0 0.00151345 0.000124662 0.0822196 99.9005 3.45841e-07 99.8839 1.86844e-06 8.99477 98.8617 0 0 0 0 0 0 0 0 0 0 18799
0 0 0.000814044 0.000124597 0.0872521 99.8985 4.80716e-07 99.89 1.68e-06 8.152 99.0007 0 0 0 0 0 0 0 0 0 0 18849
0 0 0.000708803 0.000124702 0.0880173 99.8992 6.1127e-07 99.8903 1.69249e-06 7.07224 99.7521 0 0 0 0 0 0 0 0 0 0 18902
0 0 0.000277276 0.000129643 0.0949821 99.8902 9.14995e-07 99.8836 1.63901e-06 6.0724 99.8224 0 0 0 0 0 0 0 0 0 0 18956
0 0 0.000202737 0.000129419 0.106312 99.8935 1.5802e-06 99.8885 1.4877e-06 4.80335 99.6373 0 0 0 0 0 0 0 0 0 0 19006
0 0 0.0001637 0.000127414 0.101947 99.9009 1.8027e-06 99.8909 1.48231e-06 4.40967 99.9139 0 0 0 0 0 0 0 0 0 0 19057
0 0 0.0001637 0.000127414 0.101947 99.9009 1.8027e-06 99.8909 1.48231e-06 4.40967 99.9139 0 0 0 0 0 0 0 0 0 0 19108
0 0 0.000164307 0.000125241 0.100971 99.904 2.22959e-06 99.8942 1.4636e-06 3.87487 99.9477 0 0 0 0 0 0 0 0 0 0 19158
0 0 0.000106464 0.000118681 0.0954987 99.9037 3.07925e-06 99.906 1.37776e-06 3.16775 99.974 0 0 0 0 0 0 0 0 0 0 19210
0 0 0.000106464 0.000118681 0.0954987 99.9037 3.07925e-06 99.906 1.37776e-06 3.16775 99.974 0 0 0 0 0 0 0 0 0 0 19262
0 0 7.85496e-05 0.000118165 0.0875449 99.9043 4.86102e-06 99.9077 1.34603e-06 2.46726 99.9718 0 0 0 0 0 0 0 0 0 0 19316
0 0 8.53724e-05 0.000118496 0.0889754 99.9039 4.95511e-06 99.9058 1.38721e-06 2.39516 99.9636 0 0 0 0 0 0 0 0 0 0 19367
0 0 7.76967e-05 0.000117827 0.0870624 99.9049 5.39452e-06 99.9079 1.35415e-06 2.33316 99.9715 0 0 0 0 0 0 0 0 0 0 19418
0 0 7.76135e-05 0.000115256 0.0852405 99.9087 5.97872e-06 99.9137 1.28677e-06 2.30216 99.9836 0 0 0 0 0 0 0 0 0 0 19469
0 0 7.76135e-05 0.000115256 0.0852405 99.9087 5.97872e-06 99.9137 1.28677e-06 2.30216 99.9836 0 0 0 0 0 0 0 0 0 0 19524
0 0 7.80274e-05 0.000112684 0.0904591 99.9126 7.41738e-06 99.918 1.25491e-06 2.22461 99.9881 0 0 0 0 0 0 0 0 0 0 19576
0 0 8.12832e-05 0.000112982 0.0920985 99.9121 7.18602e-06 99.918 1.24583e-06 2.24741 99.9897 0 0 0 0 0 0 0 0 0 0 19629
0 0 9.19521e-05 0.000113017 0.092989 99.912 7.07488e-06 99.9185 1.22954e-06 2.28629 99.9868 0 0 0 0 0 0 0 0 0 0 19685
0 0 9.91876e-05 0.000113777 0.082744 99.9109 7.52571e-06 99.917 1.24623e-06 2.23807 99.9841 0 0 0 0 0 0 0 0 0 0 19738
0 0 9.91876e-05 0.000113777 0.082744 99.9109 7.52571e-06 99.917 1.24623e-06 2.23807 99.9841 0 0 0 0 0 0 0 0 0 0 19790
0 0 0.000158018 0.000114218 0.0809058 99.9103 7.94434e-06 99.9165 1.24701e-06 2.23723 99.981 0 0 0 0 0 0 0 0 0 0 19842
0 0 0.00014448 0.000112627 0.0874713 99.9126 7.78819e-06 99.9203 1.19527e-06 2.28668 99.9803 0 0 0 0 0 0 0 0 0 0 19897
0 0 0.000166446 0.000111536 0.0853003 99.9142 8.01511e-06 99.9226 1.16671e-06 2.29905 99.9834 0 0 0 0 0 0 0 0 0 0 19949
0 0 0.000283956 0.00011026 0.0877523 99.9161 7.6954e-06 99.9248 1.14617e-06 2.30647 99.9833 0 0 0 0 0 0 0 0 0 0 20002
0 0 0.000475426 0.000109796 0.084396 99.9167 7.94877e-06 99.9253 1.14761e-06 2.30923 99.9873 0 0 0 0 0 0 0 0 0 0 20054
0 0 0.000475426 0.000109796 0.084396 99.9167 7.94877e-06 99.9253 1.14761e-06 2.30923 99.9873 0 0 0 0 0 0 0 0 0 0 20106
0 0 0.000533948 0.000109637 0.0826997 99.917 8.08279e-06 99.9255 1.14452e-06 2.30639 99.9865 0 0 0 0 0 0 0 0 0 0 20162
0 0 0.000533948 0.000109637 0.0826997 99.917 8.08279e-06 99.9255 1.14452e-06 2.30639 99.9865 0 0 0 0 0 0 0 0 0 0 20216
0 0 0.000295224 0.000109156 0.0835724 99.9176 8.03639e-06 99.9263 1.13768e-06 2.309 99.9753 0 0 0 0 0 0 0 0 0 0 20277
0 0 0.000209994 0.000109057 0.0843218 99.9178 7.61869e-06 99.9263 1.14065e-06 2.30646 99.9476 0 0 0 0 0 0 0 0 0 0 20332
0 0 0.000215227 0.00010904 0.0918532 99.9179 6.64148e-06 99.926 1.1413e-06 2.33876 99.7982 0 0 0 0 0 0 0 0 0 0 20384
0 0 0.000163852 0.000109017 0.0885041 99.9179 6.37668e-06 99.9244 1.1942e-06 2.28147 99.8887 0 0 0 0 0 0 0 0 0 0 20434
0 0 0.000114506 0.000109857 0.0889703 99.9167 6.1781e-06 99.9231 1.20841e-06 2.2605 99.9732 0 0 0 0 0 0 0 0 0 0 20486
0 0 0.000114506 0.000109857 0.0889703 99.9167 6.1781e-06 99.9231 1.20841e-06 2.2605 99.9732 0 0 0 0 0 0 0 0 0 0 20540
0 0 0.000113769 0.000109732 0.08689 99.9169 6.12275e-06 99.9225 1.23125e-06 2.23601 99.9825 0 0 0 0 0 0 0 0 0 0 20591
0 0 0.000100295 0.000108999 0.0814793 99.9179 6.1297e-06 99.9248 1.1883e-06 2.27748 99.9916 0 0 0 0 0 0 0 0 0 0 20643
0 0 9.30891e-05 0.000108969 0.076671 99.918 6.2447e-06 99.9253 1.17461e-06 2.27088 99.9904 0 0 0 0 0 0 0 0 0 0 20698
0 0 9.30891e-05 0.000108969 0.076671 99.918 6.2447e-06 99.9253 1.17461e-06 2.27088 99.9904 0 0 0 0 0 0 0 0 0 0 20750
0 0 0.000124944 0.000108511 0.0870463 99.9187 5.99852e-06 99.9266 1.15589e-06 2.32727 99.9816 0 0 0 0 0 0 0 0 0 0 20805
0 0 0.000186981 0.000108503 0.0882436 99.9187 5.89643e-06 99.9272 1.13814e-06 2.35787 99.974 0 0 0 0 0 0 0 0 0 0 20855
0 0 0.000157486 0.000108642 0.0845006 99.9185 5.7523e-06 99.9271 1.13695e-06 2.38028 99.9673 0 0 0 0 0 0 0 0 0 0 20907
0 0 0.000180721 0.000108678 0.0857819 99.9185 5.70108e-06 99.9276 1.12365e-06 2.41579 99.9533 0 0 0 0 0 0 0 0 0 0 20958
0 0 0.000180721 0.000108678 0.0857819 99.9185 5.70108e-06 99.9276 1.12365e-06 2.41579 99.9533 0 0 0 0 0 0 0 0 0 0 21008
0 0 0.000393482 0.000108571 0.0876015 99.9188 5.54429e-06 99.9278 1.12238e-06 2.44842 99.9422 0 0 0 0 0 0 0 0 0 0 21129
0 0 0.000930968 0.000108828 0.0877387 99.9187 5.50034e-06 99.9278 1.12378e-06 2.4719 99.885 0 0 0 0 0 0 0 0 0 0 21183
0 0 0.000930968 0.000108828 0.0877387 99.9187 5.50034e-06 99.9278 1.12378e-06 2.4719 99.885 0 0 0 0 0 0 0 0 0 0 21239
0 0 0.00256358 0.000109306 0.087651 99.9184 5.50261e-06 99.9273 1.13205e-06 2.46914 99.9126 0 0 0 0 0 0 0 0 0 0 21290
0 0 0.00102451 0.000109377 0.0896652 99.9186 5.68929e-06 99.9273 1.13801e-06 2.45614 99.8967 0 0 0 0 0 0 0 0 0 0 21342
0 0 0.000777925 0.000109061 0.0897394 99.9187 6.35442e-06 99.9272 1.14028e-06 2.41297 99.8339 0 0 0 0 0 0 0 0 0 0 21392
0 0 0.000702038 0.000108751 0.0896492 99.9191 6.91582e-06 99.9275 1.14411e-06 2.39436 99.8455 0 0 0 0 0 0 0 0 0 0 21446
0 0 0.000739867 0.000107931 0.0914074 99.9199 6.96343e-06 99.9284 1.13701e-06 2.46254 99.9257 0 0 0 0 0 0 0 0 0 0 21500
0 0 0.000739867 0.000107931 0.0914074 99.9199 6.96343e-06 99.9284 1.13701e-06 2.46254 99.9257 0 0 0 0 0 0 0 0 0 0 21550
0 0 0.000484954 0.000107855 0.0893773 99.9199 7.02277e-06 99.9288 1.1217e-06 2.46081 99.931 0 0 0 0 0 0 0 0 0 0 21602
0 0 0.000438668 0.000107857 0.0932087 99.92 6.87725e-06 99.9292 1.11444e-06 2.51272 99.9308 0 0 0 0 0 0 0 0 0 0 21652
0 0 0.000566163 0.000107961 0.094731 99.9201 6.04152e-06 99.9286 1.13162e-06 2.5983 99.9655 0 0 0 0 0 0 0 0 0 0 21704
0 0 0.000566163 0.000107961 0.094731 99.9201 6.04152e-06 99.9286 1.13162e-06 2.5983 99.9655 0 0 0 0 0 0 0 0 0 0 21757
0 0 0.000340895 0.000108246 0.0949196 99.9198 5.62764e-06 99.9284 1.13236e-06 2.68804 99.9576 0 0 0 0 0 0 0 0 0 0 21809
0 0 0.000393101 0.000108076 0.0958046 99.9199 5.06611e-06 99.9286 1.12954e-06 2.7812 99.9585 0 0 0 0 0 0 0 0 0 0 21862
0 0 0.000445453 0.000108397 0.0944656 99.9196 5.3958e-06 99.9276 1.14939e-06 2.55542 99.9552 0 0 0 0 0 0 0 0 0 0 21914
0 0 0.000420097 0.000110512 0.0905913 99.9176 5.55e-06 99.9226 1.2506e-06 2.3138 99.8991 0 0 0 0 0 0 0 0 0 0 21966
0 0 0.000420097 0.000110512 0.0905913 99.9176 5.55e-06 99.9226 1.2506e-06 2.3138 99.8991 0 0 0 0 0 0 0 0 0 0 22017
0 0 0.000249852 0.000113663 0.0796034 99.9145 5.80403e-06 99.9126 1.45271e-06 2.00699 99.598 0 0 0 0 0 0 0 0 0 0 22069
0 0 0.000203317 0.000120156 0.0538932 99.9088 6.06667e-06 99.8738 2.48442e-06 1.32528 98.7171 0 0 0 0 0 0 0 0 0 0 22119
0 0 6.43822e-05 0.000129172 0.030034 99.898 6.44534e-06 99.7728 5.83333e-06 0.700996 97.4773 0 0 0 0 0 0 0 0 0 0 22174
0 0 6.43822e-05 0.000129172 0.030034 99.898 6.44534e-06 99.7728 5.83333e-06 0.700996 97.4773 0 0 0 0 0 0 0 0 0 0 22224
0 0 3.15786e-05 0.000145764 0.0166522 99.8713 7.23112e-06 99.6391 8.58785e-06 0.531676 95.7968 0 0 0 0 0 0 0 0 0 0 22274
0 0 2.00628e-05 0.000176847 0.00563344 99.8186 8.55039e-06 99.3379 1.15202e-05 0.395931 90.6617 0 0 0 0 0 0 0 0 0 0 22326
0 0 6.88001e-05 0.000291099 0.00140845 99.5401 1.32543e-05 97.4499 2.06114e-05 0.261948 74.3204 0 0 0 0 0 0 0 0 0 0 22375
0 0 6.88001e-05 0.000291099 0.00140845 99.5401 1.32543e-05 97.4499 2.06114e-05 0.261948 74.3204 0 0 0 0 0 0 0 0 0 0 22432
0 0 0.000208044 0.000662725 0.00115567 97.8511 2.74889e-05 85.8485 4.22445e-05 0.242783 58.7182 0 0 0 0 0 0 0 0 0 0 22482
0 0 0.000280079 0.00352161 0.0108154 65.5181 0.000121382 14.0229 0.000264653 0.250564 41.6268 0 0 0 0 0 0 0 0 0 0 22532
0 0 0.00114656 0.0216337 0.0414279 6.0113 0.000595655 0.318417 0.00149819 0.236195 17.0373 0 0 0 0 0 0 0 0 0 0 22584
0 0 0.00235327 0.0714822 0.150001 3.1575 0.0017498 0.0226744 0.00513742 0.230615 2.11047 0 0 0 0 0 0 0 0 0 0 22636
0 0 0.00458727 0.142551 0.207883 0.828505 0.00339649 0.00427969 0.0112286 0.210934 0 0 0 0 0 0 0 0 0 0 0 22689
0 0 0.00365007 0.173221 0.398272 0.211383 0.00414917 0.00249913 0.0203 0.198099 0 0 0 0 0 0 0 0 0 0 0 22745
0 0 0.00339367 0.194417 0.433413 0.118021 0.00460003 0.00178224 0.0282895 0.177877 0 0 0 0 0 0 0 0 0 0 0 22797
0 0 0.00339367 0.194417 0.433413 0.118021 0.00460003 0.00178224 0.0282895 0.177877 0 0 0 0 0 0 0 0 0 0 0 22848
0 0 0.00356962 0.209692 0.425472 0.171221 0.00493995 0.00139098 0.0408564 0.152719 0 0 0 0 0 0 0 0 0 0 0 22902
0 0 0.00396095 0.22207 0.429023 0.27013 0.00519841 0.00113146 0.060654 0.130027 0 0 0 0 0 0 0 0 0 0 0 22953
0 0 0.00439162 0.234606 0.427444 0.381458 0.00569368 0.000929479 0.0905098 0.112945 0 0 0 0 0 0 0 0 0 0 0 23006
0 0 0.00620058 0.250956 0.433952 0.528845 0.00618613 0.00073964 0.11484 0.0912207 -1.4502 0 0 0 0 0 0 0 0 0 0 23058
0 0 0.0060585 0.255062 0.435094 0.500112 0.00669017 0.00069222 0.137293 0.0896312 -1.11267 0 0 0 0 0 0 0 0 0 0 23112
0 0 0.0060585 0.255062 0.435094 0.500112 0.00669017 0.00069222 0.137293 0.0896312 -1.11267 0 0 0 0 0 0 0 0 0 0 23166
0 0 0.00476659 0.244105 0.431591 0.414973 0.0061355 0.000806937 0.114828 0.104045 -0.0780106 0 0 0 0 0 0 0 0 0 0 23216
0 0 0.00476659 0.244105 0.431591 0.414973 0.0061355 0.000806937 0.114828 0.104045 -0.0780106 0 0 0 0 0 0 0 0 0 0 23270
0 0 0.0046284 0.23661 0.430147 0.339823 0.00541551 0.000901392 0.0794475 0.110719 0 0 0 0 0 0 0 0 0 0 0 23322
0 0 0.0046284 0.23661 0.430147 0.339823 0.00541551 0.000901392 0.0794475 0.110719 0 0 0 0 0 0 0 0 0 0 0 23374
0 0 0.00454249 0.23305 0.430691 0.295827 0.0050414 0.000953324 0.0666655 0.116896 0 0 0 0 0 0 0 0 0 0 0 23426
0 0 0.00430423 0.229702 0.431175 0.228736 0.00488619 0.00100537 0.0569525 0.125474 0 0 0 0 0 0 0 0 0 0 0 23477
0 0 0.00405319 0.226355 0.431666 0.183977 0.00466655 0.00106102 0.0498642 0.13594 0 0 0 0 0 0 0 0 0 0 0 23531
0 0 0.00417858 0.228515 0.430753 0.175062 0.00446615 0.00102809 0.0497128 0.14209 0 0 0 0 0 0 0 0 0 0 0 23582
0 0 0.00364349 0.219361 0.431079 0.141111 0.00457695 0.00119081 0.038924 0.169576 0 0 0 0 0 0 0 0 0 0 0 23634
0 0 0.00364349 0.219361 0.431079 0.141111 0.00457695 0.00119081 0.038924 0.169576 0 0 0 0 0 0 0 0 0 0 0 23686
0 0 0.00428816 0.210306 0.429266 0.116712 0.0110499 0.00137687 0.022938 0.227513 0 0 0 0 0 0 0 0 0 0 0 23737
0 0 0.0103581 0.210214 0.428663 0.114899 0.166958 0.00138146 0.00932028 0.283263 0 0 0 0 0 0 0 0 0 0 0 23789
0 0 0.0102214 0.208302 0.42819 0.123729 0.203589 0.00142689 0.00843335 0.267442 0 0 0 0 0 0 0 0 0 0 0 23842
0 0 0.00908576 0.20366 0.427167 0.165168 0.196809 0.001539 0.00719839 0.270952 0 0 0 0 0 0 0 0 0 0 0 23894
0 0 0.00908576 0.20366 0.427167 0.165168 0.196809 0.001539 0.00719839 0.270952 0 0 0 0 0 0 0 0 0 0 0 23946
0 0 0.00843466 0.200382 0.415016 0.238597 0.186395 0.0016304 0.00618796 0.26901 0 0 0 0 0 0 0 0 0 0 0 24004
0 0 0.0041363 0.197642 0.408387 0.433172 0.0256248 0.00171561 0.00967804 0.225393 0 0 0 0 0 0 0 0 0 0 0 24059
0 0 0.00290532 0.195614 0.390108 0.823516 0.00909162 0.00179067 0.0108915 0.207648 0 0 0 0 0 0 0 0 0 0 0 24117
0 0 0.00280416 0.195063 0.329588 0.577511 0.00521347 0.00181146 0.0132628 0.19698 0 0 0 0 0 0 0 0 0 0 0 24177
0 0 0.00280416 0.195063 0.329588 0.577511 0.00521347 0.00181146 0.0132628 0.19698 0 0 0 0 0 0 0 0 0 0 0 24228
0 0 0.00290213 0.194843 0.307648 0.362481 0.00461244 0.00183177 0.0147275 0.196713 0 0 0 0 0 0 0 0 0 0 0 24280
0 0 0.00229159 0.195372 0.394588 0.0994576 0.00451394 0.00190828 0.0206081 0.207289 0 0 0 0 0 0 0 0 0 0 0 24329
0 0 0.00229159 0.195372 0.394588 0.0994576 0.00451394 0.00190828 0.0206081 0.207289 0 0 0 0 0 0 0 0 0 0 0 24383
0 0 0.00231803 0.195677 0.412041 0.110034 0.00451522 0.0019648 0.0199023 0.215448 0 0 0 0 0 0 0 0 0 0 0 24438
0 0 0.00249379 0.195577 0.428001 0.128995 0.00452053 0.00205154 0.0184778 0.227887 0 0 0 0 0 0 0 0 0 0 0 24488
0 0 0.00272286 0.195935 0.456823 0.1563 0.00452229 0.00216163 0.0168233 0.244431 0 0 0 0 0 0 0 0 0 0 0 24541
0 0 0.00324584 0.195421 0.515537 0.228347 0.00454578 0.00238728 0.0142131 0.279762 0 0 0 0 0 0 0 0 0 0 0 24595
0 0 0.00324584 0.195421 0.515537 0.228347 0.00454578 0.00238728 0.0142131 0.279762 0 0 0 0 0 0 0 0 0 0 0 24649
0 0 0.00403343 0.195094 0.58565 0.363522 0.00457761 0.00268944 0.01145 0.329909 0 0 0 0 0 0 0 0 0 0 0 24702
0 0 0.00439383 0.195445 0.637833 0.438757 0.00456515 0.0028254 0.010621 0.353458 0 0 0 0 0 0 0 0 0 0 0 24754
0 0 0.00423399 0.197023 0.631539 0.406515 0.00481783 0.00277523 0.0108341 0.346683 0 0 0 0 0 0 0 0 0 0 0 24809
0 0 0.00355837 0.199245 0.563122 0.280697 0.00477558 0.00252616 0.0128187 0.304852 0 0 0 0 0 0 0 0 0 0 0 24860
0 0 0.00295985 0.206893 0.484493 0.204284 0.00489858 0.00228843 0.0149663 0.267243 0 0 0 0 0 0 0 0 0 0 0 24916
0 0 0.00278146 0.224908 0.379277 0.221208 0.00503132 0.00218283 0.015023 0.253666 0 0 0 0 0 0 0 0 0 0 0 24967
0 0 0.00278146 0.224908 0.379277 0.221208 0.00503132 0.00218283 0.015023 0.253666 0 0 0 0 0 0 0 0 0 0 0 25021
0 0 0 0 0 0 0 0 0 0 0 0 0 0 0 0 0 0 0 0 0 25073
0 0 0 0 0 0 0 0 0 0 0 0 0 0 0 0 0 0 0 0 0 25123
0 0 0 0 0 0 0 0 0 0 0 0 0 0 0 0 0 0 0 0 0 25177
0 0 0.288009 0.515544 0.00745777 32.086 0.00865527 0.00251833 0.00223399 0.377314 -18.725 0 0 0 0 0 0 0 0 0 0 25232
0 0 0.330367 1.35756 0.00639815 31.9551 0.0125076 0.002171 0.00259227 0.321161 -18.7905 0 0 0 0 0 0 0 0 0 0 25286
0 0 0.330367 1.35756 0.00639815 31.9551 0.0125076 0.002171 0.00259227 0.321161 -18.7905 0 0 0 0 0 0 0 0 0 0 25342
0 0 0.418317 1.6703 0.0067641 31.124 0.0204399 0.00226157 0.00202247 0.371347 -19.3183 0 0 0 0 0 0 0 0 0 0 25394
0 0 0.230894 0.676128 0.0109327 17.0601 0.0050769 0.00214293 0.00430356 0.295958 -19.7747 0 0 0 0 0 0 0 0 0 0 25448
0 0 0.153173 0.382133 0.0304609 5.06262 0.00373883 0.00213922 0.00671033 0.293345 -20.0403 0 0 0 0 0 0 0 0 0 0 25503
0 0 0.0243387 0.261152 0.152446 2.09754 0.00359068 0.00196741 0.0141805 0.2572 -7.15244 0 0 0 0 0 0 0 0 0 0 25554
0 0 0.0243387 0.261152 0.152446 2.09754 0.00359068 0.00196741 0.0141805 0.2572 -7.15244 0 0 0 0 0 0 0 0 0 0 25605
0 0 0.0252257 0.227302 0.321658 8.64089 0.00353241 0.00186513 0.020671 0.237036 -10.4104 0 0 0 0 0 0 0 0 0 0 25656
0 0 0.0501721 0.213835 0.363006 35.5944 0.00356291 0.00184673 0.022277 0.226108 -18.0718 0 0 0 0 0 0 0 0 0 0 25708
0 0 0.0501721 0.213835 0.363006 35.5944 0.00356291 0.00184673 0.022277 0.226108 -18.0718 0 0 0 0 0 0 0 0 0 0 25763
0 0 0.0543893 0.20607 0.408134 43.5341 0.00367555 0.0018367 0.0231268 0.219468 -19.1925 0 0 0 0 0 0 0 0 0 0 25814
0 0 0.0673457 0.200437 0.354369 47.2152 0.00390761 0.00183509 0.0221435 0.211185 -20.9978 0 0 0 0 0 0 0 0 0 0 25865
0 0 0.0573167 0.202405 0.401295 45.9019 0.00403716 0.00183275 0.0237255 0.20538 -20.4858 0 0 0 0 0 0 0 0 0 0 25920
0 0 0.0573167 0.202405 0.401295 45.9019 0.00403716 0.00183275 0.0237255 0.20538 -20.4858 0 0 0 0 0 0 0 0 0 0 25971
0 0 0 0 0 0 0 0 0 0 0 0 0 0 0 0 0 0 0 0 0 26022
0 0 0 0 0 0 0 0 0 0 0 0 0 0 0 0 0 0 0 0 0 26073
0 0 0.0202227 0.198653 0.426438 9.73563 0.00304054 0.00182722 0.0413813 0.196836 -26.8843 0 0 0 0 0 0 0 0 0 0 26123
0 0 0.00440063 0.196936 0.43143 0.620938 0.00275639 0.00183945 0.0481985 0.197578 -16.5599 0 0 0 0 0 0 0 0 0 0 26176
0 0 0.00440063 0.196936 0.43143 0.620938 0.00275639 0.00183945 0.0481985 0.197578 -16.5599 0 0 0 0 0 0 0 0 0 0 26228
0 0 0.00440063 0.196936 0.43143 0.620938 0.00275639 0.00183945 0.0481985 0.197578 -16.5599 0 0 0 0 0 0 0 0 0 0 26278
0 0 0.00440063 0.196936 0.43143 0.620938 0.00275639 0.00183945 0.0481985 0.197578 -16.5599 0 0 0 0 0 0 0 0 0 0 26329
0 0 0.00440063 0.196936 0.43143 0.620938 0.00275639 0.00183945 0.0481985 0.197578 -16.5599 0 0 0 0 0 0 0 0 0 0 26379
0 0 0.00440063 0.196936 0.43143 0.620938 0.00275639 0.00183945 0.0481985 0.197578 -16.5599 0 0 0 0 0 0 0 0 0 0 26435
0 0 0.00440063 0.196936 0.43143 0.620938 0.00275639 0.00183945 0.0481985 0.197578 -16.5599 0 0 0 0 0 0 0 0 0 0 26486
0 0 0.00440063 0.196936 0.43143 0.620938 0.00275639 0.00183945 0.0481985 0.197578 -16.5599 0 0 0 0 0 0 0 0 0 0 26540
0 0 0.00440063 0.196936 0.43143 0.620938 0.00275639 0.00183945 0.0481985 0.197578 -16.5599 0 0 0 0 0 0 0 0 0 0 26594
0 0 0.00341376 0.205253 2.18621 46.2073 0.00110025 0.00234449 0.122066 0.272676 -66.7614 0 0 0 0 0 0 0 0 0 0 26647
0 0 0.0585864 0.229865 0.441566 49.211 0.00115753 0.00185319 0.173716 0.195782 -87.1751 0 0 0 0 0 0 0 0 0 0 26699
0 0 0.0585864 0.229865 0.441566 49.211 0.00115753 0.00185319 0.173716 0.195782 -87.1751 0 0 0 0 0 0 0 0 0 0 26755
0 0 0.0488507 0.278895 0.450619 42.525 0.00117658 0.00187966 0.173352 0.198528 -83.6482 0 0 0 0 0 0 0 0 0 0 26808
0 0 0.0451281 0.366451 0.44098 40.6887 0.00201834 0.00181432 0.0747168 0.204419 -55.9974 0 0 0 0 0 0 0 0 0 0 26863
0 0 0.0172054 0.262134 0.444752 31.755 0.00303025 0.00135491 0.0196277 0.332812 -16.1638 0 0 0 0 0 0 0 0 0 0 26917
0 0 0.00652944 0.20782 0.451629 94.0088 0.0011735 0.000526133 0.00864361 1.46914 -19.6111 0 0 0 0 0 0 0 0 0 0 26971
0 0 0.00652944 0.20782 0.451629 94.0088 0.0011735 0.000526133 0.00864361 1.46914 -19.6111 0 0 0 0 0 0 0 0 0 0 27022
0 0 0.0157857 0.198393 0.445212 84.4999 0.00191522 0.000863993 0.0134221 0.674751 -21.9025 0 0 0 0 0 0 0 0 0 0 27071
0 0 0.00896791 0.196793 0.44864 92.8085 0.001292 0.000592716 0.00980257 1.22862 -22.2431 0 0 0 0 0 0 0 0 0 0 27125
0 0 0.0149938 0.199918 0.455152 86.4576 0.00181041 0.000832267 0.0120618 0.768956 -22.1141 0 0 0 0 0 0 0 0 0 0 27175
0 0 0.0217576 0.20192 0.470404 77.9586 0.00241415 0.00112327 0.013828 0.532104 -21.2264 0 0 0 0 0 0 0 0 0 0 27228
0 0 0.0371066 0.202912 0.461385 62.7793 0.0033806 0.00154514 0.0187134 0.30966 -21.6061 0 0 0 0 0 0 0 0 0 0 27279
0 0 0.0371066 0.202912 0.461385 62.7793 0.0033806 0.00154514 0.0187134 0.30966 -21.6061 0 0 0 0 0 0 0 0 0 0 27335
0 0 0.0407757 0.201365 0.458715 60.2135 0.00354915 0.00161522 0.0195417 0.285942 -21.6711 0 0 0 0 0 0 0 0 0 0 27386
0 0 0.0450176 0.198271 0.448459 57.3646 0.00366935 0.00167029 0.0216963 0.256658 -22.6433 0 0 0 0 0 0 0 0 0 0 27436
0 0 0.0450176 0.198271 0.448459 57.3646 0.00366935 0.00167029 0.0216963 0.256658 -22.6433 0 0 0 0 0 0 0 0 0 0 27489
0 0 0.0446598 0.196238 0.437735 57.0794 0.00337141 0.00164179 0.0252864 0.249033 -25.898 0 0 0 0 0 0 0 0 0 0 27540
0 0 0.0446598 0.196238 0.437735 57.0794 0.00337141 0.00164179 0.0252864 0.249033 -25.898 0 0 0 0 0 0 0 0 0 0 27592
0 0 0.0446598 0.196238 0.437735 57.0794 0.00337141 0.00164179 0.0252864 0.249033 -25.898 0 0 0 0 0 0 0 0 0 0 27647
0 0 0.0446598 0.196238 0.437735 57.0794 0.00337141 0.00164179 0.0252864 0.249033 -25.898 0 0 0 0 0 0 0 0 0 0 27700
0 0 0.00476666 0.223574 0.480634 0.223222 0.00588522 0.0012258 0.0350713 0.141744 0 0 0 0 0 0 0 0 0 0 0 27752
0 0 0.00251433 0.195283 0.468478 0.124035 0.00463211 0.00194326 0.019021 0.21384 0 0 0 0 0 0 0 0 0 0 0 27804
0 0 0.00251433 0.195283 0.468478 0.124035 0.00463211 0.00194326 0.019021 0.21384 0 0 0 0 0 0 0 0 0 0 0 27856
0 0 0.00227157 0.19413 0.397868 0.163317 0.00458297 0.00187518 0.0185357 0.201133 0 0 0 0 0 0 0 0 0 0 0 27911
0 0 0.002545 0.195864 0.45398 0.148107 0.00464582 0.00193634 0.0180848 0.213352 0 0 0 0 0 0 0 0 0 0 0 27960
0 0 0.00244816 0.197776 0.446978 0.239679 0.00466113 0.00185281 0.0175263 0.202657 0 0 0 0 0 0 0 0 0 0 0 28010
0 0 0.00244816 0.197776 0.446978 0.239679 0.00466113 0.00185281 0.0175263 0.202657 0 0 0 0 0 0 0 0 0 0 0 28067
0 0 0.002249 0.195096 0.446154 0.105188 0.00456813 0.00186438 0.0214348 0.20178 0 0 0 0 0 0 0 0 0 0 0 28121
0 0 0.00227019 0.194244 0.454555 0.104095 0.00451861 0.00192435 0.0216627 0.209368 0 0 0 0 0 0 0 0 0 0 0 28175
0 0 0.00223587 0.194246 0.450135 0.100407 0.00449487 0.00190062 0.0221503 0.206698 0 0 0 0 0 0 0 0 0 0 0 28227
0 0 0.00223587 0.194246 0.450135 0.100407 0.00449487 0.00190062 0.0221503 0.206698 0 0 0 0 0 0 0 0 0 0 0 28280
0 0 0.00215685 0.194675 0.441195 0.0931229 0.00447636 0.00186963 0.0228326 0.201835 0 0 0 0 0 0 0 0 0 0 0 28332
0 0 0.00217024 0.194378 0.444216 0.104731 0.00447383 0.00187833 0.0214407 0.202721 0 0 0 0 0 0 0 0 0 0 0 28382
0 0 0.00213209 0.193872 0.439404 0.110451 0.00447487 0.00187649 0.0213251 0.200943 0 0 0 0 0 0 0 0 0 0 0 28437
0 0 0.00210389 0.193849 0.433568 0.226667 0.0044808 0.00186317 0.0183558 0.197751 0 0 0 0 0 0 0 0 0 0 0 28488
0 0 0.00210389 0.193849 0.433568 0.226667 0.0044808 0.00186317 0.0183558 0.197751 0 0 0 0 0 0 0 0 0 0 0 28540
0 0 0.00209407 0.193414 0.425856 0.117394 0.00450745 0.00185288 0.0215356 0.195649 0 0 0 0 0 0 0 0 0 0 0 28595
0 0 0.00616595 0.192891 0.145703 0.399684 0.00450382 0.00186559 0.0156317 0.196347 0 0 0 0 0 0 0 0 0 0 0 28647
0 0 0.00573084 0.19226 0.159692 0.360638 0.00450574 0.00187993 0.0162849 0.196011 0 0 0 0 0 0 0 0 0 0 0 28699
0 0 0.0405707 0.191493 0.022705 5.63832 0.00449288 0.00189452 0.00834723 0.194534 -6.60516 0 0 0 0 0 0 0 0 0 0 28753
0 0 0.0357986 0.191184 0.0255722 4.76991 0.00449477 0.00188791 0.00847438 0.192593 -6.5722 0 0 0 0 0 0 0 0 0 0 28803
0 0 0.0357986 0.191184 0.0255722 4.76991 0.00449477 0.00188791 0.00847438 0.192593 -6.5722 0 0 0 0 0 0 0 0 0 0 28857
0 0 0.0758957 0.190955 0.0122304 12.7634 0.00449914 0.00187472 0.00532907 0.189649 -16.5243 0 0 0 0 0 0 0 0 0 0 28911
0 0 0.112058 0.189758 0.00852039 20.3745 0.0044861 0.00190391 0.0037054 0.187518 -23.9643 0 0 0 0 0 0 0 0 0 0 28965
0 0 0.0872899 0.189482 0.0114923 15.1433 0.00451044 0.0019166 0.00444872 0.18668 -20.0957 0 0 0 0 0 0 0 0 0 0 29015
0 0 0.137644 0.185686 0.00741307 26.1566 0.0044245 0.00204729 0.00430086 0.190533 -19.4161 0 0 0 0 0 0 0 0 0 0 29072
0 0 0.190617 0.190029 0.00621534 35.5507 0.00449117 0.00203965 0.00496673 0.192351 -16.2937 0 0 0 0 0 0 0 0 0 0 29127
0 0 0.18214 0.190003 0.00611529 34.0232 0.00450363 0.00203449 0.00490561 0.199652 -15.9386 0 0 0 0 0 0 0 0 0 0 29177
0 0 0.18214 0.190003 0.00611529 34.0232 0.00450363 0.00203449 0.00490561 0.199652 -15.9386 0 0 0 0 0 0 0 0 0 0 29232
0 0 0.210866 0.195663 0.00655639 38.4955 0.00450084 0.00208918 0.0043749 0.211472 -17.06 0 0 0 0 0 0 0 0 0 0 29283
0 0 0.24006 0.193125 0.00610742 42.8468 0.00451792 0.00235541 0.00330778 0.253124 -18.0623 0 0 0 0 0 0 0 0 0 0 29332
0 0 0.255826 0.192854 0.00899782 44.4048 0.00449166 0.00352633 0.00155702 0.437804 -18.6881 0 0 0 0 0 0 0 0 0 0 29386
0 0 0 0 0 0 0 0 0 0 0 0 0 0 0 0 0 0 0 0 0 29437
0 0 0 0 0 0 0 0 0 0 0 0 0 0 0 0 0 0 0 0 0 29492
0 0 0 0 0 0 0 0 0 0 0 0 0 0 0 0 0 0 0 0 0 29545
0 0 0.372525 0.188857 0.00931571 44.8569 0.00445054 0.00319989 0.00175999 0.379121 -23.8739 0 0 0 0 0 0 0 0 0 0 29605
0 0 0.788339 0.190694 0.00677334 45.3277 0.0044502 0.00240597 0.00283184 0.257982 -32.3623 0 0 0 0 0 0 0 0 0 0 29659
0 0 2.34434 0.193013 0.00653174 44.2062 0.00446837 0.00225275 0.00325365 0.24053 -43.3631 0 0 0 0 0 0 0 0 0 0 29710
0 0 2.19359 0.191376 0.00657052 43.9023 0.00443248 0.00212355 0.0038642 0.217016 -41.8588 0 0 0 0 0 0 0 0 0 0 29762
0 0 2.19359 0.191376 0.00657052 43.9023 0.00443248 0.00212355 0.0038642 0.217016 -41.8588 0 0 0 0 0 0 0 0 0 0 29817
0 0 2.45057 0.191123 0.00689558 42.0455 0.00442477 0.00206549 0.00422608 0.207808 -42.8863 0 0 0 0 0 0 0 0 0 0 29870
0 0 1.71746 0.190984 0.00639529 41.7547 0.00441987 0.00201802 0.00441981 0.202391 -39.1465 0 0 0 0 0 0 0 0 0 0 29922
0 0 2.43814 0.193036 0.00669834 41.0662 0.00441595 0.00207422 0.00423653 0.210995 -42.8983 0 0 0 0 0 0 0 0 0 0 29973
0 0 2.03056 0.195391 0.00659605 37.3029 0.0043886 0.00216162 0.00409876 0.220745 -41.5775 0 0 0 0 0 0 0 0 0 0 30024
0 0 2.03056 0.195391 0.00659605 37.3029 0.0043886 0.00216162 0.00409876 0.220745 -41.5775 0 0 0 0 0 0 0 0 0 0 30074
0 0 1.22781 0.198428 0.0069192 32.4536 0.00434074 0.00226483 0.00398222 0.230326 -37.1916 0 0 0 0 0 0 0 0 0 0 30130
0 0 0.169911 0.198734 0.0120299 20.1689 0.00416742 0.00272045 0.00400734 0.253505 -17.0597 0 0 0 0 0 0 0 0 0 0 30181
0 0 0.0627957 0.212831 0.0318177 9.01385 0.00380537 0.00380673 0.0037132 0.29576 -8.33274 0 0 0 0 0 0 0 0 0 0 30232
0 0 0.0336759 0.174762 0.0413448 5.13554 0.00326439 0.00680335 0.00258506 0.381733 -2.20162 0 0 0 0 0 0 0 0 0 0 30286
0 0 0.0336759 0.174762 0.0413448 5.13554 0.00326439 0.00680335 0.00258506 0.381733 -2.20162 0 0 0 0 0 0 0 0 0 0 30340
0 0 0.014923 0.180549 0.0861766 2.03734 0.00259783 0.012916 0.00225354 0.420175 0 0 0 0 0 0 0 0 0 0 0 30392
0 0 0.00513635 0.167302 0.251486 7.17152 0.001879 0.0302914 0.00202345 0.432648 0 0 0 0 0 0 0 0 0 0 0 30442
0 0 0 0 0 0 0 0 0 0 0 0 0 0 0 0 0 0 0 0 0 30496
0 0 0 0 0 0 0 0 0 0 0 0 0 0 0 0 0 0 0 0 0 30549
0 0 0.000447376 0.244547 0.185667 46.8703 0.000407262 1.83219 0.000642174 0.372012 33.8212 0 0 0 0 0 0 0 0 0 0 30602
0 0 0.000173241 0.122751 0.0791764 52.7032 0.000238892 10.4238 0.000308148 0.358927 45.4539 0 0 0 0 0 0 0 0 0 0 30652
0 0 0.000173241 0.122751 0.0791764 52.7032 0.000238892 10.4238 0.000308148 0.358927 45.4539 0 0 0 0 0 0 0 0 0 0 30704
0 0 9.0579e-05 0.0679393 0.0496709 77.0883 0.000202861 28.1171 0.000208624 0.33357 54.7978 0 0 0 0 0 0 0 0 0 0 30756
0 0 6.38126e-05 0.0216582 0.038024 92.8133 0.000166882 67.9463 8.88401e-05 0.40948 66.4905 0 0 0 0 0 0 0 0 0 0 30806
0 0 6.38126e-05 0.0216582 0.038024 92.8133 0.000166882 67.9463 8.88401e-05 0.40948 66.4905 0 0 0 0 0 0 0 0 0 0 30857
0 0 4.35568e-05 0.00476082 0.0256527 98.0458 0.000132098 92.0954 3.6913e-05 0.502669 78.0928 0 0 0 0 0 0 0 0 0 0 30909
0 0 3.11733e-05 0.000895758 0.018014 99.5182 9.27704e-05 98.5989 1.40311e-05 0.641116 91.4564 0 0 0 0 0 0 0 0 0 0 30959
0 0 3.33384e-05 0.000369686 0.0175476 99.7659 8.32072e-05 99.5169 6.49292e-06 0.896764 99.7242 0 0 0 0 0 0 0 0 0 0 31010
0 0 4.65967e-05 0.000233884 0.0268266 99.8402 7.14115e-05 99.7658 3.22337e-06 1.32846 99.7971 0 0 0 0 0 0 0 0 0 0 31064
0 0 6.24136e-05 0.000203588 0.0369255 99.8553 6.79963e-05 99.8269 2.18546e-06 1.71825 99.7987 0 0 0 0 0 0 0 0 0 0 31115
0 0 6.24136e-05 0.000203588 0.0369255 99.8553 6.79963e-05 99.8269 2.18546e-06 1.71825 99.7987 0 0 0 0 0 0 0 0 0 0 31168
0 0 7.05047e-05 0.000233702 0.0341646 99.8239 7.33594e-05 99.787 2.32291e-06 1.7607 99.5572 0 0 0 0 0 0 0 0 0 0 31221
0 0 8.84318e-05 0.000216448 0.0374159 99.8238 6.60989e-05 99.8119 1.84513e-06 2.0863 99.0829 0 0 0 0 0 0 0 0 0 0 31271
0 0 9.05885e-05 0.000199952 0.0441718 99.8266 5.27192e-05 99.8181 1.77014e-06 2.13093 98.4921 0 0 0 0 0 0 0 0 0 0 31323
0 0 9.54829e-05 0.000189283 0.0460949 99.8174 4.39724e-05 99.81 1.76198e-06 2.1772 98.0114 0 0 0 0 0 0 0 0 0 0 31374
0 0 9.54829e-05 0.000189283 0.0460949 99.8174 4.39724e-05 99.81 1.76198e-06 2.1772 98.0114 0 0 0 0 0 0 0 0 0 0 31430
0 0 9.80921e-05 0.000185139 0.0479759 99.8102 3.04669e-05 99.8026 1.78186e-06 2.19506 98.3498 0 0 0 0 0 0 0 0 0 0 31486
0 0 8.97828e-05 0.000163438 0.0380997 99.836 2.22267e-05 99.8312 1.70212e-06 2.16247 98.6049 0 0 0 0 0 0 0 0 0 0 31540
0 0 9.20923e-05 0.000159803 0.0340143 99.8336 1.45677e-05 99.83 1.69457e-06 2.2067 98.8402 0 0 0 0 0 0 0 0 0 0 31591
0 0 9.20923e-05 0.000159803 0.0340143 99.8336 1.45677e-05 99.83 1.69457e-06 2.2067 98.8402 0 0 0 0 0 0 0 0 0 0 31648
0 0 8.9467e-05 0.000152184 0.0380831 99.8466 1.29985e-05 99.8457 1.58057e-06 2.24547 98.9852 0 0 0 0 0 0 0 0 0 0 31703
0 0 8.4603e-05 0.000140583 0.0376629 99.8674 1.9084e-05 99.87 1.24465e-06 2.41229 99.2261 0 0 0 0 0 0 0 0 0 0 31757
0 0 8.13499e-05 0.000137556 0.0349705 99.8725 5.185e-05 99.873 9.04476e-07 2.64201 99.3292 0 0 0 0 0 0 0 0 0 0 31810
0 0 8.13499e-05 0.000137556 0.0349705 99.8725 5.185e-05 99.873 9.04476e-07 2.64201 99.3292 0 0 0 0 0 0 0 0 0 0 31861
0 0 8.1823e-05 0.000131639 0.045052 99.8826 7.00517e-05 99.8853 7.2881e-07 2.80122 99.4938 0 0 0 0 0 0 0 0 0 0 31913
0 0 8.35727e-05 0.000129188 0.0553415 99.8868 0.000153149 99.8895 5.47493e-07 3.08312 99.5316 0 0 0 0 0 0 0 0 0 0 31963
0 0 8.66022e-05 0.000125257 0.0582706 99.8932 9.6089e-05 99.8961 5.96893e-07 2.94794 99.6677 0 0 0 0 0 0 0 0 0 0 32015
0 0 8.66022e-05 0.000125257 0.0582706 99.8932 9.6089e-05 99.8961 5.96893e-07 2.94794 99.6677 0 0 0 0 0 0 0 0 0 0 32078
0 0 8.82095e-05 0.00012196 0.0642672 99.8985 3.80063e-05 99.9019 7.75616e-07 2.72339 99.7283 0 0 0 0 0 0 0 0 0 0 32132
0 0 8.9193e-05 0.000118439 0.0727246 99.904 1.253e-05 99.9072 1.0778e-06 2.43249 99.742 0 0 0 0 0 0 0 0 0 0 32183
0 0 8.74423e-05 0.000115161 0.0761663 99.909 6.97802e-06 99.9126 1.26128e-06 2.30465 99.7253 0 0 0 0 0 0 0 0 0 0 32238
0 0 8.74423e-05 0.000115161 0.0761663 99.909 6.97802e-06 99.9126 1.26128e-06 2.30465 99.7253 0 0 0 0 0 0 0 0 0 0 32292
0 0 9.3241e-05 0.000113574 0.0703589 99.9115 5.74494e-06 99.913 1.34684e-06 2.23028 99.542 0 0 0 0 0 0 0 0 0 0 32347
0 0 9.40521e-05 0.000114234 0.0636071 99.9107 5.4091e-06 99.91 1.37505e-06 2.22165 98.9929 0 0 0 0 0 0 0 0 0 0 32397
0 0 7.88945e-05 0.000113609 0.0451011 99.9121 5.36984e-06 99.9105 1.27817e-06 2.1951 97.2786 0 0 0 0 0 0 0 0 0 0 32447
0 0 6.30779e-05 0.000113939 0.0386379 99.9122 5.43806e-06 99.9057 1.40805e-06 2.04312 97.2396 0 0 0 0 0 0 0 0 0 0 32503
0 0 4.83409e-05 0.000114448 0.0430211 99.912 5.63608e-06 99.8943 1.82618e-06 1.73266 98.3059 0 0 0 0 0 0 0 0 0 0 32555
0 0 4.22802e-05 0.00011534 0.0428088 99.9115 5.90004e-06 99.888 1.98836e-06 1.59827 98.0683 0 0 0 0 0 0 0 0 0 0 32609
0 0 4.22802e-05 0.00011534 0.0428088 99.9115 5.90004e-06 99.888 1.98836e-06 1.59827 98.0683 0 0 0 0 0 0 0 0 0 0 32664
0 0 4.04581e-05 0.000116562 0.0378408 99.9104 6.35896e-06 99.8849 1.99596e-06 1.53331 97.5854 0 0 0 0 0 0 0 0 0 0 32714
0 0 2.92112e-05 0.000119185 0.0260793 99.9086 6.70306e-06 99.8602 2.72496e-06 1.19944 97.3633 0 0 0 0 0 0 0 0 0 0 32770
0 0 2.21995e-05 0.000125987 0.0164612 99.9028 7.01826e-06 99.8239 3.52933e-06 0.939815 96.1173 0 0 0 0 0 0 0 0 0 0 32822
0 0 1.73578e-05 0.000135784 0.00657718 99.8952 7.47809e-06 99.7775 3.81335e-06 0.757666 91.7196 0 0 0 0 0 0 0 0 0 0 32874
0 0 1.73578e-05 0.000135784 0.00657718 99.8952 7.47809e-06 99.7775 3.81335e-06 0.757666 91.7196 0 0 0 0 0 0 0 0 0 0 32928
0 0 1.20305e-05 0.000175978 0.00236067 99.8658 8.45326e-06 99.5445 8.94746e-06 0.410402 90.5875 0 0 0 0 0 0 0 0 0 0 32981
0 0 3.81588e-05 0.000364389 0.000714811 99.7244 1.14552e-05 98.5739 1.68004e-05 0.261607 81.6242 0 0 0 0 0 0 0 0 0 0 33034
0 0 0.00036088 0.00144961 0.000159002 99.0201 2.02192e-05 93.5971 2.09977e-05 0.229776 59.0962 0 0 0 0 0 0 0 0 0 0 33084
0 0 0.00154006 0.00630438 7.4961e-05 96.7924 3.51963e-05 77.5907 3.0489e-05 0.212621 43.6067 0 0 0 0 0 0 0 0 0 0 33140
0 0 0.00154006 0.00630438 7.4961e-05 96.7924 3.51963e-05 77.5907 3.0489e-05 0.212621 43.6067 0 0 0 0 0 0 0 0 0 0 33190
0 0 0.00405039 0.0454546 8.71871e-05 85.4304 7.46861e-05 33.6802 6.36517e-05 0.200517 28.6217 0 0 0 0 0 0 0 0 0 0 33241
0 0 0.0133669 0.707775 0.000227581 46.5213 0.000237968 2.75509 0.00019041 0.19703 7.21964 0 0 0 0 0 0 0 0 0 0 33296
0 0 0.0342223 4.95932 0.000531495 46.7235 0.000599627 0.282227 0.000433121 0.195317 0 0 0 0 0 0 0 0 0 0 0 33347
0 0 0.0342223 4.95932 0.000531495 46.7235 0.000599627 0.282227 0.000433121 0.195317 0 0 0 0 0 0 0 0 0 0 0 33399
0 0 0.0541644 12.7036 0.00103251 41.8766 0.00107707 0.0663628 0.000913329 0.195177 0 0 0 0 0 0 0 0 0 0 0 33450
0 0 0.086322 22.2364 0.0020433 37.7281 0.0019352 0.0155085 0.00183213 0.195279 -5.7177 0 0 0 0 0 0 0 0 0 0 33505
0 0 0.119905 25.4693 0.00243465 40.0517 0.00250252 0.00828915 0.00226927 0.197375 -10.8231 0 0 0 0 0 0 0 0 0 0 33560
0 0 0.199602 46.2101 0.00312552 44.1103 0.00366746 0.00322754 0.00254704 0.194874 -23.1638 0 0 0 0 0 0 0 0 0 0 33613
0 0 0.1946 47.741 0.00318939 43.2276 0.00366767 0.00322001 0.00226489 0.19438 -25.6728 0 0 0 0 0 0 0 0 0 0 33668
0 0 0.1946 47.741 0.00318939 43.2276 0.00366767 0.00322001 0.00226489 0.19438 -25.6728 0 0 0 0 0 0 0 0 0 0 33719
0 0 0.221332 47.1626 0.00306098 46.101 0.00383857 0.00285917 0.00262302 0.193607 -24.5023 0 0 0 0 0 0 0 0 0 0 33774
0 0 0.217752 32.9676 0.00344778 43.5912 0.00405132 0.00249354 0.00319601 0.193908 -22.7409 0 0 0 0 0 0 0 0 0 0 33826
0 0 0.217701 21.0217 0.00376468 42.0009 0.00427744 0.00218461 0.00408801 0.193968 -20.047 0 0 0 0 0 0 0 0 0 0 33879
0 0 0.238817 22.6246 0.00363105 44.174 0.00439065 0.00204675 0.00434625 0.1942 -19.8007 0 0 0 0 0 0 0 0 0 0 33932
0 0 0.238817 22.6246 0.00363105 44.174 0.00439065 0.00204675 0.00434625 0.1942 -19.8007 0 0 0 0 0 0 0 0 0 0 33986
0 0 0.244924 8.31394 0.00364308 44.4484 0.00444937 0.00196268 0.00460146 0.193692 -19.1744 0 0 0 0 0 0 0 0 0 0 34042
0 0 0.239414 3.99523 0.00376338 43.3837 0.0044755 0.00192582 0.00479085 0.192923 -18.6151 0 0 0 0 0 0 0 0 0 0 34093
0 0 0.195387 2.19414 0.00461497 36.4068 0.00449848 0.00189194 0.005199 0.193415 -17.0982 0 0 0 0 0 0 0 0 0 0 34145
0 0 0.195387 2.19414 0.00461497 36.4068 0.00449848 0.00189194 0.005199 0.193415 -17.0982 0 0 0 0 0 0 0 0 0 0 34197
0 0 0.0479089 0.446406 0.0185453 7.05314 0.00450098 0.00186361 0.00829761 0.193451 -7.43973 0 0 0 0 0 0 0 0 0 0 34252
0 0 0.0479089 0.446406 0.0185453 7.05314 0.00450098 0.00186361 0.00829761 0.193451 -7.43973 0 0 0 0 0 0 0 0 0 0 34305
0 0 0.0261849 0.329992 0.0336445 3.09742 0.00449842 0.00186562 0.0100848 0.19377 -3.25222 0 0 0 0 0 0 0 0 0 0 34359
0 0 0.0155667 0.288146 0.0562958 1.4923 0.00449951 0.00186496 0.0119578 0.194145 0 0 0 0 0 0 0 0 0 0 0 34413
0 0 0.00635018 0.259105 0.135769 0.418453 0.00450211 0.00185888 0.0161361 0.193954 0 0 0 0 0 0 0 0 0 0 0 34470
0 0 0.00331804 0.231202 0.258351 0.165661 0.00450651 0.00186419 0.0198905 0.195355 0 0 0 0 0 0 0 0 0 0 0 34526
0 0 0.00307039 0.216139 0.281799 0.147588 0.00451103 0.00186981 0.0202104 0.19719 0 0 0 0 0 0 0 0 0 0 0 34582
0 0 0.00308961 0.204762 0.283004 0.148157 0.00451311 0.0018776 0.0199993 0.198936 0 0 0 0 0 0 0 0 0 0 0 34633
0 0 0.00402065 0.200637 0.226846 0.210491 0.00451916 0.0019126 0.0177383 0.204412 0 0 0 0 0 0 0 0 0 0 0 34684
0 0 0.0033154 0.198465 0.286243 0.157824 0.00452868 0.00197642 0.0177741 0.214358 0 0 0 0 0 0 0 0 0 0 0 34736
0 0 0.0033154 0.198465 0.286243 0.157824 0.00452868 0.00197642 0.0177741 0.214358 0 0 0 0 0 0 0 0 0 0 0 34787
0 0 0.00430505 0.196752 0.221105 0.220932 0.00453925 0.00192121 0.0173102 0.206566 0 0 0 0 0 0 0 0 0 0 0 34839
0 0 0.00355589 0.195335 0.263838 0.168942 0.0045415 0.00190552 0.0185992 0.204176 0 0 0 0 0 0 0 0 0 0 0 34895
0 0 0.00340911 0.194757 0.272443 0.159889 0.00454224 0.00189147 0.0190601 0.202014 0 0 0 0 0 0 0 0 0 0 0 34950
0 0 0.00312675 0.195122 0.299638 0.140918 0.0045437 0.00190602 0.0193926 0.203963 0 0 0 0 0 0 0 0 0 0 0 35003
0 0 0.00312675 0.195122 0.299638 0.140918 0.0045437 0.00190602 0.0193926 0.203963 0 0 0 0 0 0 0 0 0 0 0 35054
0 0 0.00291657 0.195195 0.320646 0.126791 0.00454545 0.00189612 0.0200038 0.202244 0 0 0 0 0 0 0 0 0 0 0 35108
0 0 0.00225697 0.194337 0.406958 0.0895901 0.00454356 0.00189165 0.0220164 0.201209 0 0 0 0 0 0 0 0 0 0 0 35159
0 0 0.00213412 0.194416 0.430335 0.0898268 0.00454187 0.00189769 0.0223979 0.201866 0 0 0 0 0 0 0 0 0 0 0 35209
0 0 0.00213412 0.194416 0.430335 0.0898268 0.00454187 0.00189769 0.0223979 0.201866 0 0 0 0 0 0 0 0 0 0 0 35263
0 0 0.00205106 0.194574 0.435879 0.0867175 0.00454127 0.00188422 0.0230157 0.19949 0 0 0 0 0 0 0 0 0 0 0 35316
0 0 0.00208705 0.195774 0.443532 0.0903805 0.00454152 0.00190787 0.0226772 0.202547 0 0 0 0 0 0 0 0 0 0 0 35372
0 0 0.002116 0.197639 0.451911 0.0947931 0.0045459 0.00191002 0.0229468 0.202389 0 0 0 0 0 0 0 0 0 0 0 35428
0 0 0.00224784 0.203722 0.455023 0.111097 0.00457168 0.00192852 0.0232353 0.205887 0 0 0 0 0 0 0 0 0 0 0 35480
0 0 0.00224784 0.203722 0.455023 0.111097 0.00457168 0.00192852 0.0232353 0.205887 0 0 0 0 0 0 0 0 0 0 0 35530
0 0 0.00215547 0.217203 0.443816 0.106126 0.00463803 0.00189811 0.0251604 0.204344 0 0 0 0 0 0 0 0 0 0 0 35585
0 0 0.0022937 0.234913 0.442147 0.127299 0.00471614 0.00188475 0.0268946 0.204454 0 0 0 0 0 0 0 0 0 0 0 35636
0 0 0.00233148 0.246718 0.450517 0.12437 0.00455827 0.00193586 0.0245838 0.200469 0 0 0 0 0 0 0 0 0 0 0 35687
0 0 0.00240122 0.225225 0.495132 0.134576 0.00442242 0.00215016 0.0209886 0.213593 0 0 0 0 0 0 0 0 0 0 0 35739
0 0 0.00240122 0.225225 0.495132 0.134576 0.00442242 0.00215016 0.0209886 0.213593 0 0 0 0 0 0 0 0 0 0 0 35791
0 0 0.00353141 0.211416 0.716385 0.276201 0.00419597 0.00308618 0.0127763 0.292968 0 0 0 0 0 0 0 0 0 0 0 35842
0 0 0.00852165 0.171489 1.30158 1.18095 0.00351749 0.00690032 0.00544152 0.48174 0 0 0 0 0 0 0 0 0 0 0 35894
0 0 0.018533 0.105482 1.70149 9.65523 0.00234705 0.0334609 0.00125602 1.05535 2.99453 0 0 0 0 0 0 0 0 0 0 35944
0 0 0.0148945 0.0549011 1.46024 24.3401 0.00138997 0.163523 0.000438266 1.55003 12.8494 0 0 0 0 0 0 0 0 0 0 35995
0 0 0.0148945 0.0549011 1.46024 24.3401 0.00138997 0.163523 0.000438266 1.55003 12.8494 0 0 0 0 0 0 0 0 0 0 36045
0 0 0.0115455 0.0234054 1.03981 41.8639 0.000684677 1.15338 0.00014624 2.05449 24.6103 0 0 0 0 0 0 0 0 0 0 36096
0 0 0.00824045 0.0136837 0.723474 47.2578 0.000438867 3.68601 8.33435e-05 2.21166 32.1697 0 0 0 0 0 0 0 0 0 0 36147
0 0 0.00300948 0.00543878 0.273393 47.7697 0.000199111 22.3459 3.64486e-05 2.22028 45.668 0 0 0 0 0 0 0 0 0 0 36198
0 0 0.000916111 0.00196918 0.087166 84.3352 8.53566e-05 71.9322 1.59001e-05 2.07547 60.6597 0 0 0 0 0 0 0 0 0 0 36249
0 0 0.000499315 0.00136383 0.0513516 91.6072 6.4947e-05 83.9924 1.3126e-05 1.83141 65.5614 0 0 0 0 0 0 0 0 0 0 36300
0 0 0.000499315 0.00136383 0.0513516 91.6072 6.4947e-05 83.9924 1.3126e-05 1.83141 65.5614 0 0 0 0 0 0 0 0 0 0 36350
0 0 0.000437369 0.00146958 0.0406717 90.8447 7.14219e-05 81.3387 1.48124e-05 1.65137 63.7776 0 0 0 0 0 0 0 0 0 0 36401
0 0 0.000253131 0.00112658 0.0246169 94.128 6.69854e-05 86.3979 1.52671e-05 1.30707 66.3965 0 0 0 0 0 0 0 0 0 0 36452
0 0 0.000128909 0.000523926 0.0108787 98.498 4.17795e-05 96.9371 7.24832e-06 1.29487 76.2224 0 0 0 0 0 0 0 0 0 0 36504
0 0 5.92916e-05 0.00023415 0.00444153 99.6608 2.34117e-05 99.4126 3.67166e-06 1.22499 90.8383 0 0 0 0 0 0 0 0 0 0 36554
0 0 4.04417e-05 0.000155702 0.0009723 99.8412 1.96276e-05 99.7503 1.70429e-06 1.20324 85.2288 0 0 0 0 0 0 0 0 0 0 36606
0 0 5.78265e-05 0.000155194 0.000212441 99.8434 2.0026e-05 99.7554 1.07517e-06 1.21138 76.6738 0 0 0 0 0 0 0 0 0 0 36658
0 0 8.93378e-05 0.000168513 0.000129466 99.8215 1.96448e-05 99.6621 1.59849e-06 0.955451 77.0373 0 0 0 0 0 0 0 0 0 0 36710
0 0 0.000248671 0.000219366 6.06755e-05 99.724 1.90753e-05 99.3346 2.17878e-06 0.745731 70.4595 0 0 0 0 0 0 0 0 0 0 36762
0 0 0.000398538 0.000396775 8.72082e-05 99.3169 2.40912e-05 97.8466 4.60303e-06 0.610034 60.7657 0 0 0 0 0 0 0 0 0 0 36814
0 0 0.000721632 0.000612642 8.12667e-05 98.5827 2.98091e-05 93.4291 1.13015e-05 0.395191 52.1195 0 0 0 0 0 0 0 0 0 0 36866
0 0 0.000721632 0.000612642 8.12667e-05 98.5827 2.98091e-05 93.4291 1.13015e-05 0.395191 52.1195 0 0 0 0 0 0 0 0 0 0 36917
0 0 0.0016577 0.00217405 0.000206598 92.5063 6.17761e-05 64.6178 3.00677e-05 0.358033 36.3164 0 0 0 0 0 0 0 0 0 0 36968
0 0 0.0144265 0.0153375 0.000278517 50.4841 0.000186926 8.15516 9.50196e-05 0.284684 7.72643 0 0 0 0 0 0 0 0 0 0 37020
0 0 0.0441477 0.0977857 0.000667943 31.2279 0.000490701 0.731969 0.000310809 0.258549 0 0 0 0 0 0 0 0 0 0 0 37071
0 0 0.0517085 0.293786 0.00189993 18.1764 0.000932626 0.123138 0.000960555 0.221053 0 0 0 0 0 0 0 0 0 0 0 37121
0 0 0.0375395 0.343294 0.00426049 8.94063 0.00120404 0.0597243 0.00167903 0.211969 0 0 0 0 0 0 0 0 0 0 0 37174
0 0 0.00989081 0.231374 0.0174333 1.6571 0.00146286 0.0353385 0.00322215 0.20937 0 0 0 0 0 0 0 0 0 0 0 37226
0 0 0.00950709 0.218838 0.0373981 1.09338 0.00236294 0.0102881 0.00601236 0.205246 0 0 0 0 0 0 0 0 0 0 0 37276
0 0 0.00754994 0.229243 0.0904568 0.516297 0.00342444 0.00396724 0.0107754 0.201703 0 0 0 0 0 0 0 0 0 0 0 37327
0 0 0.00754994 0.229243 0.0904568 0.516297 0.00342444 0.00396724 0.0107754 0.201703 0 0 0 0 0 0 0 0 0 0 0 37377
0 0 0.00415545 0.212135 0.169509 0.238194 0.00376475 0.00303988 0.0145878 0.199302 0 0 0 0 0 0 0 0 0 0 0 37429
0 0 0.00261398 0.201438 0.303569 0.116346 0.00412901 0.00237955 0.0192357 0.197686 0 0 0 0 0 0 0 0 0 0 0 37481
0 0 0.00224173 0.194113 0.385175 0.0998025 0.00430991 0.00212346 0.0216273 0.196933 0 0 0 0 0 0 0 0 0 0 0 37533
0 0 0.00246434 0.192729 0.407824 0.120118 0.00442905 0.00198084 0.0223982 0.197046 0 0 0 0 0 0 0 0 0 0 0 37584
0 0 0.00308062 0.192898 0.411795 0.179674 0.00449765 0.00190095 0.0227003 0.196603 0 0 0 0 0 0 0 0 0 0 0 37636
0 0 0.00308062 0.192898 0.411795 0.179674 0.00449765 0.00190095 0.0227003 0.196603 0 0 0 0 0 0 0 0 0 0 0 37688
0 0 0.00381764 0.192849 0.423423 0.276426 0.00452386 0.0018637 0.023015 0.195268 0 0 0 0 0 0 0 0 0 0 0 37739
0 0 0.0042456 0.192734 0.442499 0.333991 0.00453312 0.00184755 0.0230987 0.194324 0 0 0 0 0 0 0 0 0 0 0 37791
