0 0 0 0 0 0 0 0 0 0 0 -2.75477 3.04073 58.8633 4.13388 -1.02187 68.1517 2.66151 3.79407 0.379624 0.687234 66136
0 0 0 0 0 0 0 0 0 0 0 -2.76145 3.02741 58.8603 4.12933 -0.994772 68.1338 2.72247 3.8781 0.379877 0.68711 66205
0 0 0 0 0 0 0 0 0 0 0 -2.76534 3.02064 58.86 4.12451 -0.980734 68.1259 2.72375 3.91343 0.379752 0.687098 66257
0 0 0 0 0 0 0 0 0 0 0 -2.73595 3.02557 58.796 4.10784 -0.969174 68.1264 2.64377 3.94459 0.380398 0.686813 66318
0 0 0 0 0 0 0 0 0 0 0 -2.74108 3.02792 58.8117 4.10014 -0.957982 68.1222 2.67473 3.95636 0.381389 0.68644 66371
0 0 0 0 0 0 0 0 0 0 0 -2.7229 3.04908 58.7982 4.09938 -0.959382 68.1237 2.66209 3.98496 0.381476 0.686473 66422
0 0 0 0 0 0 0 0 0 0 0 -2.77719 3.23256 59.2162 4.10258 -0.934262 68.1033 2.6788 4.01545 0.381535 0.68643 66479
0 0 0 0 0 0 0 0 0 0 0 -2.78631 3.31868 59.3871 4.10349 -0.92418 68.0953 2.70358 4.05488 0.38178 0.686294 66535
0 0 0 0 0 0 0 0 0 0 0 -2.8483 3.19362 59.3463 4.09327 -0.925078 68.1015 2.73932 4.07904 0.123339 0.719099 66591
0 0 0.00192531 0.192603 0.428802 0.0814348 0.00458886 0.00184375 0.0252307 0.198926 0 -2.8044 3.21571 59.262 3.97088 -0.905467 68.1552 2.73384 4.10393 0.124392 0.715103 66649
0 0 0 0 0 0 0 0 0 0 0 -2.11275 2.65269 50.3505 2.96733 -0.661704 68.615 2.6439 4.05143 0.383463 0.688154 66699
0 0 0 0 0 0 0 0 0 0 0 -2.11299 2.66601 50.3654 2.96042 -0.677252 68.6318 2.69869 4.06063 0.437567 0.666104 66757
0 0 0 0 0 0 0 0 0 0 0 -2.13612 2.67217 50.4149 2.96987 -0.694794 68.6383 2.76499 4.05301 0.452074 0.659788 66828
0 0 0 0 0 0 0 0 0 0 0 -1.28106 2.51361 48.9416 1.07557 0.244314 69.6146 2.80142 4.07276 0.452299 0.659871 66885
0 0 0 0 0 0 0 0 0 0 0 -1.28106 2.51361 48.9416 1.07557 0.244314 69.6146 2.80142 4.07276 0.452299 0.659871 66938
0 0 0 0 0 0 0 0 0 0 0 -1.04329 2.51071 48.6399 0.0854496 0.828032 70.3812 2.74329 3.93508 0.653818 0.578174 66989
0 0 0 0 0 0 0 0 0 0 0 -1.0625 2.54618 48.6916 0.0652042 0.817049 70.4167 2.75413 3.94175 0.655247 0.578029 67051
0 0 0 0 0 0 0 0 0 0 0 -1.05658 2.56013 48.6956 0.0600163 0.818174 70.423 2.70466 3.8802 0.654649 0.576306 67106
0 0 0 0 0 0 0 0 0 0 0 -1.10801 2.56121 48.76 0.0485174 0.806844 70.4471 2.63664 3.7715 0.656962 0.574321 67167
0 0 0.00193962 0.192605 0.428402 0.0811441 0.00457115 0.00184199 0.0248988 0.197841 0 -1.57121 2.29882 49.1561 1.55975 0.794436 68.775 2.59806 3.67231 0.658347 0.573829 67222
0 0 0.00193962 0.192605 0.428402 0.0811441 0.00457115 0.00184199 0.0248988 0.197841 0 -3.021 1.16462 50.7081 3.48633 1.13117 67.2162 2.63423 3.74357 0.658442 0.576269 67272
0 0 0 0 0 0 0 0 0 0 0 -2.99999 1.23772 50.7258 3.37818 1.09803 67.2931 2.57918 3.63807 0.390869 0.687168 67351
0 0 0 0 0 0 0 0 0 0 0 -2.21024 1.03375 49.167 3.96427 1.46659 66.8188 2.64752 2.97383 0.394755 0.687951 67409
0 0 0 0 0 0 0 0 0 0 0 0 0 0 0 0 0 0 0 0.153465 0.673351 67460
0 0 0.00195063 0.192611 0.428782 0.0813761 0.00456653 0.00184309 0.0247078 0.197545 0 -2.36097 1.68097 49.8713 3.90652 0.29153 67.4153 2.44424 3.53988 0.309849 0.679592 67510
0 0 0 0 0 0 0 0 0 0 0 -1.52718 2.65485 49.4028 2.22594 -0.266775 68.8966 2.51103 3.48733 0.14962 0.677087 67565
0 0 0 0 0 0 0 0 0 0 0 -1.28288 3.30738 49.6938 1.76568 -0.992988 69.9249 2.59625 3.58392 0.423198 0.68158 67621
0 0 0 0 0 0 0 0 0 0 0 -1.38608 3.28501 49.8247 1.70013 -0.930904 69.9341 2.54681 3.59074 0.512327 0.584882 67673
0 0 0.0019519 0.192613 0.428878 0.0814487 0.00456474 0.00184343 0.0246915 0.197607 0 -1.39762 3.27512 49.8316 1.72646 -0.935892 69.9116 2.54329 3.58275 0.516472 0.58445 67725
0 0 0 0 0 0 0 0 0 0 0 -1.52955 3.17849 49.9313 1.83093 -0.854845 69.7321 2.58116 3.65404 0.516864 0.584788 67784
0 0 0 0 0 0 0 0 0 0 0 -1.56771 3.15941 49.9712 1.85029 -0.829717 69.6905 2.61912 3.64807 0.513123 0.598381 67842
0 0 0 0 0 0 0 0 0 0 0 -1.56342 3.15699 49.9616 1.8534 -0.820271 69.6791 2.65159 3.6999 0.51383 0.599518 67900
0 0 0 0 0 0 0 0 0 0 0 -1.57775 3.13087 49.9559 1.86989 -0.809856 69.6538 2.68205 3.80003 0.513282 0.600074 67957
0 0 0 0 0 0 0 0 0 0 0 -1.56195 3.13014 49.9299 1.85919 -0.803294 69.6584 2.66631 3.8411 0.513801 0.601274 68013
0 0 0 0 0 0 0 0 0 0 0 -1.56696 3.12355 49.9307 1.88094 -0.800744 69.6351 2.67963 3.86131 0.514289 0.601061 68064
0 0 0 0 0 0 0 0 0 0 0 -1.55497 3.13295 49.9219 1.9012 -0.809338 69.6231 2.70715 3.89389 0.513225 0.601863 68123
0 0 0 0 0 0 0 0 0 0 0 -1.57288 3.11088 49.9264 1.91959 -0.805707 69.6022 2.7529 3.9214 0.513225 0.601863 68186
0 0 0 0 0 0 0 0 0 0 0 -1.59369 3.08706 49.9338 1.92934 -0.780195 69.5706 2.78212 3.96551 0.510439 0.604589 68378
0 0 0.00192035 0.192625 0.427359 0.0803466 0.0045839 0.00183689 0.0252686 0.197625 0 -1.56751 3.08848 49.8937 1.96667 -0.805751 69.5574 2.84901 4.019 0.509071 0.606771 68436
0 0 0 0 0 0 0 0 0 0 0 -1.04977 2.65502 48.7647 0.332141 0.436788 70.35 2.88656 4.02565 0.50789 0.607709 68496
0 0 0.00193102 0.192615 0.427315 0.0803265 0.00457192 0.00183713 0.0250298 0.197099 0 -1.1165 2.64966 48.8436 0.39785 0.398364 70.2949 2.90143 3.99186 0.57334 0.569492 68554
0 0 0 0 0 0 0 0 0 0 0 -1.09172 2.64814 48.8112 0.818857 0.307861 69.8526 2.85616 3.97899 0.631133 0.556178 68621
0 0 0 0 0 0 0 0 0 0 0 0.931113 3.32674 47.3471 0 0 0 2.71332 0 0.591098 0.577982 68680
0 0 0 0 0 0 0 0 0 0 0 0.931113 3.32674 47.3471 0 0 0 2.71332 0 0.591098 0.577982 68731
0 0 0 0 0 0 0 0 0 0 0 0.301786 3.08666 47.687 -0.353788 0.483847 71.3177 2.88563 3.89934 0.602747 0.404628 68784
0 0 0 0 0 0 0 0 0 0 0 0.194867 3.06399 47.7661 -0.489174 0.539252 71.4961 2.86113 3.81536 0.621839 0.403593 68839
0 0 0 0 0 0 0 0 0 0 0 0.165374 3.04702 47.78 -0.523947 0.550855 71.546 2.8482 3.83249 0.635684 0.399156 68891
0 0 0 0 0 0 0 0 0 0 0 0.134239 3.06163 47.8202 -0.5416 0.537904 71.5894 2.81694 3.7168 0.640518 0.391834 68956
0 0 0 0 0 0 0 0 0 0 0 0.117847 3.0597 47.8339 -0.584138 0.554262 71.65 2.8177 3.65848 0.641235 0.390124 69019
0 0 0 0 0 0 0 0 0 0 0 0.105714 3.0596 47.8452 -0.60313 0.549556 71.689 2.77054 3.63153 0.644655 0.385533 69085
0 0 0 0 0 0 0 0 0 0 0 0.105714 3.0596 47.8452 -0.60313 0.549556 71.689 2.77054 3.63153 0.644655 0.385533 69148
0 0 0 0 0 0 0 0 0 0 0 0.107513 3.08066 47.86 -0.617958 0.521942 71.743 2.72798 3.52626 0.64437 0.38006 69209
0 0 0 0 0 0 0 0 0 0 0 0.108552 3.08077 47.8591 -0.605388 0.507017 71.7346 2.71205 3.50722 0.643311 0.378878 69260
0 0 0 0 0 0 0 0 0 0 0 0.0683418 3.08545 47.9007 -0.59894 0.500287 71.7293 2.69639 3.5079 0.641 0.378467 69322
0 0 0.00191401 0.192623 0.428457 0.0811829 0.00459663 0.00184188 0.0254519 0.199177 0 0.0527797 3.07543 47.9076 -0.579712 0.498939 71.6955 2.67837 3.50177 0.640849 0.379633 69384
0 0 0.00192806 0.192611 0.428297 0.0810878 0.00458033 0.00184163 0.0251376 0.198392 0 0.0434959 3.06807 47.9106 -0.579712 0.498939 71.6955 2.7064 3.50177 0.641302 0.380389 69438
0 0 0 0 0 0 0 0 0 0 0 0.0213128 3.05506 47.9215 -0.544864 0.506284 71.6255 2.69321 3.5082 0.643084 0.385224 69498
0 0 0 0 0 0 0 0 0 0 0 0.0123791 3.04463 47.9218 -0.544757 0.521152 71.611 2.69879 3.50771 0.643144 0.389946 69558
0 0 0 0 0 0 0 0 0 0 0 -0.00176378 3.03204 47.9255 -0.531364 0.526216 71.7896 2.70624 3.52451 0.645658 0.393799 69619
0 0 0 0 0 0 0 0 0 0 0 0.00715064 3.03273 47.9175 -0.504813 0.515482 71.753 2.70818 3.53236 0.644575 0.395934 69671
0 0 0 0 0 0 0 0 0 0 0 -0.758058 2.05083 47.9827 -0.485724 1.67762 70.8193 2.73588 3.67842 0.646032 0.401718 69734
0 0 0 0 0 0 0 0 0 0 0 -0.747204 2.0852 47.9939 -0.477354 1.65985 70.818 2.75899 3.67042 0.698563 0.633771 69802
0 0 0 0 0 0 0 0 0 0 0 -0.729574 2.11435 47.9945 -0.454206 1.62839 70.8034 2.75099 3.66864 0.696063 0.629088 69854
0 0 0 0 0 0 0 0 0 0 0 -0.721482 2.11575 47.9868 -0.454014 1.64039 70.7955 2.76467 3.68586 0.696808 0.62808 69908
0 0 0.00191849 0.192593 0.428156 0.081016 0.0045871 0.00184148 0.02533 0.198751 0 -0.745828 2.0992 48.0017 -0.424682 1.64301 70.7506 2.78078 3.71664 0.6951 0.629952 69966
0 0 0 0 0 0 0 0 0 0 0 -0.749974 2.08723 47.9982 -0.402842 1.6637 70.7058 2.79385 3.70038 0.69188 0.634141 70018
0 0 0 0 0 0 0 0 0 0 0 -1.1497 1.83949 48.2808 0.0700584 1.71863 70.0366 2.78094 3.7622 0.684159 0.644596 70085
0 0 0 0 0 0 0 0 0 0 0 -1.13691 1.85657 48.2772 0.058141 1.72139 70.05 2.80014 3.75856 0.635657 0.69028 70138
0 0 0.00192235 0.192603 0.428088 0.080922 0.00458425 0.00184071 0.0252585 0.198391 0 -1.1494 1.84934 48.287 0.0818111 1.69792 70.0334 2.76249 3.78036 0.636526 0.686613 70200
0 0 0.00193443 0.192602 0.427928 0.0807794 0.00457184 0.00184004 0.024992 0.197592 0 -0.858336 2.2869 48.2552 0.0122117 1.15591 70.4545 2.76123 3.79206 0.635142 0.687772 70259
0 0 0 0 0 0 0 0 0 0 0 -0.924412 2.24172 48.2975 0.0458764 1.1669 70.4024 2.7309 3.7734 0.65864 0.603741 70319
0 0 0 0 0 0 0 0 0 0 0 -1.01636 2.20849 48.3796 0.183457 1.1671 70.2242 2.70862 3.72821 0.656305 0.607988 70379
0 0 0 0 0 0 0 0 0 0 0 -1.0744 2.19536 48.4383 0.277233 1.14501 70.121 2.69948 3.69806 0.646976 0.625391 70432
0 0 0 0 0 0 0 0 0 0 0 -1.11503 2.19428 48.4858 0.319905 1.10879 70.0917 2.66462 3.70247 0.636822 0.631202 70490
0 0 0 0 0 0 0 0 0 0 0 -1.06961 2.03661 48.3204 0.145854 1.34254 70.1609 2.67661 3.68496 0.631814 0.631537 70543
0 0 0.00195023 0.192631 0.427561 0.0804405 0.00455761 0.00183753 0.0246506 0.196305 0 -1.04964 2.12189 48.3566 0.464756 1.16127 69.8853 2.65538 3.62049 0.642712 0.648366 70594
0 0 0 0 0 0 0 0 0 0 0 -0.5193 2.36651 47.9466 0 0 0 2.65768 0 0.637488 0.641547 70644
0 0 0 0 0 0 0 0 0 0 0 -0.348213 2.43329 47.8201 0 0 0 2.71464 0 1.00327 0.803673 70701
0 0 0 0 0 0 0 0 0 0 0 -0.620703 2.13679 47.8949 -0.942703 2.05716 71.3111 2.71104 3.56596 0.190541 0.70051 70757
0 0 0 0 0 0 0 0 0 0 0 -0.656426 2.10952 47.914 0.0438209 1.43096 70.2369 2.71397 3.65017 0.639931 0.612195 70809
0 0 0 0 0 0 0 0 0 0 0 -0.656426 2.10952 47.914 0.0438209 1.43096 70.2369 2.71397 3.65017 0.639931 0.612195 70865
0 0 0 0 0 0 0 0 0 0 0 -0.730704 2.0715 47.9672 -0.0344947 1.46279 70.3196 2.7631 3.7873 0.652553 0.635447 70915
0 0 0.00193736 0.192618 0.428113 0.0808746 0.00457045 0.00184059 0.0249352 0.19766 0 -0.825857 1.99857 48.0212 0.0398328 1.49878 70.2011 2.80189 3.81288 0.654508 0.635965 70973
0 0 0.00193736 0.192618 0.428113 0.0808746 0.00457045 0.00184059 0.0249352 0.19766 0 -0.842257 1.9785 48.0258 0.0610087 1.50961 70.1676 2.83616 3.86893 0.655128 0.639241 71023
0 0 0 0 0 0 0 0 0 0 0 -0.843949 1.9786 48.0277 0.0686212 1.4909 70.169 2.8346 3.92065 0.646793 0.655046 71079
0 0 0 0 0 0 0 0 0 0 0 -0.826673 1.9887 48.0156 0.0647567 1.48661 70.1765 2.87017 3.90264 0.645968 0.653659 71130
0 0 0 0 0 0 0 0 0 0 0 -0.81922 1.99703 48.013 0.0727684 1.46855 70.1771 2.8668 3.96036 0.64539 0.651634 71180
0 0 0 0 0 0 0 0 0 0 0 -0.81922 1.99703 48.013 0.0727684 1.46855 70.1771 2.8668 3.96036 0.64539 0.651634 71239
0 0 0 0 0 0 0 0 0 0 0 -0.796292 2.00214 47.9916 0.067474 1.48982 70.1711 2.83467 3.92446 0.645983 0.647368 71305
0 0 0 0 0 0 0 0 0 0 0 -1.01793 2.43198 48.5479 0.831223 0.551503 69.8682 2.7187 3.94046 0.646207 0.648736 71364
0 0 0 0 0 0 0 0 0 0 0 -1.05261 2.41618 48.5773 0.780202 0.590105 69.8985 2.72685 3.91493 0.619438 0.632404 71422
0 0 0 0 0 0 0 0 0 0 0 -1.05375 2.42205 48.5832 0.746228 0.60554 69.9262 2.71244 3.90959 0.597853 0.605315 71481
0 0 0 0 0 0 0 0 0 0 0 -1.05375 2.42205 48.5832 0.746228 0.60554 69.9262 2.71244 3.90959 0.597853 0.605315 71535
0 0 0 0 0 0 0 0 0 0 0 -1.02974 2.45365 48.5788 0.70449 0.558566 70.0072 2.7112 3.8942 0.602346 0.5999 71590
0 0 0 0 0 0 0 0 0 0 0 -1.02378 2.47127 48.5853 0.682347 0.549623 70.0393 2.71428 3.86032 0.603078 0.597659 71645
0 0 0 0 0 0 0 0 0 0 0 -1.03903 2.46188 48.5963 0.677797 0.554766 70.0409 2.69114 3.84627 0.605618 0.594694 71704
0 0 0 0 0 0 0 0 0 0 0 -1.02992 2.45573 48.5806 0.659566 0.572956 70.0492 2.69665 3.86879 0.605981 0.59559 71759
0 0 0 0 0 0 0 0 0 0 0 -1.02764 2.46343 48.5838 0.655248 0.56199 70.0621 2.7154 3.83274 0.60729 0.595302 71814
0 0 0 0 0 0 0 0 0 0 0 -1.05 2.47307 48.6183 0.71842 0.530217 70.0114 2.68761 3.84166 0.607507 0.59397 71875
0 0 0 0 0 0 0 0 0 0 0 -1.06731 2.48502 48.6488 0.743337 0.508447 69.9983 2.70538 3.84356 0.607842 0.59469 71928
0 0 0.00193456 0.192624 0.427333 0.0802861 0.00457126 0.00183686 0.0249474 0.196819 0 -1.1087 2.45145 48.673 0.683353 0.545433 70.0411 2.73452 3.83642 0.600921 0.596775 71980
0 0 0 0 0 0 0 0 0 0 0 -1.14444 2.4406 48.7086 0.621152 0.587022 70.0842 2.72608 3.88111 0.602271 0.59633 72040
0 0 0 0 0 0 0 0 0 0 0 -1.19006 2.41733 48.7471 0.570027 0.619779 70.1215 2.74466 3.88413 0.606278 0.598512 72094
0 0 0 0 0 0 0 0 0 0 0 -1.18893 2.41783 48.7461 0.532785 0.649393 70.145 2.74483 3.86384 0.613051 0.601581 72152
0 0 0 0 0 0 0 0 0 0 0 -2.66047 1.48486 50.2496 4.18907 0.594448 67.3158 2.62272 3.91696 0.612912 0.632504 72229
0 0 0 0 0 0 0 0 0 0 0 -3.12089 1.40391 51.1563 4.44322 0.586871 67.2008 2.71637 3.97178 0.391608 0.686479 72287
0 0 0 0 0 0 0 0 0 0 0 0 0 0 0 0 0 0 0 0.342236 0.683118 72345
0 0 0 0 0 0 0 0 0 0 0 0 0 0 0 0 0 0 0 1.00327 0.803673 72397
0 0 0 0 0 0 0 0 0 0 0 -1.02086 2.03031 48.2598 2.35706 0.576979 68.4468 2.70599 3.39355 0.3876 0.686485 72452
0 0 0 0 0 0 0 0 0 0 0 -0.184464 2.14221 47.4701 -0.347486 1.49246 70.7337 2.77305 3.75946 0.144445 0.703531 72503
0 0 0 0 0 0 0 0 0 0 0 -0.375215 2.1502 47.6567 -0.365525 1.5402 70.7292 2.76407 3.74689 0.688044 0.595436 72554
0 0 0 0 0 0 0 0 0 0 0 -0.440446 2.14825 47.7196 -0.431049 1.58351 70.7976 2.76931 3.72813 0.687546 0.600305 72618
0 0 0 0 0 0 0 0 0 0 0 -0.465548 2.13496 47.7359 -0.458783 1.5932 70.8326 2.77483 3.74928 0.690701 0.603755 72673
0 0 0 0 0 0 0 0 0 0 0 -0.747732 1.91735 47.8853 -0.329217 1.78438 70.5281 2.78326 3.82166 0.694912 0.608288 72730
0 0 0 0 0 0 0 0 0 0 0 -0.745002 1.93485 47.8935 -0.337029 1.77927 70.5421 2.80267 3.86814 0.676011 0.666678 72783
0 0 0 0 0 0 0 0 0 0 0 -0.761747 1.92655 47.9059 -0.335918 1.78793 70.5355 2.82838 3.86552 0.6773 0.664236 72839
0 0 0 0 0 0 0 0 0 0 0 -0.763967 1.90914 47.8972 -0.302052 1.79272 70.4853 2.83258 3.89008 0.676206 0.66695 72897
0 0 0 0 0 0 0 0 0 0 0 -0.436406 1.87809 47.5464 0 0 0 2.80395 0 0.675166 0.66733 72950
0 0 0 0 0 0 0 0 0 0 0 -0.44173 2.06569 47.6677 0 0 0 2.77864 0 1.00327 0.803673 73013
0 0 0.00191104 0.192624 0.428834 0.0814014 0.00460613 0.00184306 0.0255499 0.199482 0 -0.501461 1.91837 47.6346 0.0440045 1.64724 70.1094 2.85611 3.92576 0.741478 0.251701 73068
0 0 0 0 0 0 0 0 0 0 0 -0.609263 1.88566 47.7223 -0.0942785 1.75815 70.2248 2.85926 3.92757 0.193546 0.744833 73136
0 0 0 0 0 0 0 0 0 0 0 -0.733943 1.85526 47.8318 -0.157443 1.80228 70.2833 2.88867 3.95293 0.6552 0.6695 73208
0 0 0 0 0 0 0 0 0 0 0 -0.752317 1.83994 47.8415 -0.223403 1.84741 70.3464 2.88973 3.98778 0.6581 0.675765 73276
0 0 0 0 0 0 0 0 0 0 0 -0.768292 1.85661 47.8687 -0.255134 1.85682 70.3842 2.88767 3.96292 0.660776 0.679113 73330
0 0 0.00193823 0.192615 0.428883 0.0814511 0.00458171 0.00184326 0.0249839 0.198139 0 -0.802026 1.8554 47.9036 -0.25032 1.83018 70.3927 2.88775 3.9789 0.664173 0.679373 73383
0 0 0 0 0 0 0 0 0 0 0 -0.802026 1.8554 47.9036 -0.25032 1.83018 70.3927 2.88775 3.9789 0.664173 0.679373 73434
0 0 0 0 0 0 0 0 0 0 0 -0.80172 1.84496 47.8968 -0.225499 1.73251 70.4147 2.88804 3.97022 0.664668 0.681253 73501
0 0 0 0 0 0 0 0 0 0 0 -0.78535 1.94186 47.9408 -0.22676 1.69765 70.4368 2.85548 3.8975 0.666748 0.673859 73559
0 0 0.0019126 0.192578 0.428269 0.0810295 0.00459859 0.00184208 0.025462 0.198962 0 -0.780959 1.94705 47.9394 -0.227263 1.6979 70.4374 2.85264 3.8957 0.670421 0.660628 73614
0 0 0 0 0 0 0 0 0 0 0 -0.788633 1.94485 47.9462 -0.221605 1.7014 70.4276 2.84646 3.8976 0.669303 0.660388 73677
0 0 0 0 0 0 0 0 0 0 0 -0.808281 1.95645 47.9747 -0.226968 1.69265 70.4401 2.84393 3.90833 0.668922 0.66077 73734
0 0 0 0 0 0 0 0 0 0 0 -0.821536 1.94575 47.9821 -0.239728 1.70821 70.4484 2.84194 3.9111 0.669223 0.66215 73788
0 0 0 0 0 0 0 0 0 0 0 -0.82358 1.94201 47.9819 -0.247927 1.71822 70.4538 2.8268 3.88158 0.668326 0.662181 73842
0 0 0 0 0 0 0 0 0 0 0 -0.818964 1.94623 47.9796 -0.255197 1.7229 70.4611 2.81278 3.85381 0.669201 0.66318 73898
0 0 0 0 0 0 0 0 0 0 0 -0.81982 1.94574 47.9802 -0.261272 1.72967 70.4655 2.83016 3.88421 0.670759 0.664398 73952
0 0 0 0 0 0 0 0 0 0 0 -0.802106 1.93952 47.9572 -0.283331 1.74738 70.4857 2.82945 3.86597 0.670588 0.664756 74024
0 0 0 0 0 0 0 0 0 0 0 -0.998804 1.93676 48.1718 0.073632 1.56617 70.1184 2.80573 3.86537 0.672989 0.66557 74078
0 0 0 0 0 0 0 0 0 0 0 -1.07361 1.95072 48.2665 0.109464 1.51986 70.1002 2.84401 3.87904 0.673535 0.66579 74132
0 0 0 0 0 0 0 0 0 0 0 -1.07227 1.94859 48.2635 0.0890045 1.50254 70.1362 2.84623 3.87998 0.640108 0.667067 74192
0 0 0 0 0 0 0 0 0 0 0 -1.0706 1.97 48.2761 0.101619 1.47594 70.136 2.84405 3.89414 0.640118 0.667071 74244
0 0 0 0 0 0 0 0 0 0 0 -1.06132 2.02762 48.3046 0.135842 1.3615 70.1619 2.81794 3.85464 0.642163 0.66635 74308
0 0 0 0 0 0 0 0 0 0 0 -1.90897 1.70877 49.179 0.458181 1.31254 69.8017 2.75227 3.83961 0.641417 0.659056 74366
0 0 0 0 0 0 0 0 0 0 0 -1.90897 1.70877 49.179 0.458181 1.31254 69.8017 2.75227 3.83961 0.641417 0.659056 74418
0 0 0 0 0 0 0 0 0 0 0 -2.40404 1.54721 50.6374 2.55845 0.868309 68.1372 2.89787 3.90864 0.447021 0.689501 74478
0 0 0 0 0 0 0 0 0 0 0 -2.81832 1.15965 51.0801 4.80697 0.967516 66.8626 2.84379 3.94008 0.457135 0.689659 74534
0 0 0 0 0 0 0 0 0 0 0 -3.46731 0.878041 52.2884 4.91288 0.988857 66.811 2.81989 3.93566 0.132658 0.657536 74587
0 0 0 0 0 0 0 0 0 0 0 -2.94172 1.12623 51.2958 3.97967 0.88228 67.2758 2.66701 3.87271 0.1324 0.651237 74649
0 0 0 0 0 0 0 0 0 0 0 -2.93805 1.14183 51.3008 3.72083 0.916801 67.3934 2.6761 3.87317 0.31856 0.675438 74708
0 0 0 0 0 0 0 0 0 0 0 -2.98036 1.10983 51.3612 3.61012 1.01071 67.4083 2.73239 3.82579 0.375761 0.684253 74763
0 0 0.00193835 0.192627 0.427818 0.0807432 0.00457072 0.00183914 0.0249154 0.197325 0 -3.02865 1.05382 51.4159 3.72821 1.06691 67.3182 2.63043 3.79744 0.380102 0.684867 74814
0 0 0.0019386 0.192628 0.427681 0.0806155 0.00456901 0.00183853 0.0248972 0.197152 0 -3.03938 1.07936 51.459 3.76763 1.02297 67.3179 2.63417 3.7853 0.373697 0.68327 74866
0 0 0.00193828 0.192623 0.427868 0.0807213 0.00457125 0.00183928 0.0249132 0.197283 0 -2.8954 1.12103 51.1995 4.03001 0.862748 67.2601 2.59843 3.7365 0.372416 0.683271 74940
0 0 0 0 0 0 0 0 0 0 0 0 0 0 0 0 0 0 0 0.370753 0.683371 75008
0 0 0 0 0 0 0 0 0 0 0 0.174415 2.33085 48.1016 0 0 0 2.59524 0 1.00327 0.803673 75063
0 0 0.00194056 0.192624 0.428147 0.0808829 0.00456865 0.00184016 0.0248774 0.197442 0 -0.148873 2.22596 48.3209 -0.532814 1.63978 70.9144 2.61461 3.53917 0.387741 0.686097 75114
0 0 0 0 0 0 0 0 0 0 0 -0.307973 2.22291 48.4678 -0.572441 1.6905 70.9426 2.63197 3.60487 0.198661 0.770263 75168
0 0 0 0 0 0 0 0 0 0 0 -0.433791 2.16485 48.5518 -0.549163 1.73239 70.8806 2.6302 3.57196 0.707469 0.588998 75234
0 0 0 0 0 0 0 0 0 0 0 -0.786406 1.92774 48.7581 -0.342449 1.94824 70.4536 2.65303 3.69048 0.704296 0.605305 75296
0 0 0 0 0 0 0 0 0 0 0 -0.836195 1.89771 48.7918 -0.287595 1.93277 70.3865 2.66904 3.68776 0.697815 0.618516 75352
0 0 0 0 0 0 0 0 0 0 0 -0.818342 1.94898 48.8055 -0.283444 1.81104 70.449 2.73034 3.73911 0.665102 0.683963 75411
0 0 0 0 0 0 0 0 0 0 0 -0.79121 1.98479 48.7998 -0.313364 1.796 70.4992 2.7932 3.8254 0.671541 0.667474 75470
0 0 0 0 0 0 0 0 0 0 0 -0.784203 2.01461 48.8117 -0.316354 1.75063 70.5299 2.83962 3.84742 0.673078 0.664617 75534
0 0 0 0 0 0 0 0 0 0 0 -0.724505 2.01436 48.7487 -0.331923 1.72823 70.565 2.91445 3.95196 0.676902 0.656877 75593
0 0 0 0 0 0 0 0 0 0 0 -0.717633 2.04525 48.7615 -0.33359 1.68718 70.592 2.90965 3.94212 0.678434 0.654058 75649
0 0 0 0 0 0 0 0 0 0 0 -0.656172 2.10815 48.7388 -0.356127 1.63034 70.6589 2.93925 3.97246 0.681488 0.64545 75701
0 0 0 0 0 0 0 0 0 0 0 -0.660215 2.14531 48.7675 -0.306366 1.55004 70.6378 2.97625 3.97037 0.684245 0.63203 75751
0 0 0 0 0 0 0 0 0 0 0 -0.652137 2.19701 48.7937 -0.292437 1.50206 70.6484 2.9867 4.02739 0.683311 0.618959 75809
0 0 0 0 0 0 0 0 0 0 0 -0.626285 2.24494 48.7993 -0.267319 1.42824 70.6602 2.98937 4.00533 0.681608 0.613757 75868
0 0 0 0 0 0 0 0 0 0 0 -0.516998 2.36753 48.7711 -0.168344 1.24385 70.6426 2.97562 4.02423 0.680132 0.598737 75921
0 0 0 0 0 0 0 0 0 0 0 -0.387002 2.42073 48.6773 -0.0499767 1.18081 70.5216 2.9515 3.82922 0.673961 0.582585 75976
0 0 0 0 0 0 0 0 0 0 0 0 0 0 0 0 0 0 0 1.00327 0.803673 76027
0 0 0 0 0 0 0 0 0 0 0 0 0 0 0 0 0 0 0 1.00327 0.803673 76079
0 0 0 0 0 0 0 0 0 0 0 0 0 0 0 0 0 0 0 0.188702 0.763814 76138
0 0 0 0 0 0 0 0 0 0 0 -0.462308 2.20326 48.605 0.0584102 -0.383342 71.7244 2.63056 3.93025 0.186172 0.758798 76189
0 0 0 0 0 0 0 0 0 0 0 -0.538116 2.18569 48.6693 -0.0499987 1.33687 70.4191 3.02032 3.91945 1.00327 0.803673 76243
0 0 0.00191423 0.192584 0.429126 0.0817543 0.00459835 0.00184533 0.0255155 0.199931 0 -0.596167 2.14932 48.7042 -0.288285 1.53029 70.6246 3.0591 4.04146 0.628473 0.673208 76300
0 0 0 0 0 0 0 0 0 0 0 -0.609839 2.14696 48.7166 -0.309144 1.52662 70.6566 3.0721 4.03433 0.669309 0.607884 76351
0 0 0 0 0 0 0 0 0 0 0 -1.35322 1.09647 48.8957 -0.00528204 2.70821 69.6638 3.13572 4.21814 0.68369 0.61414 76410
0 0 0.00193444 0.192583 0.428592 0.0813663 0.00457275 0.00184325 0.025041 0.198468 0 -1.35632 1.11298 48.9081 -0.00643272 2.71303 69.6633 3.0864 4.20231 0.588811 0.757376 76468
0 0 0 0 0 0 0 0 0 0 0 -1.3449 1.13809 48.9085 0.0140505 2.67592 69.6534 3.04774 4.1876 0.569063 0.770485 76521
0 0 0 0 0 0 0 0 0 0 0 -1.31225 1.16098 48.8835 0.0268713 2.42978 69.74 3.02333 4.08061 0.571353 0.767702 76577
0 0 0 0 0 0 0 0 0 0 0 -1.22507 1.35735 48.8936 0.00185293 2.41726 69.7757 2.96793 4.06685 0.572304 0.766437 76629
0 0 0 0 0 0 0 0 0 0 0 -1.22204 1.37807 48.902 0.00170593 2.40598 69.7809 2.95134 4.02775 0.597222 0.750904 76690
0 0 0 0 0 0 0 0 0 0 0 -0.949994 1.44433 48.6416 -0.341268 2.49565 70.1779 2.89235 3.95231 0.610932 0.755242 76749
0 0 0 0 0 0 0 0 0 0 0 -0.961624 1.45481 48.6599 -0.337623 2.4849 70.1779 2.86744 3.88443 0.626103 0.754716 76806
0 0 0 0 0 0 0 0 0 0 0 -0.965104 1.46144 48.6673 -0.339453 2.47119 70.1865 2.78827 3.80782 0.629449 0.75427 76876
0 0 0.00194394 0.192584 0.428655 0.0813619 0.00456832 0.00184361 0.024827 0.197905 0 -0.973283 1.48877 48.6916 -0.344211 2.45939 70.1983 2.74846 3.78049 0.631654 0.754435 76927
0 0 0 0 0 0 0 0 0 0 0 -0.953367 1.50792 48.6813 -0.381541 2.4552 70.2505 2.70255 3.71682 0.630507 0.752886 76978
0 0 0 0 0 0 0 0 0 0 0 -0.94986 1.51781 48.6833 -0.385234 2.45528 70.2555 2.71279 3.69735 0.632212 0.751547 77041
0 0 0 0 0 0 0 0 0 0 0 -0.949116 1.52721 48.6879 -0.383621 2.40702 70.2758 2.69689 3.64295 0.639511 0.749604 77096
0 0 0 0 0 0 0 0 0 0 0 -0.95859 1.5344 48.7022 -0.360037 2.38049 70.2563 2.68278 3.68582 0.640385 0.747417 77155
0 0 0 0 0 0 0 0 0 0 0 -0.950926 1.54345 48.6992 -0.354249 2.38884 70.2446 2.68631 3.65305 0.638828 0.747193 77211
0 0 0 0 0 0 0 0 0 0 0 -0.956464 1.53559 48.7006 0.69507 2.2494 69.0748 2.68678 3.62082 0.640058 0.745136 77271
0 0 0 0 0 0 0 0 0 0 0 -2.58335 0.651211 50.3245 2.408 1.99279 67.7288 2.58129 3.71276 0.640298 0.744136 77324
0 0 0 0 0 0 0 0 0 0 0 -2.81616 0.579354 50.6767 3.0809 1.89484 67.3326 2.70992 3.76975 0.374202 0.681276 77388
0 0 0 0 0 0 0 0 0 0 0 -2.81934 0.569944 50.6766 3.05399 1.90219 67.3459 2.69547 3.7357 0.382271 0.683972 77445
0 0 0 0 0 0 0 0 0 0 0 -2.8242 0.584337 50.694 3.05159 1.90666 67.3456 2.70459 3.74363 0.382271 0.683972 77497
0 0 0 0 0 0 0 0 0 0 0 -2.07245 1.22282 49.8932 0.0311111 1.0328 70.5133 2.706 3.61396 0.385003 0.685024 77556
0 0 0 0 0 0 0 0 0 0 0 -0.509296 2.44121 48.8149 -0.129703 1.05207 70.7216 2.6765 3.62072 0.492306 0.721925 77609
0 0 0 0 0 0 0 0 0 0 0 -0.637034 2.39139 48.9125 -0.0909136 1.05231 70.6669 2.61519 3.61377 0.664168 0.550816 77670
0 0 0 0 0 0 0 0 0 0 0 -0.665709 2.36284 48.9226 -0.109673 1.10726 70.6544 2.6212 3.5744 0.66831 0.562926 77721
0 0 0 0 0 0 0 0 0 0 0 -0.687012 2.35974 48.943 -0.138848 1.14455 70.6693 2.58549 3.60974 0.665696 0.566602 77785
0 0 0 0 0 0 0 0 0 0 0 -0.724531 2.34264 48.9711 -0.127632 1.15646 70.6453 2.58681 3.60703 0.667831 0.573832 77837
0 0 0 0 0 0 0 0 0 0 0 -0.760422 2.34593 49.0123 -0.10116 1.14998 70.6129 2.57729 3.62045 0.670212 0.580238 77888
0 0 0.00187967 0.192636 0.428301 0.0809901 0.00463049 0.00184055 0.0262041 0.200625 0 -0.820383 2.29001 49.038 -0.0659662 1.18153 70.5429 2.62178 3.63882 0.667848 0.584974 77952
0 0 0 0 0 0 0 0 0 0 0 -0.839252 2.25571 49.0345 -0.0603677 1.3394 70.4314 2.64652 3.70166 0.665403 0.59184 78009
0 0 0 0 0 0 0 0 0 0 0 -1.65558 1.04633 49.2304 0.411497 2.62574 69.222 2.72623 3.80287 0.664133 0.602681 78065
0 0 0 0 0 0 0 0 0 0 0 -1.62009 1.12262 49.2289 0.435589 2.51231 69.24 2.73242 3.8728 0.59746 0.737029 78119
0 0 0 0 0 0 0 0 0 0 0 -2.33574 0.786168 50.0152 2.16465 2.19397 67.8257 2.67993 3.87821 0.54138 0.75403 78171
0 0 0 0 0 0 0 0 0 0 0 -2.6438 0.606742 50.3977 2.80006 2.02805 67.4552 2.7301 4.02103 0.499065 0.725108 78240
0 0 0 0 0 0 0 0 0 0 0 -2.61969 0.733435 50.4338 2.69724 2.01886 67.5246 2.89124 4.01065 0.431082 0.703559 78293
0 0 0 0 0 0 0 0 0 0 0 -2.58293 0.758228 50.3881 2.44657 1.98809 67.704 2.85715 4.03934 0.391813 0.687745 78344
0 0 0 0 0 0 0 0 0 0 0 -2.40432 0.961228 50.2268 2.29237 1.82752 67.8764 2.83826 3.99403 0.417007 0.697519 78404
0 0 0 0 0 0 0 0 0 0 0 -2.39115 0.995551 50.2278 2.27023 1.79475 67.9059 2.79909 4.00413 0.420801 0.698469 78456
0 0 0 0 0 0 0 0 0 0 0 -2.55209 0.941436 50.4528 3.2635 1.53855 67.3677 2.75127 3.96552 0.438676 0.702279 78529
0 0 0 0 0 0 0 0 0 0 0 -2.73726 0.829047 50.6959 3.37804 1.52767 67.3066 2.7509 3.98077 0.448222 0.703473 78582
0 0 0 0 0 0 0 0 0 0 0 -2.70518 0.867102 50.6647 3.18999 1.53286 67.4132 2.76071 3.94309 0.448804 0.703453 78638
0 0 0 0 0 0 0 0 0 0 0 -2.68468 0.941285 50.6785 2.87698 1.53954 67.5269 2.73729 3.90071 0.394535 0.687986 78693
0 0 0 0 0 0 0 0 0 0 0 -2.70677 1.06511 50.8037 2.76732 1.46549 67.6298 2.74811 3.84478 0.410824 0.692476 78755
0 0 0 0 0 0 0 0 0 0 0 -2.71146 1.12322 50.8542 2.76721 1.41965 67.6503 2.70685 3.82245 0.417236 0.693898 78813
0 0 0 0 0 0 0 0 0 0 0 -2.67783 1.19438 50.846 2.74722 1.35572 67.6924 2.78909 3.82446 0.422093 0.694434 78868
0 0 0 0 0 0 0 0 0 0 0 -2.46508 1.35402 50.5938 2.3521 1.30689 67.9887 2.74069 3.8239 0.42335 0.694302 78919
0 0 0.00193713 0.192605 0.428295 0.0810286 0.00457165 0.00184162 0.0249401 0.197849 0 -2.44972 1.4214 50.6181 2.32479 1.22166 68.0499 2.77487 3.84381 0.433295 0.695447 78977
0 0 0.00193713 0.192605 0.428295 0.0810286 0.00457165 0.00184162 0.0249401 0.197849 0 -2.4623 1.46711 50.6743 2.35102 1.16329 68.0595 2.78388 3.86111 0.461471 0.696458 79033
0 0 0 0 0 0 0 0 0 0 0 -2.47586 1.50053 50.7235 2.34897 1.15123 68.067 2.8156 3.85858 0.462329 0.695835 79091
0 0 0 0 0 0 0 0 0 0 0 -2.433 1.51146 50.6586 2.3563 1.12621 68.0741 2.827 3.85155 0.461794 0.695542 79141
0 0 0 0 0 0 0 0 0 0 0 -2.10899 1.51469 50.1436 0 0 0 2.69657 0 0.462712 0.694683 79196
0 0 0 0 0 0 0 0 0 0 0 0 0 0 0 0 0 0 0 0.460888 0.692343 79264
0 0 0 0 0 0 0 0 0 0 0 -2.2798 1.51482 50.4086 2.97101 0.865638 67.7846 2.67041 3.84622 1.00209 0.802887 79322
0 0 0 0 0 0 0 0 0 0 0 -2.5628 1.39098 50.79 2.76234 1.14651 67.7808 2.62047 3.75684 0.428668 0.68889 79385
0 0 0 0 0 0 0 0 0 0 0 -2.61143 1.37301 50.8625 2.72237 1.16298 67.7995 2.69228 3.75627 0.430564 0.690838 79454
0 0 0 0 0 0 0 0 0 0 0 -2.61085 1.34246 50.8378 2.68685 1.1835 67.8135 2.70702 3.75129 0.435003 0.693394 79517
0 0 0 0 0 0 0 0 0 0 0 -2.6209 1.33185 50.8476 2.70081 1.17304 67.8091 2.7136 3.8058 0.437196 0.693846 79570
0 0 0 0 0 0 0 0 0 0 0 -2.61054 1.34319 50.8378 2.71237 1.1774 67.7993 2.71198 3.81076 0.437099 0.693811 79622
0 0 0 0 0 0 0 0 0 0 0 -2.59927 1.34881 50.8221 2.71461 1.17669 67.7981 2.71329 3.81663 0.435817 0.693607 79678
0 0 0 0 0 0 0 0 0 0 0 -2.59372 1.32566 50.7945 2.6694 1.19547 67.8195 2.71678 3.76489 0.435739 0.693519 79738
0 0 0 0 0 0 0 0 0 0 0 -2.58142 1.33836 50.7825 2.61405 1.22629 67.8425 2.70757 3.75199 0.437947 0.69427 79803
0 0 0 0 0 0 0 0 0 0 0 -2.58045 1.32818 50.773 2.60804 1.23179 67.844 2.67717 3.76629 0.44013 0.694704 79860
0 0 0 0 0 0 0 0 0 0 0 -2.6058 1.29716 50.7943 2.62413 1.26773 67.8159 2.66851 3.73204 0.440533 0.695046 79918
0 0 0 0 0 0 0 0 0 0 0 -2.62528 1.25486 50.7971 2.63341 1.29125 67.7985 2.63401 3.73 0.439385 0.69513 79970
0 0 0 0 0 0 0 0 0 0 0 -2.67964 1.2007 50.8539 2.64523 1.33779 67.7688 2.64354 3.72113 0.43696 0.695313 80035
0 0 0 0 0 0 0 0 0 0 0 -2.16693 1.6875 50.36 2.48194 1.1943 67.95 2.72884 3.69603 0.434979 0.695571 80086
0 0 0.00193459 0.192639 0.427541 0.0804535 0.00457369 0.00183759 0.0249582 0.197045 0 -1.49682 2.52759 50.0565 1.21117 0.244983 69.6007 2.62879 3.71004 0.538705 0.680345 80169
0 0 0 0 0 0 0 0 0 0 0 -1.72408 2.37019 50.2446 1.31929 0.420254 69.3684 2.64506 3.7749 0.564986 0.62957 80297
0 0 0 0 0 0 0 0 0 0 0 -1.854 2.24139 50.3272 1.46021 0.460734 69.2046 2.64003 3.737 0.553581 0.645082 80405
0 0 0.00192335 0.192613 0.428167 0.0809145 0.0045842 0.00184084 0.0252237 0.198376 0 -0.21563 2.71917 48.7222 -0.642907 1.00494 71.4769 2.72108 3.59463 0.590399 0.577452 80488
0 0 0 0 0 0 0 0 0 0 0 -0.465046 2.65859 48.9277 -0.475126 0.965462 71.2297 2.66981 3.60488 0.69367 0.469137 80564
0 0 0 0 0 0 0 0 0 0 0 -0.880999 2.74035 49.4499 0.194529 0.473895 70.6322 2.65415 3.58747 0.68559 0.50318 80627
0 0 0 0 0 0 0 0 0 0 0 -1.02258 2.65731 49.5509 0.22804 0.517684 70.5522 2.6186 3.58236 0.638189 0.545907 80688
0 0 0 0 0 0 0 0 0 0 0 -1.06261 2.64312 49.5881 0.275603 0.531751 70.4781 2.62041 3.54972 0.63758 0.549437 80745
0 0 0 0 0 0 0 0 0 0 0 -1.20765 2.56459 49.7044 0.340224 0.553064 70.3776 2.58648 3.50475 0.636144 0.557033 80821
0 0 0 0 0 0 0 0 0 0 0 -2.04629 1.96657 50.3923 1.4787 0.757627 68.9996 2.607 3.52888 0.611254 0.614952 80875
0 0 0 0 0 0 0 0 0 0 0 -2.03311 1.99981 50.399 1.43466 0.774095 69.0306 2.53317 3.58022 0.54293 0.671906 80941
0 0 0.0019332 0.192627 0.42837 0.0810567 0.00457589 0.00184093 0.0250512 0.198067 0 -2.03693 1.99568 50.4016 1.46098 0.768216 69.0096 2.60009 3.59683 0.54419 0.671851 81003
0 0 0 0 0 0 0 0 0 0 0 -2.04463 1.987 50.4064 1.45909 0.776088 69.0066 2.62733 3.64853 0.543673 0.672348 81054
0 0 0 0 0 0 0 0 0 0 0 -2.04206 1.99576 50.4096 1.46287 0.769113 69.0073 2.63152 3.65614 0.542542 0.673316 81106
0 0 0 0 0 0 0 0 0 0 0 -2.03962 1.98852 50.3999 1.47987 0.773658 68.9888 2.63946 3.66408 0.542443 0.673 81170
0 0 0 0 0 0 0 0 0 0 0 -2.01299 2.01231 50.3781 1.46282 0.772705 69.0052 2.65117 3.70243 0.54205 0.673129 81246
0 0 0 0 0 0 0 0 0 0 0 -1.96658 2.02318 50.3157 1.39715 0.779726 69.0623 2.71573 3.70612 0.542396 0.672403 81303
0 0 0 0 0 0 0 0 0 0 0 -1.92506 2.03795 50.2649 1.32757 0.786584 69.1243 2.73154 3.75098 0.547861 0.670069 81373
0 0 0 0 0 0 0 0 0 0 0 -2.23996 1.6876 50.4762 1.27136 0.826646 69.154 2.79248 3.77028 0.551144 0.66956 81435
0 0 0.00192442 0.192618 0.42765 0.0805165 0.00458134 0.00183823 0.0251779 0.197684 0 -2.65704 1.12899 50.761 2.33565 1.46114 67.9286 2.81629 3.86798 0.555088 0.668737 81528
0 0 0 0 0 0 0 0 0 0 0 -2.56804 1.22422 50.6743 2.13379 1.43134 68.0917 2.77482 3.87945 0.457524 0.702221 81581
0 0 0 0 0 0 0 0 0 0 0 -2.45648 1.21601 50.4801 2.00484 1.48253 68.1669 2.7855 3.86154 0.465523 0.703277 81638
0 0 0 0 0 0 0 0 0 0 0 -2.45648 1.21601 50.4801 2.00484 1.48253 68.1669 2.7855 3.86154 0.465523 0.703277 81691
0 0 0 0 0 0 0 0 0 0 0 -2.41253 0.930814 50.2207 1.62071 2.02938 68.2361 2.76263 3.81895 0.477574 0.717707 81758
0 0 0 0 0 0 0 0 0 0 0 -2.40981 0.928112 50.2147 1.67424 2.01882 68.1963 2.71112 3.80876 0.474153 0.71853 81827
0 0 0 0 0 0 0 0 0 0 0 -2.42532 0.93164 50.2413 1.72379 1.99013 68.1677 2.71304 3.79935 0.470633 0.716974 81897
0 0 0 0 0 0 0 0 0 0 0 -2.41774 0.94504 50.2378 1.80505 1.96758 68.1116 2.66509 3.78412 0.468498 0.715751 81955
0 0 0 0 0 0 0 0 0 0 0 -2.43183 0.936545 50.2547 1.89583 1.93913 68.0517 2.65203 3.76249 0.464993 0.713741 82008
0 0 0 0 0 0 0 0 0 0 0 -2.43846 0.929751 50.261 1.95441 1.92174 68.0133 2.64409 3.7477 0.462032 0.712504 82068
0 0 0 0 0 0 0 0 0 0 0 -2.39981 0.95557 50.2162 2.0559 1.84014 67.9696 2.60771 3.74179 0.458003 0.710684 82135
0 0 0 0 0 0 0 0 0 0 0 0 0 0 0 0 0 0 0 0.452526 0.705371 82243
0 0 0.00191824 0.192606 0.427807 0.0806732 0.00458785 0.00183966 0.0253025 0.198266 0 -0.121317 2.9672 48.8182 -0.293718 0.512627 71.321 2.66273 3.54379 0.601996 0.44776 82360
0 0 0 0 0 0 0 0 0 0 0 -0.208904 2.94379 48.8862 -0.38151 0.563423 71.4186 2.68282 3.59093 0.642608 0.437742 82453
0 0 0 0 0 0 0 0 0 0 0 -1.10026 1.69342 48.9528 -0.367611 1.91927 70.426 2.65672 3.77147 0.653382 0.432139 82555
0 0 0 0 0 0 0 0 0 0 0 -1.19811 1.66028 49.7594 -0.208923 2.12967 70.0987 2.73713 3.68373 0.643592 0.732859 82669
0 0 0 0 0 0 0 0 0 0 0 -1.05212 2.32832 50.0397 0.369151 0.616869 70.2927 3.0144 3.5955 0.633295 0.725783 82740
0 0 0 0 0 0 0 0 0 0 0 -0.923972 2.87284 50.3166 0.452977 0.249546 70.4721 2.72215 3.73215 0.613739 0.543092 82809
0 0 0 0 0 0 0 0 0 0 0 -1.01835 2.82904 50.3931 0.48918 0.279886 70.4012 2.70581 3.7108 0.613913 0.539633 82908
0 0 0 0 0 0 0 0 0 0 0 -1.26273 2.70159 50.5911 0.767709 0.297286 70.0489 2.69759 3.682 0.612291 0.553415 83008
0 0 0 0 0 0 0 0 0 0 0 -1.61296 2.48328 50.8766 1.23697 0.343773 69.5038 2.67892 3.71859 0.569673 0.622422 83098
0 0 0 0 0 0 0 0 0 0 0 -2.65975 1.81689 52.0036 3.26319 0.278891 67.9229 2.68944 3.78762 0.480092 0.667661 83154
0 0 0 0 0 0 0 0 0 0 0 -2.70781 1.84382 52.122 3.1554 0.304961 67.9753 2.69092 3.76335 0.423294 0.683743 83255
0 0 0 0 0 0 0 0 0 0 0 -2.71815 1.85625 52.1542 3.07355 0.309802 68.025 2.65418 3.778 0.428928 0.683671 83317
0 0 0 0 0 0 0 0 0 0 0 -2.20245 1.63075 51.0659 3.26599 0.259802 67.9323 2.69165 3.71798 0.435721 0.683421 83372
0 0 0 0 0 0 0 0 0 0 0 0 0 0 0 0 0 0 0 0.431814 0.682336 83424
0 0 0 0 0 0 0 0 0 0 0 -1.495 2.00425 50.3442 0 0 0 2.37271 0 0.421883 0.680233 83489
0 0 0 0 0 0 0 0 0 0 0 -1.83063 1.75636 50.6135 1.4252 1.07194 68.8662 2.66278 3.69379 1.00209 0.802887 83541
0 0 0 0 0 0 0 0 0 0 0 -1.86777 1.77443 50.6781 1.38768 1.1001 68.885 2.64346 3.69906 0.523392 0.672059 83602
0 0 0 0 0 0 0 0 0 0 0 -1.91528 1.76279 50.7367 1.30478 1.16188 68.928 2.65442 3.754 0.541582 0.685475 83655
0 0 0.00193549 0.192615 0.428034 0.0808357 0.00457441 0.00184012 0.0249957 0.197589 0 -1.94071 1.80437 50.8034 1.68322 0.896856 68.7343 2.68844 3.77552 0.543041 0.688275 83708
0 0 0 0 0 0 0 0 0 0 0 -2.09566 1.98833 51.1778 1.9735 0.529421 68.704 2.74948 3.84759 0.53458 0.685836 83767
0 0 0 0 0 0 0 0 0 0 0 -2.10647 1.98121 51.1888 1.94747 0.547159 68.7149 2.76309 3.83163 0.508393 0.671211 83818
0 0 0 0 0 0 0 0 0 0 0 -2.11086 1.97602 51.1915 1.92192 0.561521 68.7275 2.77478 3.88633 0.510071 0.671825 83876
0 0 0 0 0 0 0 0 0 0 0 -2.12489 1.95864 51.1993 1.89147 0.592014 68.7347 2.78803 3.86842 0.511912 0.672569 83927
0 0 0 0 0 0 0 0 0 0 0 -2.35127 1.99318 51.6004 2.54279 0.316664 68.388 2.78065 3.90599 0.512379 0.673222 83984
0 0 0 0 0 0 0 0 0 0 0 -2.3811 2.00768 51.665 2.44468 0.351265 68.4398 2.79186 3.85296 0.473278 0.675949 84041
0 0 0 0 0 0 0 0 0 0 0 -2.38139 2.01529 51.6723 2.34225 0.401747 68.4868 2.7985 3.84244 0.477837 0.675785 84096
0 0 0 0 0 0 0 0 0 0 0 -2.64805 2.66955 52.9099 3.96013 -0.71667 68.1584 2.79238 3.79404 0.485445 0.675901 84161
0 0 0 0 0 0 0 0 0 0 0 -2.82106 2.56297 53.1875 4.3542 -0.916486 68.0922 2.76482 3.93279 0.414296 0.679163 84219
0 0 0 0 0 0 0 0 0 0 0 -2.42746 2.42334 52.154 3.96239 -0.796296 68.2145 2.68904 3.87024 0.127821 0.700801 84275
0 0 0 0 0 0 0 0 0 0 0 -2.66712 2.83335 53.1811 3.84042 -0.749234 68.2498 2.7765 3.84385 0.333667 0.767238 84331
0 0 0 0 0 0 0 0 0 0 0 -2.89566 2.53834 53.347 3.92047 -0.728332 68.189 2.79519 3.82103 0.12965 0.70036 84384
0 0 0 0 0 0 0 0 0 0 0 -2.63307 2.01051 52.1342 3.90129 -0.705749 68.1837 2.75757 3.77218 0.342421 0.770191 84443
0 0 0 0 0 0 0 0 0 0 0 -2.86212 2.62281 53.3795 3.86054 -0.727885 68.2228 2.75596 3.77155 0.127871 0.69768 84502
0 0 0 0 0 0 0 0 0 0 0 -2.82941 2.59536 53.254 3.84503 -0.756636 68.2525 2.76762 3.75311 0.33646 0.765877 84558
0 0 0.00189716 0.192603 0.428053 0.0808404 0.004608 0.00184034 0.0257995 0.199564 0 -2.49019 2.17785 52.0227 3.82437 -0.760025 68.2669 2.75414 3.78791 0.127843 0.692394 84609
0 0 0.00191157 0.192615 0.427962 0.0807637 0.00459468 0.00183953 0.0254925 0.198691 0 -2.70455 2.80109 53.2285 3.79554 -0.758343 68.2825 2.78664 3.80158 0.341394 0.769153 84665
0 0 0 0 0 0 0 0 0 0 0 -2.77165 2.59187 53.1031 3.76242 -0.732083 68.2829 2.76396 3.84652 0.344205 0.77177 84717
0 0 0 0 0 0 0 0 0 0 0 -2.69021 2.72457 53.0845 3.74267 -0.675206 68.2535 2.76896 3.85078 0.402658 0.680987 84771
0 0 0 0 0 0 0 0 0 0 0 -2.71977 2.64074 53.0421 3.7341 -0.642411 68.2351 2.76376 3.88579 0.347959 0.767981 84825
0 0 0 0 0 0 0 0 0 0 0 -2.25508 2.36701 51.7788 3.70357 -0.593626 68.2185 2.77146 3.93089 0.404852 0.680604 84882
0 0 0 0 0 0 0 0 0 0 0 -2.81802 2.44555 53.0233 3.68062 -0.568676 68.2146 2.76506 3.92758 0.405338 0.680629 84937
0 0 0 0 0 0 0 0 0 0 0 -2.84231 2.33482 52.9418 3.64766 -0.491456 68.1804 2.75165 3.9642 0.406926 0.680417 85016
0 0 0 0 0 0 0 0 0 0 0 -2.60724 2.29667 52.3765 3.61963 -0.476365 68.1867 2.75521 3.99216 0.131831 0.690541 85070
0 0 0 0 0 0 0 0 0 0 0 -2.10643 2.18445 51.3602 3.85222 -0.517857 68.0799 2.77855 3.97566 0.411404 0.679831 85123
0 0 0 0 0 0 0 0 0 0 0 0 0 0 0 0 0 0 0 0.410804 0.680127 85192
0 0 0 0 0 0 0 0 0 0 0 -2.8089 2.4101 52.956 5.25275 -1.173 67.8727 2.72185 4.00841 1.00209 0.802887 85251
0 0 0 0 0 0 0 0 0 0 0 -2.40588 2.21084 51.8979 4.14806 -0.721198 68.0592 2.66041 4.1644 0.12316 0.698172 85302
0 0 0 0 0 0 0 0 0 0 0 -2.51329 1.9983 51.8943 3.76376 -0.616808 68.1995 2.67988 4.25847 0.139389 0.703497 85355
0 0 0 0 0 0 0 0 0 0 0 -2.47943 2.48712 52.3257 3.57326 -0.537295 68.2571 2.87459 4.1102 0.139389 0.703497 85406
0 0 0 0 0 0 0 0 0 0 0 -2.48305 2.51158 52.3604 3.25234 -0.482329 68.4214 2.86218 4.10912 0.413892 0.677977 85466
0 0 0 0 0 0 0 0 0 0 0 -2.47722 2.53459 52.3745 3.20627 -0.480695 68.4507 2.78452 4.09167 0.420916 0.67593 85522
0 0 0.0018749 0.192647 0.429241 0.0817074 0.00464558 0.00184394 0.0264062 0.201731 0 -2.49976 2.57203 52.4638 3.23999 -0.492336 68.4367 2.85778 4.11562 0.436951 0.671051 85575
0 0 0 0 0 0 0 0 0 0 0 -2.52227 2.58013 52.5204 3.29354 -0.510324 68.4143 2.87176 4.08675 0.43594 0.670986 85633
0 0 0 0 0 0 0 0 0 0 0 -2.53795 2.5762 52.5489 3.32537 -0.507411 68.3916 2.82505 4.09404 0.431489 0.672254 85686
0 0 0 0 0 0 0 0 0 0 0 -2.54612 2.56411 52.5519 3.3556 -0.506555 68.3715 2.81498 4.10304 0.430184 0.672971 85745
0 0 0 0 0 0 0 0 0 0 0 -2.54909 2.5492 52.5406 3.38697 -0.52014 68.3611 2.80688 4.10602 0.428825 0.67349 85812
0 0 0 0 0 0 0 0 0 0 0 -2.57417 2.50749 52.5449 3.527 -0.547612 68.2927 2.80146 4.12831 0.423133 0.675237 85871
0 0 0 0 0 0 0 0 0 0 0 -2.55777 2.51427 52.518 3.51068 -0.529808 68.2902 2.79826 4.13962 0.417244 0.677105 85930
0 0 0.00190554 0.192624 0.428815 0.0814612 0.00461014 0.00184294 0.0256847 0.199839 0 -2.55738 2.49419 52.4939 3.48213 -0.509895 68.2939 2.82814 4.11124 0.41747 0.677093 85987
0 0 0 0 0 0 0 0 0 0 0 -2.57287 2.50153 52.5351 3.52248 -0.514809 68.2724 2.83106 4.10828 0.419806 0.676594 86044
0 0 0 0 0 0 0 0 0 0 0 -2.6069 2.47313 52.5746 3.63563 -0.521189 68.2082 2.7541 4.11186 0.418434 0.677057 86099
0 0 0 0 0 0 0 0 0 0 0 -2.66738 2.43252 52.6584 3.72557 -0.506928 68.1452 2.80867 4.0961 0.413802 0.678511 86150
0 0 0 0 0 0 0 0 0 0 0 0 0 0 0 0 0 0 0 0.408348 0.680395 86201
0 0 0 0 0 0 0 0 0 0 0 -0.129779 1.88348 48.8239 -0.438981 2.92766 70.0488 2.84268 2.20193 0.387204 0.686099 86264
0 0 0 0 0 0 0 0 0 0 0 -0.700636 1.66959 49.2359 -0.44907 0.521964 71.5702 2.91615 4.06451 0.387838 0.685815 86318
0 0 0 0 0 0 0 0 0 0 0 -1.01187 1.62263 49.531 -0.284737 2.53326 70.0077 2.95758 3.57385 0.669267 0.608018 86371
0 0 0 0 0 0 0 0 0 0 0 -1.23791 1.58714 49.7603 0.116241 2.38187 69.5762 2.98224 3.67775 0.61619 0.746435 86424
0 0 0 0 0 0 0 0 0 0 0 -1.44029 1.56464 49.9838 0.253192 2.27613 69.4636 3.00574 3.77554 0.597258 0.738604 86478
0 0 0 0 0 0 0 0 0 0 0 -1.53599 1.56131 50.0985 0.499412 2.04733 69.2927 3.02854 4.09089 0.585186 0.733978 86532
0 0 0 0 0 0 0 0 0 0 0 -1.55366 1.54165 50.1081 0.535914 2.05453 69.25 3.0086 4.05852 0.574065 0.723763 86585
0 0 0 0 0 0 0 0 0 0 0 -1.51684 1.59255 50.0945 0.491404 1.99509 69.3258 2.94837 4.02721 0.570477 0.724503 86636
0 0 0 0 0 0 0 0 0 0 0 -1.47558 1.69552 50.1095 0.397251 1.87295 69.4894 2.90599 3.99052 0.582243 0.719308 86689
0 0 0 0 0 0 0 0 0 0 0 -2.016 1.38687 50.6214 0.449792 1.81844 69.4577 2.81054 3.94474 0.591744 0.714021 86740
0 0 0 0 0 0 0 0 0 0 0 -2.25255 1.22754 50.8623 1.60816 1.8731 68.3121 2.83674 3.94418 0.59717 0.711651 86791
0 0 0 0 0 0 0 0 0 0 0 -2.17447 1.3657 50.8369 1.48479 1.77904 68.4585 2.83923 3.95133 0.483699 0.713162 86842
0 0 0 0 0 0 0 0 0 0 0 -2.12578 1.55518 50.8949 1.6497 1.52643 68.4343 2.91248 3.86818 0.498052 0.713179 86893
0 0 0.00192266 0.192624 0.42807 0.080855 0.00459078 0.00183969 0.025272 0.198101 0 -2.04314 2.34811 51.4042 2.20863 0.23928 68.6939 2.87847 3.99967 0.499527 0.705667 86948
0 0 0 0 0 0 0 0 0 0 0 -2.0566 2.27197 51.3573 2.06009 0.336933 68.7523 2.88354 3.96394 0.497959 0.668443 87000
0 0 0 0 0 0 0 0 0 0 0 -2.06494 2.25045 51.3516 1.96531 0.402561 68.7897 2.89211 3.96591 0.505648 0.662296 87051
0 0 0 0 0 0 0 0 0 0 0 -2.06914 2.27318 51.3785 1.9549 0.41887 68.7882 2.88062 3.97312 0.509653 0.662868 87104
0 0 0 0 0 0 0 0 0 0 0 -3.11634 2.122 53.3705 4.85834 -0.621957 67.6496 2.89197 4.10857 0.502895 0.664372 87159
0 0 0 0 0 0 0 0 0 0 0 -2.45259 2.18287 51.957 4.37934 -0.477867 67.7751 2.88297 4.0507 0.369054 0.69058 87211
0 0 0 0 0 0 0 0 0 0 0 -2.92259 2.43657 53.2757 4.03617 -0.429977 67.9194 2.87673 4.00502 0.119927 0.693744 87263
0 0 0.001929 0.192625 0.428003 0.0808443 0.00458482 0.00183975 0.0251356 0.197782 0 -2.56735 2.40764 52.4163 3.65101 -0.431278 68.1372 2.71632 3.99549 0.381585 0.687352 87316
0 0 0 0 0 0 0 0 0 0 0 -2.59449 2.42441 52.492 3.5894 -0.395738 68.1498 2.77653 4.02284 0.401147 0.682549 87371
0 0 0 0 0 0 0 0 0 0 0 -2.58866 2.46601 52.5274 3.50773 -0.407626 68.2073 2.83513 4.03055 0.412084 0.679654 87425
0 0 0 0 0 0 0 0 0 0 0 -2.59792 2.51441 52.604 3.30119 -0.369515 68.3109 2.86881 4.03794 0.414854 0.678854 87491
0 0 0 0 0 0 0 0 0 0 0 -2.64198 2.49733 52.6798 3.2024 -0.310398 68.3347 2.98726 4.10628 0.429135 0.674942 87545
0 0 0 0 0 0 0 0 0 0 0 -2.63512 2.50723 52.6766 3.18684 -0.318004 68.3501 2.94543 4.12998 0.432691 0.674314 87596
0 0 0 0 0 0 0 0 0 0 0 -2.62931 2.50629 52.6627 3.21593 -0.341657 68.3472 2.99173 4.17184 0.437998 0.673423 87650
0 0 0 0 0 0 0 0 0 0 0 -2.61539 2.52669 52.6567 3.30722 -0.374007 68.3102 3.03394 4.26915 0.436464 0.67338 87702
0 0 0 0 0 0 0 0 0 0 0 -2.59332 2.55304 52.6402 3.36046 -0.418334 68.3067 3.04863 4.30053 0.429932 0.67463 87760
0 0 0 0 0 0 0 0 0 0 0 -2.58068 2.58342 52.6494 3.38924 -0.443962 68.3062 3.03932 4.36019 0.42821 0.674819 87813
0 0 0 0 0 0 0 0 0 0 0 -2.58191 2.58747 52.6571 3.47367 -0.460223 68.2645 3.06449 4.40946 0.4241 0.675524 87868
0 0 0 0 0 0 0 0 0 0 0 -2.61742 2.57617 52.7215 3.49635 -0.471053 68.258 3.11399 4.41842 0.421499 0.676178 87922
0 0 0 0 0 0 0 0 0 0 0 -2.64259 2.58277 52.7861 3.53293 -0.481687 68.2429 3.14475 4.47044 0.418145 0.677129 87977
0 0 0 0 0 0 0 0 0 0 0 -2.66102 2.58724 52.8337 3.54079 -0.49864 68.2499 3.17407 4.51289 0.417459 0.677436 88029
0 0 0 0 0 0 0 0 0 0 0 -2.63989 2.57843 52.7746 3.56729 -0.504071 68.2375 3.15627 4.51253 0.416004 0.677931 88083
0 0 0 0 0 0 0 0 0 0 0 -2.62584 2.58501 52.7512 3.56657 -0.498156 68.2338 3.13421 4.52034 0.415365 0.678137 88137
0 0 0 0 0 0 0 0 0 0 0 -2.6077 2.59761 52.7263 3.59401 -0.515102 68.229 3.09916 4.53551 0.41421 0.678244 88190
0 0 0.00191069 0.192606 0.428365 0.0811473 0.00459827 0.00184187 0.0255298 0.199279 0 -2.58579 2.57101 52.6455 3.66316 -0.541753 68.2061 3.06245 4.51348 0.413588 0.678361 88242
