0 0 0.00202931 0.193701 0.423127 0.0815431 0.00454383 0.0018371 0.0237474 0.194615 0 0 0 0 0 0 0 0 0 0 0 8306
0 0 0.00205011 0.193634 0.426906 0.0825352 0.00454637 0.00184184 0.0236705 0.195341 0 0 0 0 0 0 0 0 0 0 0 8357
0 0 0.00206039 0.193625 0.429866 0.0835832 0.00454562 0.00184528 0.0236071 0.195996 0 0 0 0 0 0 0 0 0 0 0 8410
0 0 0.00207137 0.193754 0.431633 0.0849824 0.00454631 0.00184984 0.0234502 0.196786 0 0 0 0 0 0 0 0 0 0 0 8462
0 0 0.00208572 0.19369 0.433656 0.0864904 0.00454692 0.00185572 0.0233347 0.197931 0 0 0 0 0 0 0 0 0 0 0 8518
0 0 0.00213138 0.193814 0.439949 0.091299 0.00455148 0.0018763 0.0228665 0.201355 0 0 0 0 0 0 0 0 0 0 0 8569
0 0 0.00214104 0.193958 0.441127 0.0924878 0.00455164 0.00187906 0.0228142 0.202119 0 0 0 0 0 0 0 0 0 0 0 8622
0 0 0.00218783 0.194077 0.446115 0.0969491 0.00455475 0.00189458 0.0225138 0.204919 0 0 0 0 0 0 0 0 0 0 0 8673
0 0 0.00218219 0.194148 0.445988 0.0972244 0.0045647 0.00189127 0.022671 0.205029 0 0 0 0 0 0 0 0 0 0 0 8726
0 0 0.00219142 0.194002 0.447997 0.099005 0.00456253 0.00189826 0.0226754 0.206829 0 0 0 0 0 0 0 0 0 0 0 8779
0 0 0.00215381 0.193816 0.446651 0.0973733 0.0045611 0.00189461 0.0230859 0.207158 0 0 0 0 0 0 0 0 0 0 0 8829
0 0 0.00214029 0.193906 0.444353 0.0957185 0.00453854 0.00188151 0.0233366 0.206085 0 0 0 0 0 0 0 0 0 0 0 8883
0 0 0.00215041 0.1942 0.44372 0.0954825 0.0045223 0.00186726 0.0235302 0.204971 0 0 0 0 0 0 0 0 0 0 0 8933
0 0 0.00215041 0.1942 0.44372 0.0954825 0.0045223 0.00186726 0.0235302 0.204971 0 0 0 0 0 0 0 0 0 0 0 8986
0 0 0.00221479 0.194627 0.447291 0.0995114 0.0044962 0.00186627 0.0232833 0.206359 0 0 0 0 0 0 0 0 0 0 0 9043
0 0 0.00220984 0.195201 0.443135 0.0968589 0.00448075 0.00182921 0.0239282 0.202601 0 0 0 0 0 0 0 0 0 0 0 9096
0 0 0.00220859 0.195363 0.43952 0.0941078 0.00445113 0.00180708 0.024112 0.199584 0 0 0 0 0 0 0 0 0 0 0 9150
0 0 0.0022006 0.195068 0.43873 0.0926199 0.00443043 0.00181056 0.0239739 0.199632 0 0 0 0 0 0 0 0 0 0 0 9204
0 0 0.0022288 0.195269 0.439914 0.0932026 0.00441445 0.0018032 0.0238195 0.199124 0 0 0 0 0 0 0 0 0 0 0 9255
0 0 0.00227293 0.19551 0.441616 0.0942796 0.00443929 0.00179729 0.0239366 0.198173 0 0 0 0 0 0 0 0 0 0 0 9306
0 0 0.00230776 0.195117 0.446814 0.0965496 0.00444735 0.00182113 0.0235096 0.200546 0 0 0 0 0 0 0 0 0 0 0 9361
0 0 0.00230026 0.194501 0.454442 0.0979331 0.00448875 0.001852 0.0229644 0.202476 0 0 0 0 0 0 0 0 0 0 0 9412
0 0 0.00229788 0.19343 0.45497 0.100008 0.00452021 0.0019017 0.0221921 0.206033 0 0 0 0 0 0 0 0 0 0 0 9467
0 0 0.00235287 0.19229 0.457175 0.104039 0.00459538 0.00195124 0.0215557 0.208567 0 0 0 0 0 0 0 0 0 0 0 9518
0 0 0.00226465 0.190108 0.44311 0.0964331 0.00472807 0.0019732 0.0215743 0.20424 0 0 0 0 0 0 0 0 0 0 0 9573
0 0 0.00216769 0.185278 0.43322 0.096145 0.00499793 0.00209529 0.0212282 0.20433 0 0 0 0 0 0 0 0 0 0 0 9628
0 0 0.0020748 0.173328 0.412932 0.108063 0.00555622 0.0024554 0.0197375 0.2073 0 0 0 0 0 0 0 0 0 0 0 9680
0 0 0.00200074 0.148498 0.366926 0.135206 0.0061308 0.00349733 0.016898 0.210747 0 0 0 0 0 0 0 0 0 0 0 9731
0 0 0.00200074 0.148498 0.366926 0.135206 0.0061308 0.00349733 0.016898 0.210747 0 0 0 0 0 0 0 0 0 0 0 9781
0 0 0.0015186 0.095355 0.256489 0.307644 0.00680623 0.00948107 0.0109665 0.21884 0.495576 0 0 0 0 0 0 0 0 0 0 9832
0 0 0.000663985 0.0413018 0.126681 1.51162 0.00532433 0.0602072 0.00508563 0.222325 13.2174 0 0 0 0 0 0 0 0 0 0 9883
0 0 0.000137753 0.00655793 0.0260291 33.7612 0.00158314 3.28129 0.000959231 0.227714 38.8638 0 0 0 0 0 0 0 0 0 0 9938
0 0 3.21752e-05 0.00118117 0.00589476 93.0094 0.000442023 58.6412 0.000211127 0.226342 62.9298 0 0 0 0 0 0 0 0 0 0 9992
0 0 1.24094e-05 0.000407695 0.00234646 99.018 0.00019969 93.5458 8.09026e-05 0.227241 79.074 0 0 0 0 0 0 0 0 0 0 10046
0 0 6.67617e-06 0.000212623 0.00137008 99.7118 0.000119181 98.4279 4.13217e-05 0.243275 90.3537 0 0 0 0 0 0 0 0 0 0 10100
0 0 5.86888e-06 0.000167616 0.00113007 99.8167 9.841e-05 99.0838 3.1813e-05 0.252338 94.8021 0 0 0 0 0 0 0 0 0 0 10153
0 0 5.79834e-06 0.000159794 0.00115057 99.8325 9.47869e-05 99.2257 2.7022e-05 0.276129 98.1921 0 0 0 0 0 0 0 0 0 0 10205
0 0 5.79834e-06 0.000159794 0.00115057 99.8325 9.47869e-05 99.2257 2.7022e-05 0.276129 98.1921 0 0 0 0 0 0 0 0 0 0 10255
0 0 5.49206e-06 0.000156381 0.00110451 99.8392 9.34152e-05 99.2471 2.74288e-05 0.26917 98.0834 0 0 0 0 0 0 0 0 0 0 10307
0 0 4.68308e-06 0.00014458 0.000977818 99.8612 8.63264e-05 99.3315 2.80355e-05 0.251686 98.4791 0 0 0 0 0 0 0 0 0 0 10357
0 0 4.2023e-06 0.000140459 0.000909622 99.8686 8.34791e-05 99.3431 2.96804e-05 0.236577 98.5134 0 0 0 0 0 0 0 0 0 0 10408
0 0 3.99892e-06 0.000142842 0.000890172 99.8642 8.11832e-05 99.2941 3.21084e-05 0.225425 98.9838 0 0 0 0 0 0 0 0 0 0 10461
0 0 4.10492e-06 0.000155633 0.000932789 99.8404 8.57046e-05 99.1288 3.63331e-05 0.217313 99.2582 0 0 0 0 0 0 0 0 0 0 10512
0 0 4.04678e-06 0.000150225 0.000913718 99.8499 7.86494e-05 99.1945 3.47732e-05 0.219703 99.3662 0 0 0 0 0 0 0 0 0 0 10567
0 0 4.04678e-06 0.000150225 0.000913718 99.8499 7.86494e-05 99.1945 3.47732e-05 0.219703 99.3662 0 0 0 0 0 0 0 0 0 0 10620
0 0 3.93961e-06 0.000148515 0.000897436 99.853 7.64304e-05 99.206 3.50578e-05 0.217132 99.4118 0 0 0 0 0 0 0 0 0 0 10670
0 0 3.92893e-06 0.000148095 0.000895613 99.854 7.58863e-05 99.2127 3.48956e-05 0.217322 99.6673 0 0 0 0 0 0 0 0 0 0 10723
0 0 3.63454e-06 0.000138675 0.000837462 99.8712 7.03697e-05 99.3109 3.34922e-05 0.214546 99.4739 0 0 0 0 0 0 0 0 0 0 10775
0 0 3.67296e-06 0.000135865 0.000837196 99.876 6.72394e-05 99.3501 3.18999e-05 0.219214 99.5303 0 0 0 0 0 0 0 0 0 0 10826
0 0 3.77722e-06 0.000131445 0.000838989 99.8833 6.21133e-05 99.4121 2.93176e-05 0.228601 99.5994 0 0 0 0 0 0 0 0 0 0 10877
0 0 4.1243e-06 0.000139109 0.000901922 99.8702 5.74421e-05 99.3497 2.9773e-05 0.235494 99.6661 0 0 0 0 0 0 0 0 0 0 10931
0 0 5.17868e-06 0.000179228 0.00112518 99.7905 5.66758e-05 98.8814 3.71464e-05 0.236296 96.3785 0 0 0 0 0 0 0 0 0 0 10984
0 0 9.30415e-06 0.000329912 0.00195892 99.3346 6.85277e-05 95.9944 6.11256e-05 0.244163 85.5405 0 0 0 0 0 0 0 0 0 0 11035
0 0 2.97677e-05 0.00145716 0.0065347 89.8855 0.000174896 46.5378 0.000265209 0.217684 63.5369 0 0 0 0 0 0 0 0 0 0 11086
0 0 2.97677e-05 0.00145716 0.0065347 89.8855 0.000174896 46.5378 0.000265209 0.217684 63.5369 0 0 0 0 0 0 0 0 0 0 11138
0 0 0.000100359 0.00605855 0.0219906 37.095 0.000471277 3.6457 0.000985491 0.209259 43.0882 0 0 0 0 0 0 0 0 0 0 11189
0 0 0.000432289 0.0324024 0.0932644 2.35734 0.00169259 0.0955358 0.00452541 0.204229 19.2963 0 0 0 0 0 0 0 0 0 0 11241
0 0 0.00102811 0.087759 0.219576 0.359919 0.00300291 0.0107248 0.0112151 0.200811 5.21395 0 0 0 0 0 0 0 0 0 0 11291
0 0 0.00156281 0.143575 0.333315 0.14021 0.00412908 0.00358711 0.0178519 0.197265 0 0 0 0 0 0 0 0 0 0 0 11342
0 0 0.00182224 0.172708 0.386085 0.0984324 0.00456517 0.00237217 0.0213383 0.195245 0 0 0 0 0 0 0 0 0 0 0 11396
0 0 0.00182224 0.172708 0.386085 0.0984324 0.00456517 0.00237217 0.0213383 0.195245 0 0 0 0 0 0 0 0 0 0 0 11449
0 0 0.00194543 0.18456 0.40102 0.0866635 0.00468198 0.00204038 0.0227314 0.194028 0 0 0 0 0 0 0 0 0 0 0 11499
0 0 0.00196591 0.18984 0.415316 0.0827345 0.00463046 0.00192799 0.0234769 0.193308 0 0 0 0 0 0 0 0 0 0 0 11551
0 0 0.00198746 0.193151 0.421052 0.080677 0.00460123 0.00186132 0.0239717 0.192686 0 0 0 0 0 0 0 0 0 0 0 11602
0 0 0.00199372 0.1945 0.422943 0.0818352 0.00455834 0.00183594 0.0243174 0.192869 0 0 0 0 0 0 0 0 0 0 0 11657
0 0 0.00199803 0.194735 0.423154 0.0853644 0.00449549 0.00182682 0.0247371 0.192757 0 0 0 0 0 0 0 0 0 0 0 11707
0 0 0.00199743 0.194616 0.424251 0.0939795 0.00439264 0.00182116 0.0256827 0.19247 0 0 0 0 0 0 0 0 0 0 0 11776
0 0 0.00199743 0.194616 0.424251 0.0939795 0.00439264 0.00182116 0.0256827 0.19247 0 0 0 0 0 0 0 0 0 0 0 11873
0 0 0.00198412 0.193761 0.424556 0.176271 0.0037791 0.00182695 0.03205 0.193193 0 0 0 0 0 0 0 0 0 0 0 11926
0 0 0.00198412 0.193761 0.424556 0.176271 0.0037791 0.00182695 0.03205 0.193193 0 0 0 0 0 0 0 0 0 0 0 11978
0 0 0.00198815 0.193527 0.424051 0.184673 0.00373522 0.001828 0.0325228 0.193231 0 0 0 0 0 0 0 0 0 0 0 12031
0 0 0.00198562 0.193271 0.423477 0.145539 0.00395182 0.00182873 0.0300129 0.193544 0 0 0 0 0 0 0 0 0 0 0 12085
0 0 0.00198593 0.193146 0.423749 0.11192 0.00420087 0.00182805 0.0273326 0.193383 0 0 0 0 0 0 0 0 0 0 0 12134
0 0 0.00199038 0.193075 0.424513 0.0941284 0.00436931 0.00183146 0.0255324 0.193604 0 0 0 0 0 0 0 0 0 0 0 12189
0 0 0.0019919 0.193089 0.426174 0.0884592 0.00443624 0.00183511 0.0249294 0.194255 0 0 0 0 0 0 0 0 0 0 0 12249
0 0 0.00199971 0.193267 0.427379 0.0860644 0.00446948 0.00183708 0.0246658 0.194712 0 0 0 0 0 0 0 0 0 0 0 12297
0 0 0.00199971 0.193267 0.427379 0.0860644 0.00446948 0.00183708 0.0246658 0.194712 0 0 0 0 0 0 0 0 0 0 0 12350
0 0 0.00200597 0.193467 0.42737 0.0826545 0.00451792 0.00183397 0.0243309 0.194394 0 0 0 0 0 0 0 0 0 0 0 12404
0 0 0.00202022 0.193575 0.429162 0.0829218 0.0045369 0.00183475 0.024226 0.194814 0 0 0 0 0 0 0 0 0 0 0 12457
0 0 0.00204698 0.193819 0.431101 0.084732 0.00455054 0.00183975 0.023926 0.195603 0 0 0 0 0 0 0 0 0 0 0 12510
0 0 0.0020839 0.193975 0.435394 0.0881009 0.00455986 0.00185777 0.0234536 0.198326 0 0 0 0 0 0 0 0 0 0 0 12566
0 0 0.00211651 0.194057 0.437703 0.0905767 0.00456842 0.00186539 0.0231791 0.199695 0 0 0 0 0 0 0 0 0 0 0 12617
0 0 0.00217454 0.194214 0.442523 0.094914 0.00459007 0.0018713 0.0229799 0.201393 0 0 0 0 0 0 0 0 0 0 0 12671
0 0 0.00213814 0.194328 0.438418 0.0910924 0.00460068 0.00184467 0.0236264 0.19804 0 0 0 0 0 0 0 0 0 0 0 12726
0 0 0.00216965 0.194985 0.43759 0.0913328 0.00462483 0.00181513 0.0239901 0.194633 0 0 0 0 0 0 0 0 0 0 0 12779
0 0 0.00221891 0.195908 0.437325 0.0928731 0.00465881 0.00178344 0.0244249 0.191386 0 0 0 0 0 0 0 0 0 0 0 12831
0 0 0.00239914 0.198956 0.438992 0.100339 0.00478405 0.00169614 0.0257326 0.183312 0 0 0 0 0 0 0 0 0 0 0 12881
0 0 0.00280163 0.205823 0.440131 0.115233 0.00507285 0.00150822 0.0293129 0.165059 0 0 0 0 0 0 0 0 0 0 0 12933
0 0 0.00280163 0.205823 0.440131 0.115233 0.00507285 0.00150822 0.0293129 0.165059 0 0 0 0 0 0 0 0 0 0 0 12985
0 0 0.00378555 0.220092 0.4406 0.14938 0.00570049 0.00119234 0.0383732 0.133534 0 0 0 0 0 0 0 0 0 0 0 13039
0 0 0.00544258 0.239673 0.437056 0.200045 0.0065992 0.000876539 0.0550385 0.100799 0 0 0 0 0 0 0 0 0 0 0 13090
0 0 0.00887684 0.268405 0.434084 0.298476 0.00802086 0.000585376 0.0881961 0.0696298 0 0 0 0 0 0 0 0 0 0 0 13142
0 0 0.0131898 0.294226 0.430768 0.418863 0.00939001 0.000422173 0.129006 0.0516656 0 0 0 0 0 0 0 0 0 0 0 13192
0 0 0.0279094 0.348551 0.429912 0.784997 0.0125439 0.000233076 0.255145 0.0301885 0 0 0 0 0 0 0 0 0 0 0 13243
0 0 0.0402596 0.379111 0.428673 1.0656 0.0143431 0.000173281 0.360668 0.0232562 0 0 0 0 0 0 0 0 0 0 0 13296
0 0 0.0529482 0.40451 0.427339 1.34929 0.0158723 0.0001381 0.473588 0.0191208 0 0 0 0 0 0 0 0 0 0 0 13349
0 0 0.0529482 0.40451 0.427339 1.34929 0.0158723 0.0001381 0.473588 0.0191208 0 0 0 0 0 0 0 0 0 0 0 13403
0 0 0.0430549 0.387302 0.426442 1.13362 0.0144703 0.000161073 0.400999 0.0222563 0 0 0 0 0 0 0 0 0 0 0 13455
0 0 0.0580473 0.414577 0.425676 1.44933 0.0160824 0.000127336 0.521295 0.0180336 0 0 0 0 0 0 0 0 0 0 0 13513
0 0 0.0597719 0.417681 0.425737 1.48496 0.0159933 0.000124479 0.534079 0.0178154 0 0 0 0 0 0 0 0 0 0 0 13564
0 0 0.0866438 0.455033 0.424856 2.04239 0.018073 9.31562e-05 0.7377 0.0138431 -1.25853 0 0 0 0 0 0 0 0 0 0 13616
0 0 0.10587 0.476868 0.422643 2.46685 0.0195393 7.98651e-05 0.872101 0.0120205 -2.22097 0 0 0 0 0 0 0 0 0 0 13667
0 0 0.183372 0.546455 0.420036 4.02383 0.0246921 5.18882e-05 1.42116 0.0080629 -4.74751 0 0 0 0 0 0 0 0 0 0 13719
0 0 0.184964 0.547395 0.416643 5.3758 0.0250877 5.20666e-05 1.30293 0.00796839 -6.21923 0 0 0 0 0 0 0 0 0 0 13770
0 0 0.118864 0.503021 0.408606 4.31906 0.0211921 7.47851e-05 0.829218 0.0110201 -5.26617 0 0 0 0 0 0 0 0 0 0 13820
0 0 0.0532316 0.419823 0.403749 1.82646 0.0154245 0.000142104 0.414073 0.0197191 -1.0685 0 0 0 0 0 0 0 0 0 0 13873
0 0 0.0295854 0.368098 0.404115 0.894388 0.0122754 0.000225189 0.258127 0.0299853 0 0 0 0 0 0 0 0 0 0 0 13924
0 0 0.0295854 0.368098 0.404115 0.894388 0.0122754 0.000225189 0.258127 0.0299853 0 0 0 0 0 0 0 0 0 0 0 13974
0 0 0.0197287 0.332681 0.403121 0.646872 0.0105196 0.000310544 0.177342 0.0400316 0 0 0 0 0 0 0 0 0 0 0 14028
0 0 0.010796 0.289406 0.382781 0.388854 0.00817814 0.000520061 0.0955866 0.0639045 0 0 0 0 0 0 0 0 0 0 0 14080
0 0 0.00676122 0.263913 0.400816 0.255701 0.00700513 0.00072406 0.0676224 0.0860785 0 0 0 0 0 0 0 0 0 0 0 14131
0 0 0.0036083 0.229637 0.423506 0.140819 0.00568364 0.00114403 0.0413672 0.128986 0 0 0 0 0 0 0 0 0 0 0 14184
0 0 0.00274661 0.211835 0.427528 0.106737 0.0051697 0.00144043 0.0317154 0.157643 0 0 0 0 0 0 0 0 0 0 0 14237
0 0 0.00248753 0.203512 0.432195 0.100113 0.00508556 0.00161097 0.0277265 0.173967 0 0 0 0 0 0 0 0 0 0 0 14287
0 0 0.00239073 0.196864 0.441997 0.102674 0.00522891 0.00180259 0.0241329 0.191971 0 0 0 0 0 0 0 0 0 0 0 14339
0 0 0.00232571 0.194046 0.441292 0.10108 0.0054065 0.0018741 0.0228265 0.197153 0 0 0 0 0 0 0 0 0 0 0 14392
0 0 0.00232571 0.194046 0.441292 0.10108 0.0054065 0.0018741 0.0228265 0.197153 0 0 0 0 0 0 0 0 0 0 0 14446
0 0 0.00240335 0.195147 0.445709 0.105021 0.00525773 0.00185501 0.0223452 0.197148 0 0 0 0 0 0 0 0 0 0 0 14500
0 0 0.00232322 0.193803 0.44089 0.0993052 0.00508656 0.00187108 0.0223764 0.196892 0 0 0 0 0 0 0 0 0 0 0 14552
0 0 0.00225172 0.194226 0.43396 0.0966698 0.00500683 0.00182539 0.0233181 0.191784 0 0 0 0 0 0 0 0 0 0 0 14608
0 0 0.00224613 0.193917 0.433368 0.0911464 0.00489316 0.00182582 0.0236681 0.191916 0 0 0 0 0 0 0 0 0 0 0 14659
0 0 0.00224099 0.194144 0.429215 0.0892398 0.00490316 0.00180211 0.0242671 0.189486 0 0 0 0 0 0 0 0 0 0 0 14713
0 0 0.0022271 0.194566 0.427532 0.0882233 0.0048265 0.00178032 0.0247819 0.187896 0 0 0 0 0 0 0 0 0 0 0 14765
0 0 0.00216041 0.194627 0.42481 0.0862994 0.00481218 0.00176648 0.0252159 0.186854 0 0 0 0 0 0 0 0 0 0 0 14819
0 0 0.00219247 0.195973 0.42349 0.0884349 0.00484082 0.00171921 0.0259946 0.182536 0 0 0 0 0 0 0 0 0 0 0 14874
0 0 0.00219667 0.196266 0.425774 0.0866999 0.00482418 0.00171062 0.0263557 0.182086 0 0 0 0 0 0 0 0 0 0 0 14926
0 0 0.00217989 0.196196 0.425903 0.0859473 0.00476691 0.0017138 0.0261925 0.182654 0 0 0 0 0 0 0 0 0 0 0 14980
0 0 0.00226626 0.198315 0.42631 0.0890621 0.00480018 0.00165389 0.0272176 0.17752 0 0 0 0 0 0 0 0 0 0 0 15034
0 0 0.00226626 0.198315 0.42631 0.0890621 0.00480018 0.00165389 0.0272176 0.17752 0 0 0 0 0 0 0 0 0 0 0 15085
0 0 0.00232903 0.199653 0.426515 0.0912793 0.00481167 0.00161631 0.028028 0.174804 0 0 0 0 0 0 0 0 0 0 0 15138
0 0 0.00242384 0.20155 0.426522 0.0945774 0.00480998 0.00156592 0.028875 0.170957 0 0 0 0 0 0 0 0 0 0 0 15189
0 0 0.00286633 0.209541 0.426732 0.112223 0.00491788 0.00137007 0.0334539 0.155317 0 0 0 0 0 0 0 0 0 0 0 15242
0 0 0.00344477 0.218763 0.42713 0.135076 0.00484169 0.00118445 0.0392491 0.143154 0 0 0 0 0 0 0 0 0 0 0 15297
0 0 0.00446615 0.232568 0.42763 0.16858 0.00451093 0.000966075 0.0495996 0.131855 0 0 0 0 0 0 0 0 0 0 0 15350
0 0 0.00721582 0.259988 0.428734 0.242493 0.00376641 0.000664827 0.0768294 0.117028 0 0 0 0 0 0 0 0 0 0 0 15402
0 0 0.0099473 0.280204 0.42978 0.319537 0.00302322 0.000518427 0.101924 0.114598 0 0 0 0 0 0 0 0 0 0 0 15453
0 0 0.0104901 0.285232 0.440592 0.34177 0.00317852 0.000508163 0.103658 0.11065 0 0 0 0 0 0 0 0 0 0 0 15506
0 0 0.00909401 0.278644 0.445718 0.309856 0.00285012 0.000583895 0.0875871 0.12958 0 0 0 0 0 0 0 0 0 0 0 15557
0 0 0.00618232 0.261519 0.455032 0.243276 0.00204997 0.000868044 0.0539304 0.20748 0 0 0 0 0 0 0 0 0 0 0 15612
0 0 0.00618232 0.261519 0.455032 0.243276 0.00204997 0.000868044 0.0539304 0.20748 0 0 0 0 0 0 0 0 0 0 0 15666
0 0 0.00509273 0.258063 0.46745 0.220494 0.00168048 0.001085 0.040334 0.278846 0 0 0 0 0 0 0 0 0 0 0 15720
0 0 0.00378487 0.24594 0.523281 0.224704 0.00183898 0.00181869 0.0189376 0.475776 0 0 0 0 0 0 0 0 0 0 0 15774
0 0 0.00378487 0.24594 0.523281 0.224704 0.00183898 0.00181869 0.0189376 0.475776 0 0 0 0 0 0 0 0 0 0 0 15826
0 0 0.00397246 0.251809 0.56954 0.286506 0.00186737 0.00215898 0.0141158 0.608471 0 0 0 0 0 0 0 0 0 0 0 15879
0 0 0.00358692 0.291333 0.560529 0.253504 0.00198277 0.00225669 0.013385 0.613694 0 0 0 0 0 0 0 0 0 0 0 15929
0 0 0.00441105 0.355659 0.635164 0.408009 0.00187124 0.00261892 0.0097291 0.870076 0 0 0 0 0 0 0 0 0 0 0 15983
0 0 0.00447078 0.346926 0.64267 0.427182 0.00101584 0.00268927 0.00985984 1.15153 0 0 0 0 0 0 0 0 0 0 0 16037
0 0 0.00484642 0.351258 0.677139 0.519324 0.0007287 0.00288243 0.00935799 1.33242 0 0 0 0 0 0 0 0 0 0 0 16089
0 0 0.00731402 0.327874 0.555587 1.1775 0.000597083 0.00241034 0.0138838 0.988306 0 0 0 0 0 0 0 0 0 0 0 16142
0 0 0.0208926 0.327356 0.505954 10.4176 0.000580085 0.00223329 0.0150187 0.867494 -11.5112 0 0 0 0 0 0 0 0 0 0 16197
0 0 0.0208926 0.327356 0.505954 10.4176 0.000580085 0.00223329 0.0150187 0.867494 -11.5112 0 0 0 0 0 0 0 0 0 0 16250
0 0 0.0208926 0.327356 0.505954 10.4176 0.000580085 0.00223329 0.0150187 0.867494 -11.5112 0 0 0 0 0 0 0 0 0 0 16301
0 0 0.0208926 0.327356 0.505954 10.4176 0.000580085 0.00223329 0.0150187 0.867494 -11.5112 0 0 0 0 0 0 0 0 0 0 16353
0 0 0.0208926 0.327356 0.505954 10.4176 0.000580085 0.00223329 0.0150187 0.867494 -11.5112 0 0 0 0 0 0 0 0 0 0 16405
0 0 0.0208926 0.327356 0.505954 10.4176 0.000580085 0.00223329 0.0150187 0.867494 -11.5112 0 0 0 0 0 0 0 0 0 0 16457
0 0 0.0208926 0.327356 0.505954 10.4176 0.000580085 0.00223329 0.0150187 0.867494 -11.5112 0 0 0 0 0 0 0 0 0 0 16509
0 0 0.0208926 0.327356 0.505954 10.4176 0.000580085 0.00223329 0.0150187 0.867494 -11.5112 0 0 0 0 0 0 0 0 0 0 16560
0 0 0.0208926 0.327356 0.505954 10.4176 0.000580085 0.00223329 0.0150187 0.867494 -11.5112 0 0 0 0 0 0 0 0 0 0 16610
0 0 0.0208926 0.327356 0.505954 10.4176 0.000580085 0.00223329 0.0150187 0.867494 -11.5112 0 0 0 0 0 0 0 0 0 0 16663
0 0 0.0208926 0.327356 0.505954 10.4176 0.000580085 0.00223329 0.0150187 0.867494 -11.5112 0 0 0 0 0 0 0 0 0 0 16716
0 0 0.0208926 0.327356 0.505954 10.4176 0.000580085 0.00223329 0.0150187 0.867494 -11.5112 0 0 0 0 0 0 0 0 0 0 16769
0 0 0.0208926 0.327356 0.505954 10.4176 0.000580085 0.00223329 0.0150187 0.867494 -11.5112 0 0 0 0 0 0 0 0 0 0 16819
0 0 0.0208926 0.327356 0.505954 10.4176 0.000580085 0.00223329 0.0150187 0.867494 -11.5112 0 0 0 0 0 0 0 0 0 0 16872
0 0 0.0208926 0.327356 0.505954 10.4176 0.000580085 0.00223329 0.0150187 0.867494 -11.5112 0 0 0 0 0 0 0 0 0 0 16924
0 0 0.0208926 0.327356 0.505954 10.4176 0.000580085 0.00223329 0.0150187 0.867494 -11.5112 0 0 0 0 0 0 0 0 0 0 16973
0 0 0.0208926 0.327356 0.505954 10.4176 0.000580085 0.00223329 0.0150187 0.867494 -11.5112 0 0 0 0 0 0 0 0 0 0 17024
0 0 0.0208926 0.327356 0.505954 10.4176 0.000580085 0.00223329 0.0150187 0.867494 -11.5112 0 0 0 0 0 0 0 0 0 0 17074
0 0 0.0208926 0.327356 0.505954 10.4176 0.000580085 0.00223329 0.0150187 0.867494 -11.5112 0 0 0 0 0 0 0 0 0 0 17127
0 0 0.0208926 0.327356 0.505954 10.4176 0.000580085 0.00223329 0.0150187 0.867494 -11.5112 0 0 0 0 0 0 0 0 0 0 17180
0 0 0.0208926 0.327356 0.505954 10.4176 0.000580085 0.00223329 0.0150187 0.867494 -11.5112 0 0 0 0 0 0 0 0 0 0 17230
0 0 0.0208926 0.327356 0.505954 10.4176 0.000580085 0.00223329 0.0150187 0.867494 -11.5112 0 0 0 0 0 0 0 0 0 0 17283
0 0 0.0208926 0.327356 0.505954 10.4176 0.000580085 0.00223329 0.0150187 0.867494 -11.5112 0 0 0 0 0 0 0 0 0 0 17336
0 0 0.0208926 0.327356 0.505954 10.4176 0.000580085 0.00223329 0.0150187 0.867494 -11.5112 0 0 0 0 0 0 0 0 0 0 17387
0 0 0.0208926 0.327356 0.505954 10.4176 0.000580085 0.00223329 0.0150187 0.867494 -11.5112 0 0 0 0 0 0 0 0 0 0 17437
0 0 0.0208926 0.327356 0.505954 10.4176 0.000580085 0.00223329 0.0150187 0.867494 -11.5112 0 0 0 0 0 0 0 0 0 0 17489
0 0 0.0208926 0.327356 0.505954 10.4176 0.000580085 0.00223329 0.0150187 0.867494 -11.5112 0 0 0 0 0 0 0 0 0 0 17540
0 0 0.0208926 0.327356 0.505954 10.4176 0.000580085 0.00223329 0.0150187 0.867494 -11.5112 0 0 0 0 0 0 0 0 0 0 17591
0 0 0.0208926 0.327356 0.505954 10.4176 0.000580085 0.00223329 0.0150187 0.867494 -11.5112 0 0 0 0 0 0 0 0 0 0 17643
0 0 0.0208926 0.327356 0.505954 10.4176 0.000580085 0.00223329 0.0150187 0.867494 -11.5112 0 0 0 0 0 0 0 0 0 0 17695
0 0 0.0208926 0.327356 0.505954 10.4176 0.000580085 0.00223329 0.0150187 0.867494 -11.5112 0 0 0 0 0 0 0 0 0 0 17746
0 0 0.0208926 0.327356 0.505954 10.4176 0.000580085 0.00223329 0.0150187 0.867494 -11.5112 0 0 0 0 0 0 0 0 0 0 17798
0 0 0.0208926 0.327356 0.505954 10.4176 0.000580085 0.00223329 0.0150187 0.867494 -11.5112 0 0 0 0 0 0 0 0 0 0 17851
0 0 0.0208926 0.327356 0.505954 10.4176 0.000580085 0.00223329 0.0150187 0.867494 -11.5112 0 0 0 0 0 0 0 0 0 0 17902
0 0 0.0208926 0.327356 0.505954 10.4176 0.000580085 0.00223329 0.0150187 0.867494 -11.5112 0 0 0 0 0 0 0 0 0 0 17952
0 0 0.0208926 0.327356 0.505954 10.4176 0.000580085 0.00223329 0.0150187 0.867494 -11.5112 0 0 0 0 0 0 0 0 0 0 18003
0 0 0.0208926 0.327356 0.505954 10.4176 0.000580085 0.00223329 0.0150187 0.867494 -11.5112 0 0 0 0 0 0 0 0 0 0 18053
0 0 0.0208926 0.327356 0.505954 10.4176 0.000580085 0.00223329 0.0150187 0.867494 -11.5112 0 0 0 0 0 0 0 0 0 0 18104
0 0 0.0208926 0.327356 0.505954 10.4176 0.000580085 0.00223329 0.0150187 0.867494 -11.5112 0 0 0 0 0 0 0 0 0 0 18155
0 0 0.0208926 0.327356 0.505954 10.4176 0.000580085 0.00223329 0.0150187 0.867494 -11.5112 0 0 0 0 0 0 0 0 0 0 18207
0 0 0.0208926 0.327356 0.505954 10.4176 0.000580085 0.00223329 0.0150187 0.867494 -11.5112 0 0 0 0 0 0 0 0 0 0 18259
0 0 0.0208926 0.327356 0.505954 10.4176 0.000580085 0.00223329 0.0150187 0.867494 -11.5112 0 0 0 0 0 0 0 0 0 0 18312
0 0 0.0208926 0.327356 0.505954 10.4176 0.000580085 0.00223329 0.0150187 0.867494 -11.5112 0 0 0 0 0 0 0 0 0 0 18367
0 0 0.0208926 0.327356 0.505954 10.4176 0.000580085 0.00223329 0.0150187 0.867494 -11.5112 0 0 0 0 0 0 0 0 0 0 18419
0 0 0.0208926 0.327356 0.505954 10.4176 0.000580085 0.00223329 0.0150187 0.867494 -11.5112 0 0 0 0 0 0 0 0 0 0 18469
0 0 0.0208926 0.327356 0.505954 10.4176 0.000580085 0.00223329 0.0150187 0.867494 -11.5112 0 0 0 0 0 0 0 0 0 0 18521
0 0 0.0208926 0.327356 0.505954 10.4176 0.000580085 0.00223329 0.0150187 0.867494 -11.5112 0 0 0 0 0 0 0 0 0 0 18574
0 0 0.0208926 0.327356 0.505954 10.4176 0.000580085 0.00223329 0.0150187 0.867494 -11.5112 0 0 0 0 0 0 0 0 0 0 18625
0 0 0.0208926 0.327356 0.505954 10.4176 0.000580085 0.00223329 0.0150187 0.867494 -11.5112 0 0 0 0 0 0 0 0 0 0 18675
0 0 0.0208926 0.327356 0.505954 10.4176 0.000580085 0.00223329 0.0150187 0.867494 -11.5112 0 0 0 0 0 0 0 0 0 0 18728
0 0 0.0208926 0.327356 0.505954 10.4176 0.000580085 0.00223329 0.0150187 0.867494 -11.5112 0 0 0 0 0 0 0 0 0 0 18780
0 0 0.0208926 0.327356 0.505954 10.4176 0.000580085 0.00223329 0.0150187 0.867494 -11.5112 0 0 0 0 0 0 0 0 0 0 18833
0 0 0.0208926 0.327356 0.505954 10.4176 0.000580085 0.00223329 0.0150187 0.867494 -11.5112 0 0 0 0 0 0 0 0 0 0 18883
0 0 0.0208926 0.327356 0.505954 10.4176 0.000580085 0.00223329 0.0150187 0.867494 -11.5112 0 0 0 0 0 0 0 0 0 0 18934
0 0 0.0208926 0.327356 0.505954 10.4176 0.000580085 0.00223329 0.0150187 0.867494 -11.5112 0 0 0 0 0 0 0 0 0 0 18985
0 0 0.0208926 0.327356 0.505954 10.4176 0.000580085 0.00223329 0.0150187 0.867494 -11.5112 0 0 0 0 0 0 0 0 0 0 19035
0 0 0.0208926 0.327356 0.505954 10.4176 0.000580085 0.00223329 0.0150187 0.867494 -11.5112 0 0 0 0 0 0 0 0 0 0 19086
0 0 0.0208926 0.327356 0.505954 10.4176 0.000580085 0.00223329 0.0150187 0.867494 -11.5112 0 0 0 0 0 0 0 0 0 0 19138
0 0 0.0208926 0.327356 0.505954 10.4176 0.000580085 0.00223329 0.0150187 0.867494 -11.5112 0 0 0 0 0 0 0 0 0 0 19190
0 0 0.0208926 0.327356 0.505954 10.4176 0.000580085 0.00223329 0.0150187 0.867494 -11.5112 0 0 0 0 0 0 0 0 0 0 19241
0 0 0.0208926 0.327356 0.505954 10.4176 0.000580085 0.00223329 0.0150187 0.867494 -11.5112 0 0 0 0 0 0 0 0 0 0 19293
0 0 0.0208926 0.327356 0.505954 10.4176 0.000580085 0.00223329 0.0150187 0.867494 -11.5112 0 0 0 0 0 0 0 0 0 0 19343
0 0 0.0208926 0.327356 0.505954 10.4176 0.000580085 0.00223329 0.0150187 0.867494 -11.5112 0 0 0 0 0 0 0 0 0 0 19395
0 0 0.0208926 0.327356 0.505954 10.4176 0.000580085 0.00223329 0.0150187 0.867494 -11.5112 0 0 0 0 0 0 0 0 0 0 19448
0 0 0.0208926 0.327356 0.505954 10.4176 0.000580085 0.00223329 0.0150187 0.867494 -11.5112 0 0 0 0 0 0 0 0 0 0 19499
0 0 0.0208926 0.327356 0.505954 10.4176 0.000580085 0.00223329 0.0150187 0.867494 -11.5112 0 0 0 0 0 0 0 0 0 0 19551
0 0 0.0208926 0.327356 0.505954 10.4176 0.000580085 0.00223329 0.0150187 0.867494 -11.5112 0 0 0 0 0 0 0 0 0 0 19601
0 0 0.0208926 0.327356 0.505954 10.4176 0.000580085 0.00223329 0.0150187 0.867494 -11.5112 0 0 0 0 0 0 0 0 0 0 19651
0 0 0.0208926 0.327356 0.505954 10.4176 0.000580085 0.00223329 0.0150187 0.867494 -11.5112 0 0 0 0 0 0 0 0 0 0 19703
0 0 0.0208926 0.327356 0.505954 10.4176 0.000580085 0.00223329 0.0150187 0.867494 -11.5112 0 0 0 0 0 0 0 0 0 0 19754
0 0 0.0208926 0.327356 0.505954 10.4176 0.000580085 0.00223329 0.0150187 0.867494 -11.5112 0 0 0 0 0 0 0 0 0 0 19806
0 0 0.0208926 0.327356 0.505954 10.4176 0.000580085 0.00223329 0.0150187 0.867494 -11.5112 0 0 0 0 0 0 0 0 0 0 19858
0 0 0.0208926 0.327356 0.505954 10.4176 0.000580085 0.00223329 0.0150187 0.867494 -11.5112 0 0 0 0 0 0 0 0 0 0 19909
0 0 0.0208926 0.327356 0.505954 10.4176 0.000580085 0.00223329 0.0150187 0.867494 -11.5112 0 0 0 0 0 0 0 0 0 0 19960
0 0 0.0208926 0.327356 0.505954 10.4176 0.000580085 0.00223329 0.0150187 0.867494 -11.5112 0 0 0 0 0 0 0 0 0 0 20010
0 0 0.0208926 0.327356 0.505954 10.4176 0.000580085 0.00223329 0.0150187 0.867494 -11.5112 0 0 0 0 0 0 0 0 0 0 20064
0 0 0.0208926 0.327356 0.505954 10.4176 0.000580085 0.00223329 0.0150187 0.867494 -11.5112 0 0 0 0 0 0 0 0 0 0 20117
0 0 0.0208926 0.327356 0.505954 10.4176 0.000580085 0.00223329 0.0150187 0.867494 -11.5112 0 0 0 0 0 0 0 0 0 0 20168
0 0 0.0208926 0.327356 0.505954 10.4176 0.000580085 0.00223329 0.0150187 0.867494 -11.5112 0 0 0 0 0 0 0 0 0 0 20221
0 0 0.0208926 0.327356 0.505954 10.4176 0.000580085 0.00223329 0.0150187 0.867494 -11.5112 0 0 0 0 0 0 0 0 0 0 20274
0 0 0.0208926 0.327356 0.505954 10.4176 0.000580085 0.00223329 0.0150187 0.867494 -11.5112 0 0 0 0 0 0 0 0 0 0 20326
0 0 0.0208926 0.327356 0.505954 10.4176 0.000580085 0.00223329 0.0150187 0.867494 -11.5112 0 0 0 0 0 0 0 0 0 0 20380
0 0 0.0208926 0.327356 0.505954 10.4176 0.000580085 0.00223329 0.0150187 0.867494 -11.5112 0 0 0 0 0 0 0 0 0 0 20432
0 0 0.0208926 0.327356 0.505954 10.4176 0.000580085 0.00223329 0.0150187 0.867494 -11.5112 0 0 0 0 0 0 0 0 0 0 20484
0 0 0.0208926 0.327356 0.505954 10.4176 0.000580085 0.00223329 0.0150187 0.867494 -11.5112 0 0 0 0 0 0 0 0 0 0 20536
0 0 0.0208926 0.327356 0.505954 10.4176 0.000580085 0.00223329 0.0150187 0.867494 -11.5112 0 0 0 0 0 0 0 0 0 0 20589
0 0 0.0208926 0.327356 0.505954 10.4176 0.000580085 0.00223329 0.0150187 0.867494 -11.5112 0 0 0 0 0 0 0 0 0 0 20639
0 0 0.0208926 0.327356 0.505954 10.4176 0.000580085 0.00223329 0.0150187 0.867494 -11.5112 0 0 0 0 0 0 0 0 0 0 20689
0 0 0.0208926 0.327356 0.505954 10.4176 0.000580085 0.00223329 0.0150187 0.867494 -11.5112 0 0 0 0 0 0 0 0 0 0 20743
0 0 0.0208926 0.327356 0.505954 10.4176 0.000580085 0.00223329 0.0150187 0.867494 -11.5112 0 0 0 0 0 0 0 0 0 0 20796
0 0 0.0208926 0.327356 0.505954 10.4176 0.000580085 0.00223329 0.0150187 0.867494 -11.5112 0 0 0 0 0 0 0 0 0 0 20848
0 0 0.0208926 0.327356 0.505954 10.4176 0.000580085 0.00223329 0.0150187 0.867494 -11.5112 0 0 0 0 0 0 0 0 0 0 20900
0 0 0.0208926 0.327356 0.505954 10.4176 0.000580085 0.00223329 0.0150187 0.867494 -11.5112 0 0 0 0 0 0 0 0 0 0 20951
0 0 0.0208926 0.327356 0.505954 10.4176 0.000580085 0.00223329 0.0150187 0.867494 -11.5112 0 0 0 0 0 0 0 0 0 0 21002
0 0 0.0208926 0.327356 0.505954 10.4176 0.000580085 0.00223329 0.0150187 0.867494 -11.5112 0 0 0 0 0 0 0 0 0 0 21052
0 0 0.0208926 0.327356 0.505954 10.4176 0.000580085 0.00223329 0.0150187 0.867494 -11.5112 0 0 0 0 0 0 0 0 0 0 21105
0 0 0.0208926 0.327356 0.505954 10.4176 0.000580085 0.00223329 0.0150187 0.867494 -11.5112 0 0 0 0 0 0 0 0 0 0 21155
0 0 0.0208926 0.327356 0.505954 10.4176 0.000580085 0.00223329 0.0150187 0.867494 -11.5112 0 0 0 0 0 0 0 0 0 0 21208
0 0 0.0208926 0.327356 0.505954 10.4176 0.000580085 0.00223329 0.0150187 0.867494 -11.5112 0 0 0 0 0 0 0 0 0 0 21258
0 0 0.0208926 0.327356 0.505954 10.4176 0.000580085 0.00223329 0.0150187 0.867494 -11.5112 0 0 0 0 0 0 0 0 0 0 21308
0 0 0.0208926 0.327356 0.505954 10.4176 0.000580085 0.00223329 0.0150187 0.867494 -11.5112 0 0 0 0 0 0 0 0 0 0 21361
0 0 0.0208926 0.327356 0.505954 10.4176 0.000580085 0.00223329 0.0150187 0.867494 -11.5112 0 0 0 0 0 0 0 0 0 0 21413
0 0 0.0208926 0.327356 0.505954 10.4176 0.000580085 0.00223329 0.0150187 0.867494 -11.5112 0 0 0 0 0 0 0 0 0 0 21470
0 0 0.0208926 0.327356 0.505954 10.4176 0.000580085 0.00223329 0.0150187 0.867494 -11.5112 0 0 0 0 0 0 0 0 0 0 21523
0 0 0.0208926 0.327356 0.505954 10.4176 0.000580085 0.00223329 0.0150187 0.867494 -11.5112 0 0 0 0 0 0 0 0 0 0 21574
0 0 0.0208926 0.327356 0.505954 10.4176 0.000580085 0.00223329 0.0150187 0.867494 -11.5112 0 0 0 0 0 0 0 0 0 0 21625
0 0 0.0208926 0.327356 0.505954 10.4176 0.000580085 0.00223329 0.0150187 0.867494 -11.5112 0 0 0 0 0 0 0 0 0 0 21676
0 0 0.0208926 0.327356 0.505954 10.4176 0.000580085 0.00223329 0.0150187 0.867494 -11.5112 0 0 0 0 0 0 0 0 0 0 21728
0 0 0.0208926 0.327356 0.505954 10.4176 0.000580085 0.00223329 0.0150187 0.867494 -11.5112 0 0 0 0 0 0 0 0 0 0 21782
0 0 0.00200847 0.19296 0.427951 0.0809396 0.00454593 0.00182896 0.0239661 0.193241 0 0 0 0 0 0 0 0 0 0 0 21832
0 0 0.00203007 0.192668 0.428037 0.0802462 0.00453527 0.00183219 0.0239568 0.193211 0 0 0 0 0 0 0 0 0 0 0 21882
0 0 0.00207971 0.192643 0.432711 0.084196 0.00453286 0.00183266 0.0239792 0.193177 0 0 0 0 0 0 0 0 0 0 0 21934
0 0 0.00211198 0.192644 0.428978 0.0811565 0.00453463 0.00183215 0.0239785 0.193134 0 0 0 0 0 0 0 0 0 0 0 21987
0 0 0.00208683 0.192734 0.427288 0.0796854 0.00454025 0.00183008 0.0240454 0.19301 0 0 0 0 0 0 0 0 0 0 0 22039
0 0 0.00203064 0.192778 0.426725 0.0796914 0.00454474 0.00182886 0.0240884 0.192982 0 0 0 0 0 0 0 0 0 0 0 22094
0 0 0.00202451 0.192874 0.426666 0.0801206 0.00455072 0.00182662 0.0241177 0.192908 0 0 0 0 0 0 0 0 0 0 0 22145
0 0 0.0020099 0.192951 0.426626 0.0800948 0.00455401 0.00182461 0.0241849 0.192832 0 0 0 0 0 0 0 0 0 0 0 22198
0 0 0.00201897 0.193178 0.426276 0.082151 0.00456633 0.00181762 0.0242342 0.192323 0 0 0 0 0 0 0 0 0 0 0 22248
0 0 0.00198442 0.193222 0.425997 0.0829168 0.00459454 0.00181867 0.0247153 0.193871 0 0 0 0 0 0 0 0 0 0 0 22301
0 0 0.00198787 0.193365 0.425276 0.0858514 0.00460352 0.00181725 0.0246479 0.194091 0 0 0 0 0 0 0 0 0 0 0 22353
0 0 0.00202643 0.193369 0.425194 0.0994196 0.00457271 0.00181731 0.0232404 0.192576 0 0 0 0 0 0 0 0 0 0 0 22403
0 0 0.00203716 0.193447 0.425477 0.0880429 0.00457689 0.00181707 0.0239805 0.192733 0 0 0 0 0 0 0 0 0 0 0 22454
0 0 0.00204411 0.1936 0.425688 0.0845904 0.00457499 0.00181257 0.0241228 0.191903 0 0 0 0 0 0 0 0 0 0 0 22507
0 0 0.0020678 0.193796 0.42509 0.0849833 0.00458257 0.00180632 0.0241933 0.191283 0 0 0 0 0 0 0 0 0 0 0 22560
0 0 0.00207257 0.194049 0.424396 0.0830394 0.00458951 0.0017998 0.0244138 0.190579 0 0 0 0 0 0 0 0 0 0 0 22614
0 0 0.00207748 0.194117 0.423712 0.0826448 0.00459094 0.00179786 0.0244624 0.190362 0 0 0 0 0 0 0 0 0 0 0 22667
0 0 0.00209781 0.195735 0.424176 0.0830131 0.00462991 0.00176972 0.0250817 0.187734 0 0 0 0 0 0 0 0 0 0 0 22719
0 0 0.00214309 0.197101 0.424294 0.0844272 0.00467427 0.00173838 0.0256627 0.184792 0 0 0 0 0 0 0 0 0 0 0 22772
0 0 0.00208329 0.196096 0.424691 0.0833533 0.00465853 0.00175727 0.0256055 0.187161 0 0 0 0 0 0 0 0 0 0 0 22823
0 0 0.00208329 0.196096 0.424691 0.0833533 0.00465853 0.00175727 0.0256055 0.187161 0 0 0 0 0 0 0 0 0 0 0 22874
0 0 0.00207391 0.19579 0.425529 0.0827922 0.00465252 0.0017649 0.0256196 0.188205 0 0 0 0 0 0 0 0 0 0 0 22926
0 0 0.00210362 0.195661 0.426234 0.0827228 0.00464459 0.00176767 0.0254791 0.188279 0 0 0 0 0 0 0 0 0 0 0 22978
0 0 0.00215563 0.195152 0.426989 0.082344 0.00463624 0.00177676 0.0254161 0.189383 0 0 0 0 0 0 0 0 0 0 0 23034
0 0 0.00227192 0.195006 0.429362 0.0830766 0.00463384 0.00177753 0.0254062 0.189453 0 0 0 0 0 0 0 0 0 0 0 23084
0 0 0.00250854 0.194555 0.430757 0.0838727 0.00464309 0.00179056 0.0257546 0.192029 0 0 0 0 0 0 0 0 0 0 0 23134
0 0 0.00250854 0.194555 0.430757 0.0838727 0.00464309 0.00179056 0.0257546 0.192029 0 0 0 0 0 0 0 0 0 0 0 23186
0 0 0.00270783 0.194101 0.433933 0.0864698 0.00461561 0.00180213 0.0252859 0.192574 0 0 0 0 0 0 0 0 0 0 0 23237
0 0 0.00408239 0.193865 0.435501 0.0872292 0.00460552 0.00180875 0.0251456 0.193233 0 0 0 0 0 0 0 0 0 0 0 23289
0 0 0.00461856 0.193566 0.434945 0.0867474 0.00458405 0.00181337 0.0247807 0.193058 0 0 0 0 0 0 0 0 0 0 0 23342
0 0 0.00559283 0.193504 0.435053 0.086706 0.00457579 0.0018144 0.0246241 0.192972 0 0 0 0 0 0 0 0 0 0 0 23395
0 0 0.00418302 0.193245 0.440121 0.0921226 0.00455382 0.00182252 0.0242509 0.193373 0 0 0 0 0 0 0 0 0 0 0 23446
0 0 0.00296686 0.193139 0.441034 0.0920536 0.00454904 0.00183069 0.0240618 0.194349 0 0 0 0 0 0 0 0 0 0 0 23498
0 0 0.00279925 0.193108 0.447349 0.0977036 0.0045457 0.00183491 0.0239143 0.194821 0 0 0 0 0 0 0 0 0 0 0 23552
0 0 0.00257004 0.192974 0.457045 0.106118 0.00453828 0.00184452 0.0236519 0.195874 0 0 0 0 0 0 0 0 0 0 0 23604
0 0 0.00257004 0.192974 0.457045 0.106118 0.00453828 0.00184452 0.0236519 0.195874 0 0 0 0 0 0 0 0 0 0 0 23657
0 0 0.0023488 0.192959 0.46653 0.119645 0.00453835 0.00184839 0.0234231 0.196186 0 0 0 0 0 0 0 0 0 0 0 23709
0 0 0.0023488 0.192959 0.46653 0.119645 0.00453835 0.00184839 0.0234231 0.196186 0 0 0 0 0 0 0 0 0 0 0 23759
0 0 0.00230139 0.192884 0.492498 0.154329 0.00453722 0.00185708 0.0231806 0.197259 0 0 0 0 0 0 0 0 0 0 0 23812
0 0 0.00231989 0.192896 0.490345 0.149204 0.00453826 0.00187754 0.0226657 0.200166 0 0 0 0 0 0 0 0 0 0 0 23864
0 0 0.00233294 0.192905 0.492954 0.148741 0.0045398 0.00188359 0.0225462 0.200989 0 0 0 0 0 0 0 0 0 0 0 23915
0 0 0.00232988 0.192896 0.471584 0.121302 0.00454127 0.00189964 0.0221469 0.203235 0 0 0 0 0 0 0 0 0 0 0 23968
0 0 0.00233923 0.192924 0.462065 0.10677 0.00454224 0.00190763 0.0220163 0.204247 0 0 0 0 0 0 0 0 0 0 0 24021
0 0 0.00234125 0.192937 0.457327 0.0992929 0.00454258 0.001906 0.0220719 0.203832 0 0 0 0 0 0 0 0 0 0 0 24073
0 0 0.00234411 0.192899 0.466494 0.0990513 0.00454271 0.00192961 0.0216671 0.207119 0 0 0 0 0 0 0 0 0 0 0 24124
0 0 0.00234411 0.192899 0.466494 0.0990513 0.00454271 0.00192961 0.0216671 0.207119 0 0 0 0 0 0 0 0 0 0 0 24176
0 0 0.00236625 0.192878 0.470156 0.106147 0.00454098 0.00196312 0.0209788 0.211793 0 0 0 0 0 0 0 0 0 0 0 24226
0 0 0.00240586 0.192759 0.471034 0.109458 0.00453954 0.00198317 0.020661 0.214288 0 0 0 0 0 0 0 0 0 0 0 24277
0 0 0.00250995 0.192586 0.478291 0.120759 0.00453646 0.00204142 0.0196709 0.222102 0 0 0 0 0 0 0 0 0 0 0 24329
0 0 0.00250213 0.192544 0.473359 0.121295 0.00453625 0.0020463 0.0195976 0.222656 0 0 0 0 0 0 0 0 0 0 0 24382
0 0 0.00268643 0.192301 0.480423 0.143755 0.00453181 0.00214401 0.0179648 0.236312 0 0 0 0 0 0 0 0 0 0 0 24434
0 0 0.00280027 0.191882 0.494478 0.157442 0.00452648 0.00220308 0.0172705 0.243997 0 0 0 0 0 0 0 0 0 0 0 24492
0 0 0.00277448 0.19128 0.488632 0.17829 0.00451332 0.00221628 0.0172558 0.243584 0 0 0 0 0 0 0 0 0 0 0 24546
0 0 0.00293378 0.190496 0.497793 0.287161 0.00449606 0.00231643 0.0160914 0.255592 0 0 0 0 0 0 0 0 0 0 0 24599
0 0 0.00295777 0.189496 0.48191 0.668133 0.00447167 0.00235761 0.0156636 0.257233 0 0 0 0 0 0 0 0 0 0 0 24649
0 0 0.00295777 0.189496 0.48191 0.668133 0.00447167 0.00235761 0.0156636 0.257233 0 0 0 0 0 0 0 0 0 0 0 24702
0 0 0.00325863 0.188049 0.51121 1.12322 0.00444169 0.00253407 0.0141561 0.27738 0 0 0 0 0 0 0 0 0 0 0 24754
0 0 0.00341469 0.184787 0.532008 2.85735 0.00437521 0.00273458 0.0131045 0.292601 0 0 0 0 0 0 0 0 0 0 0 24805
0 0 0.00369262 0.180582 0.549915 2.17546 0.00428775 0.003032 0.0116261 0.314496 0 0 0 0 0 0 0 0 0 0 0 24856
0 0 0.00418883 0.176196 0.601238 2.62928 0.00419732 0.00345765 0.00993386 0.350372 0 0 0 0 0 0 0 0 0 0 0 24907
0 0 0.00438203 0.166827 0.613327 2.04027 0.00399551 0.00411368 0.00857352 0.37721 0 0 0 0 0 0 0 0 0 0 0 24959
0 0 0.00461527 0.163287 0.637531 2.59056 0.00392021 0.00449168 0.00776278 0.399784 0 0 0 0 0 0 0 0 0 0 0 25011
0 0 0.00547501 0.168225 0.723007 5.08529 0.00402741 0.00455323 0.0069201 0.445793 0 0 0 0 0 0 0 0 0 0 0 25062
0 0 0.00582446 0.17062 0.7352 5.68163 0.00408195 0.00453479 0.00668788 0.46285 0 0 0 0 0 0 0 0 0 0 0 25116
0 0 0.00597465 0.175663 0.747715 3.44535 0.00419423 0.00425916 0.00689089 0.463344 0 0 0 0 0 0 0 0 0 0 0 25165
0 0 0.00597465 0.175663 0.747715 3.44535 0.00419423 0.00425916 0.00689089 0.463344 0 0 0 0 0 0 0 0 0 0 0 25217
0 0 0.00622955 0.174796 0.76635 2.40505 0.00418036 0.00440304 0.00659454 0.477627 0 0 0 0 0 0 0 0 0 0 0 25271
0 0 0.00599873 0.177892 0.752674 2.14684 0.00424541 0.00411378 0.00707613 0.458414 0 0 0 0 0 0 0 0 0 0 0 25321
0 0 0.00546255 0.178485 0.720745 2.03561 0.00425911 0.00387708 0.00782768 0.426959 0 0 0 0 0 0 0 0 0 0 0 25376
0 0 0.00553211 0.180506 0.733144 1.47639 0.00430307 0.00378339 0.00789507 0.426618 0 0 0 0 0 0 0 0 0 0 0 25427
0 0 0.0048332 0.184447 0.683034 1.22481 0.00439512 0.00330897 0.00947527 0.378838 0 0 0 0 0 0 0 0 0 0 0 25481
0 0 0.00460155 0.18719 0.663202 0.705173 0.00446456 0.00308202 0.0103085 0.357948 0 0 0 0 0 0 0 0 0 0 0 25534
0 0 0.00416432 0.189348 0.631761 0.610487 0.00452182 0.0027995 0.0117357 0.323349 0 0 0 0 0 0 0 0 0 0 0 25588
0 0 0.00416432 0.189348 0.631761 0.610487 0.00452182 0.0027995 0.0117357 0.323349 0 0 0 0 0 0 0 0 0 0 0 25638
0 0 0.00386748 0.191332 0.599603 0.463871 0.00457294 0.00258341 0.0130642 0.296938 0 0 0 0 0 0 0 0 0 0 0 25690
0 0 0.00334278 0.193264 0.544838 0.356034 0.00462289 0.00230778 0.0153751 0.261426 0 0 0 0 0 0 0 0 0 0 0 25744
0 0 0.00294185 0.194829 0.505737 0.39056 0.00466871 0.00208707 0.0185993 0.232296 0 0 0 0 0 0 0 0 0 0 0 25794
0 0 0.00281489 0.195598 0.490361 0.310024 0.00468441 0.0020061 0.0198793 0.222014 0 0 0 0 0 0 0 0 0 0 0 25849
0 0 0.00261557 0.195441 0.473142 0.331795 0.00466447 0.00194993 0.0209133 0.213604 0 0 0 0 0 0 0 0 0 0 0 25901
0 0 0.00241195 0.195676 0.452055 0.303639 0.00466405 0.00185931 0.0227147 0.20098 0 0 0 0 0 0 0 0 0 0 0 25953
0 0 0.00235392 0.196012 0.445454 0.305289 0.00466949 0.00182348 0.0233732 0.196452 0 0 0 0 0 0 0 0 0 0 0 26004
0 0 0.00229633 0.196092 0.440153 0.290687 0.00465914 0.0018083 0.0237466 0.194047 0 0 0 0 0 0 0 0 0 0 0 26055
0 0 0.00229633 0.196092 0.440153 0.290687 0.00465914 0.0018083 0.0237466 0.194047 0 0 0 0 0 0 0 0 0 0 0 26108
0 0 0.00226361 0.195862 0.438305 0.247282 0.00464418 0.00181061 0.0238006 0.193911 0 0 0 0 0 0 0 0 0 0 0 26159
0 0 0.0022436 0.195598 0.436794 0.222846 0.00462645 0.00182006 0.0237063 0.194674 0 0 0 0 0 0 0 0 0 0 0 26209
0 0 0.00222651 0.195306 0.438461 0.311846 0.00459591 0.00184527 0.023276 0.197285 0 0 0 0 0 0 0 0 0 0 0 26260
0 0 0.00219664 0.195563 0.437411 0.325198 0.00458994 0.00184012 0.0234277 0.196318 0 0 0 0 0 0 0 0 0 0 0 26313
0 0 0.00215134 0.195573 0.433131 0.344689 0.0045777 0.00183584 0.0235805 0.195338 0 0 0 0 0 0 0 0 0 0 0 26366
0 0 0.00213357 0.19543 0.431944 0.312158 0.00456815 0.0018357 0.0236881 0.195004 0 0 0 0 0 0 0 0 0 0 0 26419
0 0 0.00210265 0.195977 0.429885 0.316188 0.00456442 0.00183262 0.0238351 0.19445 0 0 0 0 0 0 0 0 0 0 0 26471
0 0 0.00207099 0.195855 0.429314 0.313574 0.00455988 0.00183302 0.0238631 0.194353 0 0 0 0 0 0 0 0 0 0 0 26521
0 0 0.00207099 0.195855 0.429314 0.313574 0.00455988 0.00183302 0.0238631 0.194353 0 0 0 0 0 0 0 0 0 0 0 26574
0 0 0.00204931 0.195955 0.428398 0.290294 0.004555 0.00183361 0.0238614 0.194243 0 0 0 0 0 0 0 0 0 0 0 26625
0 0 0.00203476 0.195724 0.427986 0.291439 0.00456169 0.00182604 0.0240788 0.193471 0 0 0 0 0 0 0 0 0 0 0 26675
0 0 0.00201688 0.195598 0.427592 0.321486 0.00455955 0.00182605 0.0241172 0.193468 0 0 0 0 0 0 0 0 0 0 0 26729
0 0 0.00199457 0.195657 0.427349 0.29664 0.00456435 0.00182843 0.0242821 0.194138 0 0 0 0 0 0 0 0 0 0 0 26779
0 0 0.00199036 0.195336 0.426345 0.253451 0.00456227 0.00182847 0.024312 0.194163 0 0 0 0 0 0 0 0 0 0 0 26833
0 0 0.00198101 0.195251 0.426411 0.225925 0.00457254 0.00182909 0.0244684 0.194835 0 0 0 0 0 0 0 0 0 0 0 26882
0 0 0.00198101 0.195251 0.426411 0.225925 0.00457254 0.00182909 0.0244684 0.194835 0 0 0 0 0 0 0 0 0 0 0 26935
0 0 0.00198155 0.195307 0.426629 0.244461 0.00456831 0.0018303 0.0244613 0.194889 0 0 0 0 0 0 0 0 0 0 0 26986
0 0 0.00200028 0.195096 0.427467 0.242157 0.00455467 0.00183406 0.0241518 0.194852 0 0 0 0 0 0 0 0 0 0 0 27038
0 0 0.00201011 0.194591 0.428101 0.236118 0.00454931 0.00183635 0.0240204 0.194892 0 0 0 0 0 0 0 0 0 0 0 27093
0 0 0.00202141 0.194479 0.428374 0.231416 0.00454253 0.00183689 0.0239269 0.194669 0 0 0 0 0 0 0 0 0 0 0 27145
0 0 0.00202741 0.194347 0.428061 0.220239 0.00453913 0.00183731 0.0238939 0.194573 0 0 0 0 0 0 0 0 0 0 0 27196
0 0 0.00204203 0.194182 0.427639 0.180559 0.00453776 0.00183494 0.0239055 0.194153 0 0 0 0 0 0 0 0 0 0 0 27250
0 0 0.00206208 0.19389 0.427911 0.173488 0.00453446 0.0018351 0.0238809 0.194092 0 0 0 0 0 0 0 0 0 0 0 27300
0 0 0.00206208 0.19389 0.427911 0.173488 0.00453446 0.0018351 0.0238809 0.194092 0 0 0 0 0 0 0 0 0 0 0 27350
0 0 0.00206462 0.19365 0.428423 0.172466 0.00453243 0.00183684 0.0238376 0.19435 0 0 0 0 0 0 0 0 0 0 0 27404
0 0 0.00206495 0.193714 0.428525 0.167089 0.00453165 0.0018371 0.0238114 0.194389 0 0 0 0 0 0 0 0 0 0 0 27455
0 0 0.0020684 0.193591 0.428957 0.167837 0.00452855 0.00183902 0.0237562 0.194685 0 0 0 0 0 0 0 0 0 0 0 27506
0 0 0.00206242 0.19347 0.428758 0.191618 0.00452704 0.0018386 0.0237795 0.194618 0 0 0 0 0 0 0 0 0 0 0 27560
0 0 0.00207118 0.193536 0.429176 0.176083 0.00452533 0.00184082 0.0237453 0.194978 0 0 0 0 0 0 0 0 0 0 0 27610
0 0 0.00207115 0.193585 0.428762 0.16906 0.00452612 0.00183887 0.0238248 0.194688 0 0 0 0 0 0 0 0 0 0 0 27662
0 0 0.00206674 0.193684 0.42895 0.175055 0.0045261 0.00183984 0.0237871 0.194741 0 0 0 0 0 0 0 0 0 0 0 27714
0 0 0.00204476 0.19354 0.429308 0.169714 0.00452755 0.00184108 0.0237628 0.194886 0 0 0 0 0 0 0 0 0 0 0 27765
0 0 0.00204476 0.19354 0.429308 0.169714 0.00452755 0.00184108 0.0237628 0.194886 0 0 0 0 0 0 0 0 0 0 0 27817
0 0 0.00203371 0.193622 0.429185 0.208955 0.00453055 0.00184009 0.0237857 0.194801 0 0 0 0 0 0 0 0 0 0 0 27868
0 0 0.00202277 0.193507 0.428629 0.193616 0.00453082 0.00183779 0.0238724 0.194588 0 0 0 0 0 0 0 0 0 0 0 27919
0 0 0.00201279 0.193382 0.428315 0.197656 0.00453205 0.00183561 0.0239419 0.194331 0 0 0 0 0 0 0 0 0 0 0 27969
0 0 0.00200341 0.193358 0.427866 0.178748 0.00453102 0.00183367 0.0240211 0.19423 0 0 0 0 0 0 0 0 0 0 0 28021
0 0 0.0019979 0.193232 0.427514 0.154725 0.00452608 0.00183196 0.0240882 0.194109 0 0 0 0 0 0 0 0 0 0 0 28074
0 0 0.00199323 0.193156 0.42717 0.118904 0.00451982 0.00183023 0.0241395 0.19408 0 0 0 0 0 0 0 0 0 0 0 28125
0 0 0.0019854 0.193076 0.427165 0.104746 0.00451087 0.00182943 0.024146 0.194219 0 0 0 0 0 0 0 0 0 0 0 28177
0 0 0.0019854 0.193076 0.427165 0.104746 0.00451087 0.00182943 0.024146 0.194219 0 0 0 0 0 0 0 0 0 0 0 28230
0 0 0.00198194 0.193085 0.427354 0.0953648 0.00450111 0.0018299 0.0242274 0.194905 0 0 0 0 0 0 0 0 0 0 0 28282
0 0 0.00198071 0.193053 0.427472 0.088749 0.00448681 0.00182886 0.0243255 0.195489 0 0 0 0 0 0 0 0 0 0 0 28333
0 0 0.00199265 0.193049 0.428002 0.0834069 0.00446466 0.00182813 0.0242227 0.195783 0 0 0 0 0 0 0 0 0 0 0 28384
0 0 0.00200434 0.19311 0.43017 0.0823959 0.00442781 0.00182609 0.0242638 0.196945 0 0 0 0 0 0 0 0 0 0 0 28434
0 0 0.00203636 0.193299 0.469284 0.0871287 0.00436029 0.00182529 0.0241973 0.199273 0 0 0 0 0 0 0 0 0 0 0 28486
0 0 0.00203636 0.193299 0.469284 0.0871287 0.00436029 0.00182529 0.0241973 0.199273 0 0 0 0 0 0 0 0 0 0 0 28537
0 0 0.0021135 0.193548 0.586274 0.107392 0.00432137 0.0018405 0.0237236 0.203256 0 0 0 0 0 0 0 0 0 0 0 28590
0 0 0.00234611 0.194122 3.4558 0.455019 0.00431011 0.00190023 0.0221659 0.214168 0 0 0 0 0 0 0 0 0 0 0 28640
0 0 0.00301994 0.195968 50.3031 6.01266 0.00435295 0.00204011 0.0190094 0.240368 -24.354 0 0 0 0 0 0 0 0 0 0 28693
0 0 0.00577914 0.198245 90.2181 37.624 0.00442408 0.00264574 0.0114955 0.349901 -41.4901 0 0 0 0 0 0 0 0 0 0 28745
0 0 0.0104796 0.20084 97.4687 76.9571 0.00440705 0.00329769 0.00747844 0.489155 -52.1389 0 0 0 0 0 0 0 0 0 0 28797
0 0 0.0260915 0.200115 96.2017 94.5222 0.00431001 0.00534669 0.00315335 0.938851 -42.9608 0 0 0 0 0 0 0 0 0 0 28850
0 0 0.0260915 0.200115 96.2017 94.5222 0.00431001 0.00534669 0.00315335 0.938851 -42.9608 0 0 0 0 0 0 0 0 0 0 28901
0 0 0.0366302 0.197523 90.887 95.1966 0.00420224 0.00652143 0.00231703 1.18148 -33.6689 0 0 0 0 0 0 0 0 0 0 28952
0 0 0.0394978 0.186273 47.175 84.167 0.00401354 0.00816033 0.00185646 1.34501 -15.1398 0 0 0 0 0 0 0 0 0 0 29005
0 0 0.0310543 0.180511 7.00398 37.8644 0.00390976 0.0076993 0.00233588 1.11477 -1.24098 0 0 0 0 0 0 0 0 0 0 29055
0 0 0.0328637 0.177174 5.0345 31.4106 0.00396615 0.0075775 0.002659 0.980869 0 0 0 0 0 0 0 0 0 0 0 29106
0 0 0.0376396 0.158555 5.30018 37.5667 0.00394815 0.00982434 0.00233462 0.939226 0 0 0 0 0 0 0 0 0 0 0 29162
0 0 0.0376396 0.158555 5.30018 37.5667 0.00394815 0.00982434 0.00233462 0.939226 0 0 0 0 0 0 0 0 0 0 0 29213
0 0 0.0332292 0.129962 2.12059 28.5864 0.0035316 0.0149635 0.00197962 0.899646 0 0 0 0 0 0 0 0 0 0 0 29269
0 0 0.00910226 0.15991 0.874362 2.0912 0.0044046 0.00520779 0.00676011 0.417601 0 0 0 0 0 0 0 0 0 0 0 29319
0 0 0.00910226 0.15991 0.874362 2.0912 0.0044046 0.00520779 0.00676011 0.417601 0 0 0 0 0 0 0 0 0 0 0 29369
0 0 0.00910226 0.15991 0.874362 2.0912 0.0044046 0.00520779 0.00676011 0.417601 0 0 0 0 0 0 0 0 0 0 0 29425
0 0 0.00436953 0.136744 0.541209 0.56743 0.00404447 0.00510094 0.0115832 0.247712 0 0 0 0 0 0 0 0 0 0 0 29475
0 0 0.00313911 0.114515 0.409961 0.448305 0.00348931 0.00766417 0.009315 0.265383 0.411136 0 0 0 0 0 0 0 0 0 0 29530
0 0 0.0048898 0.139101 0.641459 0.838478 0.00411065 0.00606647 0.00770383 0.350199 0 0 0 0 0 0 0 0 0 0 0 29584
0 0 0.0048898 0.139101 0.641459 0.838478 0.00411065 0.00606647 0.00770383 0.350199 0 0 0 0 0 0 0 0 0 0 0 29634
0 0 0.0048898 0.139101 0.641459 0.838478 0.00411065 0.00606647 0.00770383 0.350199 0 0 0 0 0 0 0 0 0 0 0 29687
0 0 0.0048898 0.139101 0.641459 0.838478 0.00411065 0.00606647 0.00770383 0.350199 0 0 0 0 0 0 0 0 0 0 0 29738
0 0 0.0048898 0.139101 0.641459 0.838478 0.00411065 0.00606647 0.00770383 0.350199 0 0 0 0 0 0 0 0 0 0 0 29791
0 0 0.0048898 0.139101 0.641459 0.838478 0.00411065 0.00606647 0.00770383 0.350199 0 0 0 0 0 0 0 0 0 0 0 29842
0 0 0.0048898 0.139101 0.641459 0.838478 0.00411065 0.00606647 0.00770383 0.350199 0 0 0 0 0 0 0 0 0 0 0 29895
0 0 0.0048898 0.139101 0.641459 0.838478 0.00411065 0.00606647 0.00770383 0.350199 0 0 0 0 0 0 0 0 0 0 0 29948
0 0 0.00328026 0.175405 8.42811 6.38591 0.00483185 0.00306263 0.00756105 0.284356 -13.9621 0 0 0 0 0 0 0 0 0 0 30002
0 0 0.0332675 0.17731 74.6295 92.4759 0.00521624 0.0103301 0.000974302 1.56422 -27.5241 0 0 0 0 0 0 0 0 0 0 30053
0 0 0.0397485 0.190101 2.11427 32.1587 0.00543038 0.0091474 0.00099885 1.64102 -12.2849 0 0 0 0 0 0 0 0 0 0 30103
0 0 0.0397485 0.190101 2.11427 32.1587 0.00543038 0.0091474 0.00099885 1.64102 -12.2849 0 0 0 0 0 0 0 0 0 0 30153
0 0 0.0397485 0.190101 2.11427 32.1587 0.00543038 0.0091474 0.00099885 1.64102 -12.2849 0 0 0 0 0 0 0 0 0 0 30206
0 0 0.0397485 0.190101 2.11427 32.1587 0.00543038 0.0091474 0.00099885 1.64102 -12.2849 0 0 0 0 0 0 0 0 0 0 30257
0 0 0.0397485 0.190101 2.11427 32.1587 0.00543038 0.0091474 0.00099885 1.64102 -12.2849 0 0 0 0 0 0 0 0 0 0 30311
0 0 0.0397485 0.190101 2.11427 32.1587 0.00543038 0.0091474 0.00099885 1.64102 -12.2849 0 0 0 0 0 0 0 0 0 0 30362
0 0 0.0397485 0.190101 2.11427 32.1587 0.00543038 0.0091474 0.00099885 1.64102 -12.2849 0 0 0 0 0 0 0 0 0 0 30413
0 0 0.0304055 0.182439 2.69954 25.0245 0.00400316 0.00847069 0.00176795 1.37413 0 0 0 0 0 0 0 0 0 0 0 30470
0 0 0.00369299 0.203276 0.537861 0.22005 0.00454892 0.00186843 0.02078 0.224499 0 0 0 0 0 0 0 0 0 0 0 30521
0 0 0.00369299 0.203276 0.537861 0.22005 0.00454892 0.00186843 0.02078 0.224499 0 0 0 0 0 0 0 0 0 0 0 30571
0 0 0.00369299 0.203276 0.537861 0.22005 0.00454892 0.00186843 0.02078 0.224499 0 0 0 0 0 0 0 0 0 0 0 30624
0 0 0.00369299 0.203276 0.537861 0.22005 0.00454892 0.00186843 0.02078 0.224499 0 0 0 0 0 0 0 0 0 0 0 30753
0 0 0.00369299 0.203276 0.537861 0.22005 0.00454892 0.00186843 0.02078 0.224499 0 0 0 0 0 0 0 0 0 0 0 30804
0 0 0.00369299 0.203276 0.537861 0.22005 0.00454892 0.00186843 0.02078 0.224499 0 0 0 0 0 0 0 0 0 0 0 30861
0 0 0.00369299 0.203276 0.537861 0.22005 0.00454892 0.00186843 0.02078 0.224499 0 0 0 0 0 0 0 0 0 0 0 30914
0 0 0.00369299 0.203276 0.537861 0.22005 0.00454892 0.00186843 0.02078 0.224499 0 0 0 0 0 0 0 0 0 0 0 30963
0 0 0.00369299 0.203276 0.537861 0.22005 0.00454892 0.00186843 0.02078 0.224499 0 0 0 0 0 0 0 0 0 0 0 31013
0 0 0.00243543 0.199496 0.441341 0.106383 0.00442758 0.00168096 0.02713 0.193636 0 0 0 0 0 0 0 0 0 0 0 31066
0 0 0.00194339 0.194697 0.427075 0.0836248 0.00459718 0.00177546 0.0279918 0.198341 0 0 0 0 0 0 0 0 0 0 0 31119
0 0 0.00197342 0.194257 0.427244 0.0839105 0.00463372 0.00178811 0.0269422 0.195331 0 0 0 0 0 0 0 0 0 0 0 31172
0 0 0.00203377 0.194615 0.428499 0.087073 0.00461219 0.00178298 0.0263798 0.193874 0 0 0 0 0 0 0 0 0 0 0 31225
0 0 0.00204364 0.194245 0.427963 0.08971 0.00455716 0.00179273 0.0255829 0.193991 0 0 0 0 0 0 0 0 0 0 0 31278
0 0 0.00200846 0.193836 0.427238 0.0917456 0.00455375 0.00180269 0.0258461 0.195505 0 0 0 0 0 0 0 0 0 0 0 31327
0 0 0.00199197 0.194147 0.427752 0.0971957 0.00456025 0.00179264 0.026944 0.197404 0 0 0 0 0 0 0 0 0 0 0 31379
0 0 0.00199197 0.194147 0.427752 0.0971957 0.00456025 0.00179264 0.026944 0.197404 0 0 0 0 0 0 0 0 0 0 0 31431
0 0 0.00204061 0.19501 0.427935 0.0988759 0.00455913 0.00176452 0.0270965 0.194922 0 0 0 0 0 0 0 0 0 0 0 31483
0 0 0.0020336 0.195293 0.428816 0.127713 0.0045753 0.00175935 0.0274174 0.195751 0 0 0 0 0 0 0 0 0 0 0 31533
0 0 0.00203606 0.195365 0.429571 0.199765 0.00452128 0.0017587 0.0278566 0.19845 0 0 0 0 0 0 0 0 0 0 0 31585
0 0 0.00207067 0.196619 0.429655 0.231765 0.00453952 0.00172087 0.0288819 0.196721 0 0 0 0 0 0 0 0 0 0 0 31636
0 0 0.00220832 0.199709 0.428734 0.251917 0.00453563 0.00162706 0.0305719 0.189467 0 0 0 0 0 0 0 0 0 0 0 31687
0 0 0.0023591 0.202905 0.428067 0.299002 0.00435423 0.0015373 0.0325595 0.1874 0 0 0 0 0 0 0 0 0 0 0 31739
0 0 0.0023591 0.202905 0.428067 0.299002 0.00435423 0.0015373 0.0325595 0.1874 0 0 0 0 0 0 0 0 0 0 0 31789
0 0 0.00258463 0.207825 0.428128 0.287219 0.00439013 0.00141348 0.0365328 0.178989 0 0 0 0 0 0 0 0 0 0 0 31843
0 0 0.00287788 0.212126 0.428669 0.303365 0.00410094 0.00131696 0.0386524 0.176846 0 0 0 0 0 0 0 0 0 0 0 31894
0 0 0.00303114 0.214797 0.428259 0.291048 0.00389758 0.00126038 0.0408829 0.177562 0 0 0 0 0 0 0 0 0 0 0 31945
0 0 0.00326001 0.219407 0.428789 0.273711 0.0036719 0.00117148 0.0461337 0.17905 0 0 0 0 0 0 0 0 0 0 0 31996
0 0 0.00406098 0.231661 0.428155 0.30952 0.00345645 0.000967483 0.060107 0.168416 0 0 0 0 0 0 0 0 0 0 0 32047
0 0 0.00521834 0.24433 0.427234 0.396351 0.0026147 0.000801179 0.0727113 0.175018 0 0 0 0 0 0 0 0 0 0 0 32097
0 0 0.00441089 0.23435 0.426974 0.396699 0.00147191 0.000926643 0.0596358 0.265998 0 0 0 0 0 0 0 0 0 0 0 32149
0 0 0.00458317 0.236068 0.428226 0.399462 0.00147393 0.000905509 0.0620297 0.264936 0 0 0 0 0 0 0 0 0 0 0 32203
0 0 0.00735396 0.262082 0.430458 0.437377 0.00125683 0.000631085 0.0938348 0.236814 0 0 0 0 0 0 0 0 0 0 0 32254
0 0 0.00735396 0.262082 0.430458 0.437377 0.00125683 0.000631085 0.0938348 0.236814 0 0 0 0 0 0 0 0 0 0 0 32306
0 0 0.0115699 0.286656 0.432794 0.532062 0.00143619 0.000463495 0.122248 0.17826 0 0 0 0 0 0 0 0 0 0 0 32358
0 0 0.00917998 0.268693 0.439765 0.456611 0.00162411 0.000590097 0.0821546 0.189008 0 0 0 0 0 0 0 0 0 0 0 32409
0 0 0.00882844 0.264447 0.44448 0.380813 0.00194691 0.000630931 0.0742876 0.17469 0 0 0 0 0 0 0 0 0 0 0 32462
0 0 0.00733254 0.253168 0.44304 0.422102 0.00207142 0.000734523 0.0576309 0.183276 0 0 0 0 0 0 0 0 0 0 0 32512
0 0 0.00819463 0.258988 0.448974 0.302008 0.00278099 0.000686787 0.0689897 0.148552 0 0 0 0 0 0 0 0 0 0 0 32564
0 0 0.00873312 0.257589 0.471989 0.360378 0.0029447 0.000735979 0.0629661 0.155521 0 0 0 0 0 0 0 0 0 0 0 32618
0 0 0.0101538 0.258753 0.506737 0.485851 0.00310629 0.000778589 0.05619 0.164765 0 0 0 0 0 0 0 0 0 0 0 32669
0 0 0 0 0 0 0 0 0 0 0 0 0 0 0 0 0 0 0 0 0 32722
0 0 0 0 0 0 0 0 0 0 0 0 0 0 0 0 0 0 0 0 0 32778
0 0 0.0058485 0.213091 0.584617 0.453016 0.00188336 0.00182032 0.018838 0.426399 0 0 0 0 0 0 0 0 0 0 0 32829
0 0 0.00667727 0.208782 0.646306 0.673779 0.00231137 0.0022061 0.0137975 0.466535 0 0 0 0 0 0 0 0 0 0 0 32883
0 0 0.0094 0.204536 0.823197 1.5552 0.00259892 0.00299111 0.00815496 0.655226 0 0 0 0 0 0 0 0 0 0 0 32935
0 0 0.0152756 0.201458 1.15332 4.6227 0.00338991 0.00424868 0.00418485 0.997017 0 0 0 0 0 0 0 0 0 0 0 32986
0 0 0.0152756 0.201458 1.15332 4.6227 0.00338991 0.00424868 0.00418485 0.997017 0 0 0 0 0 0 0 0 0 0 0 33037
0 0 0.0219815 0.199086 1.51295 10.0162 0.00375937 0.00548869 0.00264959 1.31868 0 0 0 0 0 0 0 0 0 0 0 33091
0 0 0.0312532 0.194898 1.97613 20.2696 0.00326741 0.00726211 0.00179859 1.70905 0 0 0 0 0 0 0 0 0 0 0 33146
0 0 0.0389846 0.191406 2.0894 30.2577 0.00344951 0.00885795 0.00132871 1.8637 0 0 0 0 0 0 0 0 0 0 0 33199
0 0 0.03876 0.190224 2.04412 31.9803 0.00352691 0.00982277 0.00119468 1.94205 0 0 0 0 0 0 0 0 0 0 0 33250
0 0 0.03876 0.190224 2.04412 31.9803 0.00352691 0.00982277 0.00119468 1.94205 0 0 0 0 0 0 0 0 0 0 0 33305
0 0 0.0392251 0.190374 2.01855 34.375 0.00419672 0.010923 0.00101756 2.05295 0 0 0 0 0 0 0 0 0 0 0 33361
0 0 0.0392251 0.190374 2.01855 34.375 0.00419672 0.010923 0.00101756 2.05295 0 0 0 0 0 0 0 0 0 0 0 33416
0 0 0.0274737 0.190602 1.62469 22.256 0.00386923 0.0111946 0.00128454 1.77063 0 0 0 0 0 0 0 0 0 0 0 33467
0 0 0.0272799 0.210448 1.5964 23.4634 0.00317611 0.0125308 0.00121421 1.88775 0 0 0 0 0 0 0 0 0 0 0 33517
0 0 0.0255313 0.227452 1.55808 20.1847 0.00189154 0.0111233 0.00146337 2.16027 0 0 0 0 0 0 0 0 0 0 0 33570
0 0 0.0288665 0.258747 1.68276 23.8875 0.00122277 0.011106 0.00135789 3.01481 0 0 0 0 0 0 0 0 0 0 0 33624
0 0 0.0246824 0.345287 1.55678 19.0378 0.00148438 0.0106354 0.00151082 2.45221 0 0 0 0 0 0 0 0 0 0 0 33676
0 0 0.0246824 0.345287 1.55678 19.0378 0.00148438 0.0106354 0.00151082 2.45221 0 0 0 0 0 0 0 0 0 0 0 33730
0 0 0.0246824 0.345287 1.55678 19.0378 0.00148438 0.0106354 0.00151082 2.45221 0 0 0 0 0 0 0 0 0 0 0 33782
0 0 0.0246824 0.345287 1.55678 19.0378 0.00148438 0.0106354 0.00151082 2.45221 0 0 0 0 0 0 0 0 0 0 0 33834
0 0 0.0246824 0.345287 1.55678 19.0378 0.00148438 0.0106354 0.00151082 2.45221 0 0 0 0 0 0 0 0 0 0 0 33885
0 0 0.0246824 0.345287 1.55678 19.0378 0.00148438 0.0106354 0.00151082 2.45221 0 0 0 0 0 0 0 0 0 0 0 33935
0 0 0.00692891 0.395981 0.816435 1.26052 0.00227956 0.00410649 0.00639706 0.735599 0 0 0 0 0 0 0 0 0 0 0 33991
0 0 0.00279997 0.23225 0.505682 0.170234 0.00263063 0.00229065 0.0168875 0.341149 0 0 0 0 0 0 0 0 0 0 0 34044
0 0 0.0025062 0.206679 0.46804 0.123386 0.00290932 0.0020472 0.0200988 0.285258 0 0 0 0 0 0 0 0 0 0 0 34094
0 0 0.00244781 0.195938 0.443152 0.0973674 0.00323506 0.00187661 0.022837 0.245608 0 0 0 0 0 0 0 0 0 0 0 34145
0 0 0.00429556 0.194926 0.431052 0.0870679 0.00325535 0.00179963 0.0246655 0.235321 0 0 0 0 0 0 0 0 0 0 0 34196
0 0 0.00429556 0.194926 0.431052 0.0870679 0.00325535 0.00179963 0.0246655 0.235321 0 0 0 0 0 0 0 0 0 0 0 34247
0 0 0.00432324 0.195916 0.434658 0.0917826 0.00333 0.00176259 0.0252477 0.231364 0 0 0 0 0 0 0 0 0 0 0 34299
0 0 0.00428178 0.196711 0.436418 0.0935368 0.00324178 0.00173823 0.0256692 0.234107 0 0 0 0 0 0 0 0 0 0 0 34351
0 0 0.00422874 0.197436 0.438923 0.0969233 0.00321713 0.00172461 0.0259126 0.235555 0 0 0 0 0 0 0 0 0 0 0 34405
0 0 0.00411607 0.198169 0.441915 0.0991824 0.00321601 0.00170677 0.02631 0.235258 0 0 0 0 0 0 0 0 0 0 0 34458
0 0 0.00372211 0.200958 0.455675 0.114613 0.00308318 0.00166391 0.0267157 0.24215 0 0 0 0 0 0 0 0 0 0 0 34512
0 0 0.00409085 0.209676 0.456574 0.138841 0.00349576 0.00144505 0.0310186 0.206592 0 0 0 0 0 0 0 0 0 0 0 34564
0 0 0.00394259 0.210573 0.45302 0.137516 0.00359838 0.00141413 0.0319021 0.199271 0 0 0 0 0 0 0 0 0 0 0 34619
0 0 0.00398234 0.211119 0.451374 0.13735 0.0043319 0.00139795 0.0336414 0.179825 0 0 0 0 0 0 0 0 0 0 0 34673
0 0 0.00414619 0.214888 0.459506 0.152619 0.00397065 0.00132807 0.0368981 0.188616 0 0 0 0 0 0 0 0 0 0 0 34724
0 0 0.00414619 0.214888 0.459506 0.152619 0.00397065 0.00132807 0.0368981 0.188616 0 0 0 0 0 0 0 0 0 0 0 34775
0 0 0.00338354 0.208794 0.451984 0.12942 0.00383325 0.00144838 0.0336483 0.201015 0 0 0 0 0 0 0 0 0 0 0 34825
0 0 0.00278168 0.202591 0.44489 0.108348 0.00357179 0.00158409 0.0314083 0.221707 0 0 0 0 0 0 0 0 0 0 0 34879
0 0 0.00257964 0.201287 0.440482 0.102919 0.00345238 0.00160922 0.0307573 0.227073 0 0 0 0 0 0 0 0 0 0 0 34932
0 0 0.00267494 0.205154 0.439009 0.111296 0.00346534 0.00150708 0.0334897 0.218176 0 0 0 0 0 0 0 0 0 0 0 34987
0 0 0.00254826 0.205422 0.436393 0.110269 0.00294297 0.00149412 0.0349295 0.241036 0 0 0 0 0 0 0 0 0 0 0 35043
0 0 0.0022581 0.203198 0.43381 0.103716 0.00235305 0.00154435 0.0368615 0.291247 0 0 0 0 0 0 0 0 0 0 0 35098
0 0 0.00189381 0.199392 0.433301 0.0963082 0.00168214 0.00164931 0.0395066 0.395308 0 0 0 0 0 0 0 0 0 0 0 35150
0 0 0.00196747 0.198708 0.432819 0.0947133 0.00117495 0.00166807 0.0350697 0.471318 0 0 0 0 0 0 0 0 0 0 0 35203
0 0 0.00196747 0.198708 0.432819 0.0947133 0.00117495 0.00166807 0.0350697 0.471318 0 0 0 0 0 0 0 0 0 0 0 35256
0 0 0.00193469 0.197396 0.4335 0.09301 0.000792398 0.00171056 0.0335153 0.620435 0 0 0 0 0 0 0 0 0 0 0 35307
0 0 0.00194149 0.196551 0.435851 0.0935008 0.000609822 0.00174657 0.0329089 0.856322 0 0 0 0 0 0 0 0 0 0 0 35358
0 0 0.0023637 0.195976 0.440785 0.0966287 0.00100239 0.00178509 0.0272203 1.179 0 0 0 0 0 0 0 0 0 0 0 35426
0 0 0.00371677 0.19543 0.440235 0.0950744 0.00417812 0.00180118 0.0181694 1.65116 0 0 0 0 0 0 0 0 0 0 0 35479
0 0 0.00539216 0.194251 0.435237 0.0887556 0.0192039 0.00182024 0.0140919 2.3913 0 0 0 0 0 0 0 0 0 0 0 35529
0 0 0.00608869 0.194372 0.4354 0.0890581 0.0491106 0.0018177 0.0149765 2.99124 0 0 0 0 0 0 0 0 0 0 0 35580
0 0 0.00714617 0.193896 0.43714 0.0893169 0.093605 0.00184681 0.013105 3.63028 0 0 0 0 0 0 0 0 0 0 0 35632
0 0 0.0064575 0.193868 0.437051 0.0906437 0.14171 0.00185055 0.017548 4.29022 0 0 0 0 0 0 0 0 0 0 0 35684
0 0 0.00515132 0.194196 0.43722 0.0954138 0.411934 0.00185368 0.035672 6.20666 -0.818932 0 0 0 0 0 0 0 0 0 0 35735
0 0 0.00313776 0.194626 0.434486 0.10785 0.318405 0.0018395 0.0823569 7.26959 -5.09496 0 0 0 0 0 0 0 0 0 0 35785
0 0 0.00313776 0.194626 0.434486 0.10785 0.318405 0.0018395 0.0823569 7.26959 -5.09496 0 0 0 0 0 0 0 0 0 0 35837
0 0 0.00375996 0.194639 0.433131 0.106294 0.339157 0.0018317 0.0605416 6.74763 -3.59537 0 0 0 0 0 0 0 0 0 0 35890
0 0 0.00572718 0.194867 0.432347 0.0933724 0.363874 0.00181177 0.0301946 5.7362 0 0 0 0 0 0 0 0 0 0 0 35943
0 0 0.00372068 0.194475 0.433221 0.0869113 0.0826255 0.00181468 0.0446366 4.88523 0 0 0 0 0 0 0 0 0 0 0 35994
0 0 0.00252375 0.194411 0.434902 0.0883113 0.00472432 0.00181915 0.0407663 2.86914 0 0 0 0 0 0 0 0 0 0 0 36049
0 0 0.00187876 0.19455 0.436335 0.0898777 0.000627028 0.00181793 0.0398922 1.95528 0 0 0 0 0 0 0 0 0 0 0 36102
0 0 0.00160598 0.195491 0.439305 0.0940481 0.000252572 0.00179733 0.0426941 1.61822 0 0 0 0 0 0 0 0 0 0 0 36154
0 0 0.00189063 0.196202 0.446868 0.102059 0.0002096 0.00180418 0.0345645 1.49621 0 0 0 0 0 0 0 0 0 0 0 36206
0 0 0.00223025 0.196611 0.446377 0.102471 0.000193638 0.00178861 0.0277312 1.39005 0 0 0 0 0 0 0 0 0 0 0 36257
0 0 0.00244641 0.198396 0.445615 0.105272 0.000195402 0.00172993 0.0268245 1.30595 0 0 0 0 0 0 0 0 0 0 0 36309
0 0 0.00237551 0.198663 0.441182 0.101717 0.000202 0.00170553 0.0270289 1.25068 0 0 0 0 0 0 0 0 0 0 0 36362
0 0 0.00243395 0.200148 0.440369 0.103879 0.000212068 0.00165938 0.0276529 1.18919 0 0 0 0 0 0 0 0 0 0 0 36413
0 0 0.00243395 0.200148 0.440369 0.103879 0.000212068 0.00165938 0.0276529 1.18919 0 0 0 0 0 0 0 0 0 0 0 36467
0 0 0.0024667 0.201603 0.438365 0.104851 0.000226333 0.00161159 0.0285177 1.12209 0 0 0 0 0 0 0 0 0 0 0 36519
0 0 0.00260122 0.204705 0.4404 0.115128 0.000255442 0.00153757 0.0302423 1.03258 0 0 0 0 0 0 0 0 0 0 0 36572
0 0 0.0029205 0.21021 0.444073 0.131182 0.000295803 0.00141298 0.0336383 0.915715 0 0 0 0 0 0 0 0 0 0 0 36624
0 0 0.00339551 0.219217 0.442875 0.157754 0.000354393 0.00121754 0.0411139 0.785075 0 0 0 0 0 0 0 0 0 0 0 36675
0 0 0.0038872 0.228696 0.437674 0.169513 0.000419063 0.00103805 0.0534106 0.698685 0 0 0 0 0 0 0 0 0 0 0 36726
0 0 0.00426619 0.235224 0.437231 0.186609 0.000537809 0.000938542 0.0679291 0.66776 0 0 0 0 0 0 0 0 0 0 0 36777
0 0 0.00426619 0.235224 0.437231 0.186609 0.000537809 0.000938542 0.0679291 0.66776 0 0 0 0 0 0 0 0 0 0 0 36831
0 0 0.00527806 0.246344 0.441737 0.233134 0.000565691 0.000806094 0.079229 0.623568 0 0 0 0 0 0 0 0 0 0 0 36884
0 0 0.00787651 0.271702 0.446947 0.365786 0.000784344 0.000578727 0.128435 0.516239 0 0 0 0 0 0 0 0 0 0 0 36938
0 0 0.00816961 0.285311 0.452642 0.446102 0.000681058 0.000494236 0.200525 0.461307 0 0 0 0 0 0 0 0 0 0 0 36993
0 0 0.00810574 0.282434 0.455119 0.437569 0.000578067 0.000515502 0.176918 0.464564 0 0 0 0 0 0 0 0 0 0 0 37046
0 0 0.00541321 0.253191 0.447685 0.270301 0.000401957 0.00074325 0.102992 0.617056 0 0 0 0 0 0 0 0 0 0 0 37100
0 0 0.0041852 0.238204 0.439526 0.198707 0.000342168 0.000905833 0.0772858 0.719575 0 0 0 0 0 0 0 0 0 0 0 37149
0 0 0.00424826 0.233386 0.439403 0.183378 0.0003135 0.000974914 0.0599026 0.731964 0 0 0 0 0 0 0 0 0 0 0 37200
0 0 0.00455315 0.234264 0.440076 0.186409 0.000335201 0.000968643 0.0552817 0.675383 0 0 0 0 0 0 0 0 0 0 0 37252
0 0 0.00435248 0.23179 0.439622 0.176073 0.000390343 0.00101744 0.0503955 0.625583 0 0 0 0 0 0 0 0 0 0 0 37303
0 0 0.00435248 0.23179 0.439622 0.176073 0.000390343 0.00101744 0.0503955 0.625583 0 0 0 0 0 0 0 0 0 0 0 37353
0 0 0.00388376 0.226538 0.433634 0.153359 0.000404515 0.00108523 0.0462286 0.624925 0 0 0 0 0 0 0 0 0 0 0 37404
0 0 0.00350698 0.221442 0.432275 0.138565 0.000441217 0.00117459 0.0416335 0.617139 0 0 0 0 0 0 0 0 0 0 0 37458
0 0 0.00345804 0.220796 0.430722 0.134549 0.000528424 0.00118796 0.0404524 0.552119 0 0 0 0 0 0 0 0 0 0 0 37509
0 0 0.00346152 0.220018 0.430947 0.134247 0.000558577 0.0011944 0.0400285 0.534042 0 0 0 0 0 0 0 0 0 0 0 37563
0 0 0.00346152 0.220018 0.430947 0.134247 0.000558577 0.0011944 0.0400285 0.534042 0 0 0 0 0 0 0 0 0 0 0 37617
0 0 0.00316022 0.215667 0.432563 0.12535 0.000577518 0.00129607 0.036288 0.55192 0 0 0 0 0 0 0 0 0 0 0 37669
0 0 0.00286861 0.210817 0.434514 0.116288 0.000580442 0.00141191 0.0328093 0.580821 0 0 0 0 0 0 0 0 0 0 0 37722
0 0 0.00277978 0.209019 0.435011 0.11377 0.000521613 0.00144177 0.0324233 0.629571 0 0 0 0 0 0 0 0 0 0 0 37776
0 0 0.00301459 0.211903 0.437155 0.12228 0.000480806 0.0013682 0.0340443 0.63903 0 0 0 0 0 0 0 0 0 0 0 37828
0 0 0.00287633 0.210548 0.433283 0.11619 0.000467535 0.00138948 0.033977 0.655711 0 0 0 0 0 0 0 0 0 0 0 37880
0 0 0.00272992 0.208043 0.433053 0.111093 0.000502273 0.00144862 0.0323345 0.64609 0 0 0 0 0 0 0 0 0 0 0 37933
0 0 0.00277396 0.208122 0.433351 0.112138 0.000544978 0.00144113 0.031806 0.623074 0 0 0 0 0 0 0 0 0 0 0 37986
0 0 0.0028579 0.208963 0.433447 0.114389 0.000679511 0.00141696 0.0316749 0.559428 0 0 0 0 0 0 0 0 0 0 0 38036
0 0 0.00272705 0.206818 0.431166 0.107684 0.000802571 0.00146118 0.0307914 0.504578 0 0 0 0 0 0 0 0 0 0 0 38088
0 0 0.00268887 0.205319 0.430089 0.104111 0.000977011 0.00148833 0.0302614 0.437417 0 0 0 0 0 0 0 0 0 0 0 38141
0 0 0.00268887 0.205319 0.430089 0.104111 0.000977011 0.00148833 0.0302614 0.437417 0 0 0 0 0 0 0 0 0 0 0 38193
0 0 0.00241575 0.199945 0.429067 0.0932432 0.00125774 0.0016271 0.0273575 0.393727 0 0 0 0 0 0 0 0 0 0 0 38246
0 0 0.00227825 0.196828 0.428675 0.0876495 0.00154297 0.0017139 0.0258228 0.356822 0 0 0 0 0 0 0 0 0 0 0 38300
0 0 0.00223349 0.195872 0.428197 0.0857363 0.00186092 0.00173979 0.0253851 0.321411 0 0 0 0 0 0 0 0 0 0 0 38353
0 0 0.00218897 0.195058 0.429356 0.0853528 0.00233347 0.00176876 0.0248303 0.283569 0 0 0 0 0 0 0 0 0 0 0 38404
0 0 0.0022196 0.195362 0.430992 0.0871788 0.00276244 0.00176417 0.0248237 0.25628 0 0 0 0 0 0 0 0 0 0 0 38458
0 0 0.00217879 0.194717 0.431387 0.0864215 0.00293862 0.00178558 0.0244615 0.248914 0 0 0 0 0 0 0 0 0 0 0 38512
0 0 0.00221063 0.193973 0.432268 0.0972353 0.00332922 0.00181301 0.0239233 0.233634 0 0 0 0 0 0 0 0 0 0 0 38565
0 0 0.0027301 0.193478 0.433863 0.155169 0.003692 0.00183602 0.0235482 0.222025 0 0 0 0 0 0 0 0 0 0 0 38615
0 0 0.0070635 0.19346 0.435711 1.18494 0.00392277 0.00184473 0.0235663 0.215958 0 0 0 0 0 0 0 0 0 0 0 38669
0 0 0.0166993 0.193314 0.438744 7.1327 0.00416559 0.0018629 0.0232393 0.211434 -7.66191 0 0 0 0 0 0 0 0 0 0 38721
0 0 0.0166993 0.193314 0.438744 7.1327 0.00416559 0.0018629 0.0232393 0.211434 -7.66191 0 0 0 0 0 0 0 0 0 0 38770
0 0 0.0327057 0.193136 0.435715 25.2119 0.00450598 0.00185754 0.0242013 0.203376 -14.9751 0 0 0 0 0 0 0 0 0 0 38822
0 0 0.0327057 0.193136 0.435715 25.2119 0.00450598 0.00185754 0.0242013 0.203376 -14.9751 0 0 0 0 0 0 0 0 0 0 38875
0 0 0.0384851 0.193172 0.432279 32.8024 0.0045967 0.00184188 0.0250973 0.200909 -16.9637 0 0 0 0 0 0 0 0 0 0 38925
0 0 0.0410204 0.19321 0.432049 35.6106 0.00461087 0.00183415 0.0251536 0.198547 -17.4899 0 0 0 0 0 0 0 0 0 0 38976
0 0 0.0405289 0.193238 0.441298 34.9839 0.00460962 0.00183074 0.0250557 0.197122 -17.3441 0 0 0 0 0 0 0 0 0 0 39030
0 0 0.035619 0.193355 0.43205 28.0702 0.00459389 0.00182319 0.0247441 0.194822 -15.6557 0 0 0 0 0 0 0 0 0 0 39081
0 0 0.0342985 0.19357 0.426421 26.1541 0.00458936 0.00181686 0.0246276 0.193372 -14.9867 0 0 0 0 0 0 0 0 0 0 39132
0 0 0.0300936 0.193599 0.425268 20.95 0.00457706 0.00181863 0.024407 0.19293 -13.5112 0 0 0 0 0 0 0 0 0 0 39186
0 0 0.0313957 0.193706 0.421917 22.1893 0.00457588 0.00181533 0.0243567 0.192352 -13.8832 0 0 0 0 0 0 0 0 0 0 39238
0 0 0.0313957 0.193706 0.421917 22.1893 0.00457588 0.00181533 0.0243567 0.192352 -13.8832 0 0 0 0 0 0 0 0 0 0 39289
0 0 0.0288349 0.193878 0.422319 19.113 0.00457814 0.0018119 0.0243276 0.1919 -12.9769 0 0 0 0 0 0 0 0 0 0 39342
0 0 0.0188485 0.194024 0.424892 8.6803 0.00457984 0.00180932 0.0242293 0.191521 -8.60072 0 0 0 0 0 0 0 0 0 0 39392
0 0 0.0114326 0.194119 0.429234 3.1748 0.00458101 0.00181442 0.0239508 0.192359 -3.60309 0 0 0 0 0 0 0 0 0 0 39446
0 0 0.00774755 0.194252 0.43443 1.41447 0.00458423 0.00182548 0.0235442 0.194137 0 0 0 0 0 0 0 0 0 0 0 39496
0 0 0.00738354 0.194261 0.4375 1.27975 0.00458073 0.00183189 0.0233984 0.195025 0 0 0 0 0 0 0 0 0 0 0 39550
0 0 0.0103254 0.194316 0.442733 2.58263 0.00458414 0.00184676 0.0229984 0.197406 -2.69283 0 0 0 0 0 0 0 0 0 0 39602
0 0 0.0103254 0.194316 0.442733 2.58263 0.00458414 0.00184676 0.0229984 0.197406 -2.69283 0 0 0 0 0 0 0 0 0 0 39651
0 0 0.00952193 0.194283 0.462774 2.16337 0.00458766 0.00190419 0.0218626 0.206043 -1.65702 0 0 0 0 0 0 0 0 0 0 39705
0 0 0.00745611 0.194228 0.478788 1.28895 0.00458837 0.00194648 0.0209849 0.212398 0 0 0 0 0 0 0 0 0 0 0 39755
0 0 0.00391542 0.194184 0.506179 0.329803 0.00458278 0.0020142 0.0197796 0.222466 0 0 0 0 0 0 0 0 0 0 0 39810
0 0 0.0030794 0.194003 0.511469 0.18996 0.00457155 0.00203701 0.0194697 0.225623 0 0 0 0 0 0 0 0 0 0 0 39862
0 0 0.00293202 0.193983 0.499177 0.150286 0.00456656 0.00200553 0.0202182 0.22084 0 0 0 0 0 0 0 0 0 0 0 39915
0 0 0.00275323 0.193773 0.482854 0.159868 0.00456039 0.00195142 0.0214167 0.212647 0 0 0 0 0 0 0 0 0 0 0 39965
0 0 0.00260322 0.193565 0.468379 0.167103 0.00455432 0.00191647 0.0222271 0.207439 0 0 0 0 0 0 0 0 0 0 0 40018
0 0 0.0024891 0.193575 0.469112 0.141088 0.00455409 0.00191052 0.0224031 0.206994 0 0 0 0 0 0 0 0 0 0 0 40071
0 0 0.0024891 0.193575 0.469112 0.141088 0.00455409 0.00191052 0.0224031 0.206994 0 0 0 0 0 0 0 0 0 0 0 40124
0 0 0.00234792 0.193766 0.460045 0.115394 0.00455605 0.00189256 0.0227339 0.204721 0 0 0 0 0 0 0 0 0 0 0 40174
0 0 0.00217803 0.194141 0.445822 0.105052 0.00457927 0.00184377 0.0240356 0.199037 0 0 0 0 0 0 0 0 0 0 0 40225
0 0 0.00211397 0.194397 0.440443 0.0993531 0.00459017 0.00182236 0.024468 0.19665 0 0 0 0 0 0 0 0 0 0 0 40280
0 0 0.00212199 0.194881 0.437033 0.0980131 0.0045922 0.0017939 0.024772 0.193 0 0 0 0 0 0 0 0 0 0 0 40333
0 0 0.00213655 0.195431 0.434297 0.0947165 0.00459577 0.00177086 0.0250209 0.190402 0 0 0 0 0 0 0 0 0 0 0 40387
0 0 0.00221052 0.196644 0.433746 0.0966328 0.00462277 0.00173444 0.0254548 0.187163 0 0 0 0 0 0 0 0 0 0 0 40438
0 0 0.00224693 0.197264 0.434261 0.0973789 0.00463 0.0017179 0.0256862 0.186128 0 0 0 0 0 0 0 0 0 0 0 40487
0 0 0.00225427 0.1975 0.433605 0.0973862 0.00462807 0.0017084 0.0258818 0.185461 0 0 0 0 0 0 0 0 0 0 0 40538
0 0 0.00233083 0.199061 0.43281 0.0985982 0.00467191 0.00165922 0.0267934 0.180984 0 0 0 0 0 0 0 0 0 0 0 40591
0 0 0.00244597 0.201183 0.432382 0.100504 0.00472711 0.00159762 0.0278961 0.175479 0 0 0 0 0 0 0 0 0 0 0 40642
0 0 0.00261115 0.20323 0.436897 0.106554 0.00478965 0.0015599 0.0284567 0.173036 0 0 0 0 0 0 0 0 0 0 0 40695
0 0 0.00261115 0.20323 0.436897 0.106554 0.00478965 0.0015599 0.0284567 0.173036 0 0 0 0 0 0 0 0 0 0 0 40748
0 0 0.00263621 0.203293 0.438987 0.108928 0.00478804 0.0015663 0.0281981 0.174221 0 0 0 0 0 0 0 0 0 0 0 40801
0 0 0.00285655 0.204706 0.450923 0.124482 0.00482313 0.00156938 0.0276306 0.177374 0 0 0 0 0 0 0 0 0 0 0 40855
0 0 0.00337132 0.205532 0.488881 0.173849 0.00485706 0.00167753 0.0242913 0.195798 0 0 0 0 0 0 0 0 0 0 0 40908
0 0 0.00404149 0.210148 0.511281 0.2256 0.00501387 0.00162262 0.0244489 0.194769 0 0 0 0 0 0 0 0 0 0 0 40964
0 0 0.00458559 0.207546 0.563836 0.316893 0.00489635 0.00187065 0.0194053 0.232207 0 0 0 0 0 0 0 0 0 0 0 41014
0 0 0.00628765 0.204478 0.693478 0.676097 0.00476226 0.00242708 0.0124767 0.32422 0 0 0 0 0 0 0 0 0 0 0 41066
0 0 0.00883419 0.20068 0.87166 1.54335 0.00462212 0.00326377 0.00757051 0.470729 0 0 0 0 0 0 0 0 0 0 0 41117
0 0 0.00883419 0.20068 0.87166 1.54335 0.00462212 0.00326377 0.00757051 0.470729 0 0 0 0 0 0 0 0 0 0 0 41170
0 0 0.0150932 0.199915 1.17454 4.80167 0.00458819 0.00446993 0.00429215 0.719107 0 0 0 0 0 0 0 0 0 0 0 41224
0 0 0.0122187 0.196671 1.08975 3.40121 0.00442893 0.00438769 0.00462246 0.685448 0 0 0 0 0 0 0 0 0 0 0 41276
0 0 0.014843 0.195396 1.23159 5.25603 0.00428983 0.00507086 0.00360777 0.836082 0 0 0 0 0 0 0 0 0 0 0 41330
0 0 0.0210381 0.194553 1.50264 10.7085 0.00415128 0.0062819 0.00246235 1.12874 0 0 0 0 0 0 0 0 0 0 0 41382
0 0 0.0210381 0.194553 1.50264 10.7085 0.00415128 0.0062819 0.00246235 1.12874 0 0 0 0 0 0 0 0 0 0 0 41435
0 0 0.0210381 0.194553 1.50264 10.7085 0.00415128 0.0062819 0.00246235 1.12874 0 0 0 0 0 0 0 0 0 0 0 41486
0 0 0.0122455 0.193762 1.12878 3.70828 0.00404457 0.00478225 0.00411129 0.78282 0 0 0 0 0 0 0 0 0 0 0 41536
0 0 0.0071423 0.193664 0.84361 1.19901 0.00404011 0.0035736 0.00700849 0.524884 0 0 0 0 0 0 0 0 0 0 0 41590
0 0 0.00410035 0.194009 0.622644 0.408271 0.00405051 0.00261656 0.0123511 0.343688 0 0 0 0 0 0 0 0 0 0 0 41641
0 0 0.00436501 0.193297 0.649509 0.911512 0.00407982 0.00276446 0.0113114 0.365892 0 0 0 0 0 0 0 0 0 0 0 41693
0 0 0.00368985 0.193028 0.595038 0.949714 0.00405016 0.00254361 0.0132398 0.326819 0 0 0 0 0 0 0 0 0 0 0 41746
0 0 0.0033743 0.192993 0.566505 0.490724 0.00398215 0.00242257 0.0144513 0.308317 0 0 0 0 0 0 0 0 0 0 0 41801
0 0 0.00297687 0.192781 0.528556 0.48229 0.0039877 0.0022691 0.0162764 0.280164 0 0 0 0 0 0 0 0 0 0 0 41853
0 0 0.00250444 0.192657 0.478856 0.31414 0.00406354 0.00206143 0.0194211 0.242217 0 0 0 0 0 0 0 0 0 0 0 41906
0 0 0.00261498 0.19264 0.490654 0.197382 0.00409902 0.0021144 0.0185359 0.249254 0 0 0 0 0 0 0 0 0 0 0 41956
0 0 0.00269733 0.192725 0.497977 0.158818 0.00403574 0.00214311 0.0180333 0.25641 0 0 0 0 0 0 0 0 0 0 0 42007
0 0 0.00280945 0.192861 0.508403 0.161853 0.00393544 0.00218232 0.0174329 0.267498 0 0 0 0 0 0 0 0 0 0 0 42057
0 0 0.00280945 0.192861 0.508403 0.161853 0.00393544 0.00218232 0.0174329 0.267498 0 0 0 0 0 0 0 0 0 0 0 42108
0 0 0.00292778 0.193041 0.519553 0.176569 0.00370956 0.00222104 0.0168605 0.284899 0 0 0 0 0 0 0 0 0 0 0 42158
0 0 0.00252319 0.193454 0.477508 0.127389 0.003296 0.00202448 0.0198708 0.271049 0 0 0 0 0 0 0 0 0 0 0 42212
0 0 0.00238451 0.193732 0.463674 0.113586 0.00318032 0.0019557 0.0211013 0.265986 0 0 0 0 0 0 0 0 0 0 0 42262
0 0 0.00228993 0.194806 0.450583 0.103503 0.00311834 0.00186533 0.0224259 0.258705 0 0 0 0 0 0 0 0 0 0 0 42314
0 0 0.00218382 0.195608 0.440544 0.183848 0.00320625 0.00179722 0.0208485 0.250227 0 0 0 0 0 0 0 0 0 0 0 42366
0 0 0.00215095 0.197167 0.433941 0.343277 0.00332135 0.00172249 0.0198469 0.240277 0 0 0 0 0 0 0 0 0 0 0 42421
0 0 0.00207525 0.197009 0.430562 0.22418 0.00334688 0.00171422 0.0233361 0.258372 0 0 0 0 0 0 0 0 0 0 0 42472
0 0 0.00211834 0.197714 0.429991 0.176025 0.00353994 0.00169115 0.0259832 0.278383 0 0 0 0 0 0 0 0 0 0 0 42526
0 0 0.00211834 0.197714 0.429991 0.176025 0.00353994 0.00169115 0.0259832 0.278383 0 0 0 0 0 0 0 0 0 0 0 42577
0 0 0.00209486 0.198595 0.430205 0.126436 0.00326155 0.00166745 0.0308627 0.311555 0 0 0 0 0 0 0 0 0 0 0 42629
0 0 0.00223707 0.198733 0.429627 0.112639 0.00364354 0.00166211 0.0306751 0.357216 0 0 0 0 0 0 0 0 0 0 0 42683
0 0 0.00213733 0.201324 0.430526 0.117928 0.00224677 0.00159505 0.0356555 0.382021 0 0 0 0 0 0 0 0 0 0 0 42736
0 0 0.00238093 0.203381 0.435009 0.104832 0.0012639 0.00155389 0.0314627 0.412195 0 0 0 0 0 0 0 0 0 0 0 42789
0 0 0.00256841 0.205752 0.435064 0.109121 0.00103985 0.00149524 0.0326716 0.441485 0 0 0 0 0 0 0 0 0 0 0 42840
0 0 0.00317567 0.21275 0.440725 0.130424 0.000982142 0.00134929 0.0345791 0.420298 0 0 0 0 0 0 0 0 0 0 0 42894
0 0 0.00332702 0.213186 0.44725 0.139586 0.000933976 0.00136074 0.0335938 0.437841 0 0 0 0 0 0 0 0 0 0 0 42945
0 0 0.00340601 0.211506 0.456387 0.147223 0.000982562 0.00142313 0.0311434 0.439342 0 0 0 0 0 0 0 0 0 0 0 42999
0 0 0.00284244 0.201469 0.461826 0.128616 0.00126117 0.00170488 0.0249638 0.425158 0 0 0 0 0 0 0 0 0 0 0 43049
0 0 0.00284244 0.201469 0.461826 0.128616 0.00126117 0.00170488 0.0249638 0.425158 0 0 0 0 0 0 0 0 0 0 0 43100
0 0 0.00259343 0.197653 0.457671 0.115474 0.00174808 0.00180497 0.0233247 0.35909 0 0 0 0 0 0 0 0 0 0 0 43152
0 0 0.00268198 0.195538 0.476327 0.129771 0.0026545 0.00195086 0.0199855 0.302096 0 0 0 0 0 0 0 0 0 0 0 43203
0 0 0.00250221 0.194276 0.467205 0.117252 0.00340007 0.00195721 0.0200244 0.257042 0 0 0 0 0 0 0 0 0 0 0 43258
0 0 0.00237392 0.193446 0.448237 0.116813 0.00373084 0.00190185 0.0216735 0.232278 0 0 0 0 0 0 0 0 0 0 0 43308
0 0 0.00375496 0.192993 0.443513 0.314173 0.00396013 0.0018907 0.022531 0.221008 0 0 0 0 0 0 0 0 0 0 0 43361
0 0 0.010104 0.192763 0.443605 2.59349 0.00420822 0.00188647 0.0231956 0.212997 -2.54211 0 0 0 0 0 0 0 0 0 0 43412
0 0 0.010104 0.192763 0.443605 2.59349 0.00420822 0.00188647 0.0231956 0.212997 -2.54211 0 0 0 0 0 0 0 0 0 0 43463
0 0 0.0238388 0.19257 0.459154 14.3542 0.004407 0.00189258 0.0231295 0.207471 -11.3226 0 0 0 0 0 0 0 0 0 0 43514
0 0 0.0317038 0.192517 0.463191 23.6392 0.00443704 0.00188789 0.0232686 0.205933 -14.2648 0 0 0 0 0 0 0 0 0 0 43566
0 0 0.0307309 0.192453 0.488755 22.7005 0.00451667 0.0018838 0.0235755 0.204614 -14.0757 0 0 0 0 0 0 0 0 0 0 43617
0 0 0.0343027 0.192303 0.671273 27.2121 0.00458063 0.00190291 0.0229483 0.206601 -15.2457 0 0 0 0 0 0 0 0 0 0 43668
0 0 0.0347098 0.192224 0.942064 28.1402 0.00460917 0.00188159 0.0234798 0.204667 -15.5519 0 0 0 0 0 0 0 0 0 0 43719
0 0 0.0348542 0.19232 1.04204 28.2005 0.00461429 0.00188043 0.0232014 0.204718 -15.4747 0 0 0 0 0 0 0 0 0 0 43770
0 0 0.0354786 0.192151 1.57002 29.2988 0.00458796 0.00193097 0.0221228 0.212809 -15.6336 0 0 0 0 0 0 0 0 0 0 43822
0 0 0.0349233 0.191947 2.62037 62.8417 0.00456766 0.00199202 0.020839 0.222668 -15.4489 0 0 0 0 0 0 0 0 0 0 43873
0 0 0.0367255 0.191654 3.87104 90.0602 0.00451881 0.00202641 0.0198979 0.230005 -15.9934 0 0 0 0 0 0 0 0 0 0 43923
0 0 0.0367132 0.191638 4.2927 93.0005 0.00449002 0.00206217 0.0193688 0.234838 -16.0273 0 0 0 0 0 0 0 0 0 0 43975
0 0 0.0367132 0.191638 4.2927 93.0005 0.00449002 0.00206217 0.0193688 0.234838 -16.0273 0 0 0 0 0 0 0 0 0 0 44026
0 0 0.0370584 0.191538 3.52439 84.72 0.00449301 0.00206156 0.019576 0.231402 -16.0683 0 0 0 0 0 0 0 0 0 0 44078
0 0 0.034524 0.191461 2.76296 64.8756 0.00449011 0.00208231 0.0192876 0.231629 -15.1521 0 0 0 0 0 0 0 0 0 0 44130
0 0 0.0189331 0.191634 1.77322 20.9017 0.00450206 0.00207155 0.0195909 0.228558 -8.85738 0 0 0 0 0 0 0 0 0 0 44181
0 0 0.0064462 0.191875 1.36236 6.72265 0.00450082 0.00212897 0.0185287 0.237474 0 0 0 0 0 0 0 0 0 0 0 44231
0 0 0.00375892 0.191935 1.53907 7.90873 0.00449509 0.00231248 0.015898 0.265672 0 0 0 0 0 0 0 0 0 0 0 44282
0 0 0.00303782 0.191938 1.39622 5.292 0.00448472 0.00231328 0.0158653 0.265548 0 0 0 0 0 0 0 0 0 0 0 44332
0 0 0.00292562 0.192126 1.02469 1.55141 0.00447811 0.00225234 0.0166204 0.256704 0 0 0 0 0 0 0 0 0 0 0 44384
0 0 0.00270755 0.192278 0.769256 0.531686 0.00446881 0.00215492 0.0180001 0.242367 0 0 0 0 0 0 0 0 0 0 0 44436
0 0 0.00251177 0.192432 0.626879 0.258664 0.00447421 0.00206461 0.0194175 0.228776 0 0 0 0 0 0 0 0 0 0 0 44487
0 0 0.00239283 0.192465 0.551239 0.166151 0.00447122 0.00200727 0.0204216 0.220208 0 0 0 0 0 0 0 0 0 0 0 44538
0 0 0.00240525 0.19241 0.515009 0.166207 0.00447902 0.00200709 0.0204451 0.219722 0 0 0 0 0 0 0 0 0 0 0 44588
0 0 0.00240525 0.19241 0.515009 0.166207 0.00447902 0.00200709 0.0204451 0.219722 0 0 0 0 0 0 0 0 0 0 0 44639
0 0 0.00238396 0.192502 0.488982 0.213242 0.0044926 0.0019914 0.0205529 0.217181 0 0 0 0 0 0 0 0 0 0 0 44691
0 0 0.00327963 0.192564 0.466721 0.25115 0.00450022 0.00196019 0.0207694 0.212327 0 0 0 0 0 0 0 0 0 0 0 44743
0 0 0.00364326 0.192709 0.462837 0.290597 0.00451118 0.00195995 0.0197141 0.212396 0 0 0 0 0 0 0 0 0 0 0 44792
0 0 0.00864132 0.192823 0.452806 1.80819 0.00452267 0.00193773 0.0189522 0.209566 -3.60387 0 0 0 0 0 0 0 0 0 0 44843
0 0 0.0104809 0.192912 0.468966 2.67871 0.00452639 0.00201707 0.0183093 0.221233 -4.69285 0 0 0 0 0 0 0 0 0 0 44894
0 0 0.0104809 0.192912 0.468966 2.67871 0.00452639 0.00201707 0.0183093 0.221233 -4.69285 0 0 0 0 0 0 0 0 0 0 44944
0 0 0.0171171 0.193064 0.488174 6.35985 0.00452951 0.00224558 0.014944 0.2564 -9.08799 0 0 0 0 0 0 0 0 0 0 44996
0 0 0.0142496 0.193149 0.47723 3.37228 0.00452857 0.00249853 0.0123281 0.296904 -5.81232 0 0 0 0 0 0 0 0 0 0 45053
0 0 0.00965377 0.193423 0.43625 1.15666 0.00453062 0.00257674 0.0114809 0.309871 -0.831284 0 0 0 0 0 0 0 0 0 0 45104
0 0 0.0134914 0.1936 0.323677 1.16501 0.00452533 0.00265579 0.00973137 0.322178 -3.12675 0 0 0 0 0 0 0 0 0 0 45154
