0 0 0.00174977 0.192613 0.469923 0.104459 0.000669945 0.0019634 0.0359682 0.824524 0 0 0 0 0 0 0 0 0 0 0 1313
0 0 0.0023975 0.192674 0.46078 0.0986458 0.00052074 0.00193514 0.0231436 0.769042 0 0 0 0 0 0 0 0 0 0 0 1364
0 0 0.0023975 0.192674 0.46078 0.0986458 0.00052074 0.00193514 0.0231436 0.769042 0 0 0 0 0 0 0 0 0 0 0 1416
0 0 0.00414312 0.192731 0.577753 0.249195 0.000838327 0.00244807 0.0145398 0.789816 0 0 0 0 0 0 0 0 0 0 0 1468
0 0 0.00414312 0.192731 0.577753 0.249195 0.000838327 0.00244807 0.0145398 0.789816 0 0 0 0 0 0 0 0 0 0 0 1520
0 0 0.00414312 0.192731 0.577753 0.249195 0.000838327 0.00244807 0.0145398 0.789816 0 0 0 0 0 0 0 0 0 0 0 1571
0 0 0.00248721 0.19269 0.481911 0.125728 0.000994068 0.00205832 0.0197541 0.564752 0 0 0 0 0 0 0 0 0 0 0 1624
0 0 0.00248721 0.19269 0.481911 0.125728 0.000994068 0.00205832 0.0197541 0.564752 0 0 0 0 0 0 0 0 0 0 0 1674
0 0 0.00248721 0.19269 0.481911 0.125728 0.000994068 0.00205832 0.0197541 0.564752 0 0 0 0 0 0 0 0 0 0 0 1724
0 0 0.00215815 0.192686 0.453974 0.0980712 0.00187046 0.00193226 0.0224173 0.356585 0 0 0 0 0 0 0 0 0 0 0 1775
0 0 0.00215815 0.192686 0.453974 0.0980712 0.00187046 0.00193226 0.0224173 0.356585 0 0 0 0 0 0 0 0 0 0 0 1829
0 0 0.00209886 0.192677 0.44803 0.113779 0.00274851 0.00189492 0.023195 0.274492 0 0 0 0 0 0 0 0 0 0 0 1882
0 0 0.00209886 0.192677 0.44803 0.113779 0.00274851 0.00189492 0.023195 0.274492 0 0 0 0 0 0 0 0 0 0 0 1934
0 0 0.00237648 0.192692 0.477155 0.116964 0.00173138 0.00202113 0.0199235 0.394246 0 0 0 0 0 0 0 0 0 0 0 1986
0 0 0.00237648 0.192692 0.477155 0.116964 0.00173138 0.00202113 0.0199235 0.394246 0 0 0 0 0 0 0 0 0 0 0 2036
0 0 0.00237648 0.192692 0.477155 0.116964 0.00173138 0.00202113 0.0199235 0.394246 0 0 0 0 0 0 0 0 0 0 0 2090
0 0 0.0301996 0.192694 1.88724 21.4456 0.00113755 0.00808914 0.00157115 3.31429 0 0 0 0 0 0 0 0 0 0 0 2140
0 0 0.0301996 0.192694 1.88724 21.4456 0.00113755 0.00808914 0.00157115 3.31429 0 0 0 0 0 0 0 0 0 0 0 2191
0 0 0.05462 0.192849 2.57689 49.1551 0.00180999 0.0111742 0.000871318 3.89041 0 0 0 0 0 0 0 0 0 0 0 2244
0 0 0.05462 0.192849 2.57689 49.1551 0.00180999 0.0111742 0.000871318 3.89041 0 0 0 0 0 0 0 0 0 0 0 2297
0 0 0.05462 0.192849 2.57689 49.1551 0.00180999 0.0111742 0.000871318 3.89041 0 0 0 0 0 0 0 0 0 0 0 2351
0 0 0.0553516 0.193112 2.5928 49.9881 0.00158454 0.0113681 0.000845624 4.34425 0 0 0 0 0 0 0 0 0 0 0 2403
0 0 0.0553516 0.193112 2.5928 49.9881 0.00158454 0.0113681 0.000845624 4.34425 0 0 0 0 0 0 0 0 0 0 0 2454
0 0 0.0480748 0.167335 2.26036 49.9996 0.00121513 0.0161855 0.000731749 5.5373 0 0 0 0 0 0 0 0 0 0 0 2506
0 0 0.0480748 0.167335 2.26036 49.9996 0.00121513 0.0161855 0.000731749 5.5373 0 0 0 0 0 0 0 0 0 0 0 2556
0 0 0.0480748 0.167335 2.26036 49.9996 0.00121513 0.0161855 0.000731749 5.5373 0 0 0 0 0 0 0 0 0 0 0 2610
0 0 0.00166594 0.00379835 0.0851528 59.36 4.48635e-05 38.34 2.56707e-05 9.28154 49.8059 0 0 0 0 0 0 0 0 0 0 2660
0 0 0.00166594 0.00379835 0.0851528 59.36 4.48635e-05 38.34 2.56707e-05 9.28154 49.8059 0 0 0 0 0 0 0 0 0 0 2714
0 0 0.000172212 0.000293207 0.00920654 99.4716 4.95678e-06 99.3882 2.66516e-06 10.6925 85.9652 0 0 0 0 0 0 0 0 0 0 2768
0 0 0.000172212 0.000293207 0.00920654 99.4716 4.95678e-06 99.3882 2.66516e-06 10.6925 85.9652 0 0 0 0 0 0 0 0 0 0 2818
0 0 0.000172212 0.000293207 0.00920654 99.4716 4.95678e-06 99.3882 2.66516e-06 10.6925 85.9652 0 0 0 0 0 0 0 0 0 0 2871
0 0 9.62018e-05 0.000152896 0.00525986 99.8453 3.96468e-06 99.8494 1.51123e-06 10.3691 95.5298 0 0 0 0 0 0 0 0 0 0 2924
0 0 9.62018e-05 0.000152896 0.00525986 99.8453 3.96468e-06 99.8494 1.51123e-06 10.3691 95.5298 0 0 0 0 0 0 0 0 0 0 2975
0 0 9.44661e-05 0.000295335 0.00677476 99.4647 1.03641e-05 99.1364 4.90821e-06 3.97656 85.7974 0 0 0 0 0 0 0 0 0 0 3027
0 0 9.44661e-05 0.000295335 0.00677476 99.4647 1.03641e-05 99.1364 4.90821e-06 3.97656 85.7974 0 0 0 0 0 0 0 0 0 0 3078
0 0 9.44661e-05 0.000295335 0.00677476 99.4647 1.03641e-05 99.1364 4.90821e-06 3.97656 85.7974 0 0 0 0 0 0 0 0 0 0 3131
0 0 0.000299729 0.0127062 0.0541015 12.9831 0.000363651 0.982332 0.0012184 0.41859 32.9055 0 0 0 0 0 0 0 0 0 0 3180
0 0 0.000299729 0.0127062 0.0541015 12.9831 0.000363651 0.982332 0.0012184 0.41859 32.9055 0 0 0 0 0 0 0 0 0 0 3231
0 0 0.000299729 0.0127062 0.0541015 12.9831 0.000363651 0.982332 0.0012184 0.41859 32.9055 0 0 0 0 0 0 0 0 0 0 3283
0 0 0.00173365 0.149173 0.362127 0.133242 0.0032228 0.00350698 0.0171667 0.22779 0 0 0 0 0 0 0 0 0 0 0 3334
0 0 0.00173365 0.149173 0.362127 0.133242 0.0032228 0.00350698 0.0171667 0.22779 0 0 0 0 0 0 0 0 0 0 0 3384
0 0 0.00202205 0.189378 0.434699 0.0889835 0.00431123 0.0019814 0.0227496 0.201898 0 0 0 0 0 0 0 0 0 0 0 3436
0 0 0.00202205 0.189378 0.434699 0.0889835 0.00431123 0.0019814 0.0227496 0.201898 0 0 0 0 0 0 0 0 0 0 0 3487
0 0 0.00225314 0.192701 0.469656 0.104037 0.00448732 0.00197137 0.0212056 0.213852 0 0 0 0 0 0 0 0 0 0 0 3538
0 0 0.00225314 0.192701 0.469656 0.104037 0.00448732 0.00197137 0.0212056 0.213852 0 0 0 0 0 0 0 0 0 0 0 3590
0 0 0.00225314 0.192701 0.469656 0.104037 0.00448732 0.00197137 0.0212056 0.213852 0 0 0 0 0 0 0 0 0 0 0 3640
0 0 0.00335846 0.193077 0.581699 0.247273 0.00450603 0.00244648 0.0142389 0.288888 0 0 0 0 0 0 0 0 0 0 0 3694
0 0 0.00335846 0.193077 0.581699 0.247273 0.00450603 0.00244648 0.0142389 0.288888 0 0 0 0 0 0 0 0 0 0 0 3745
0 0 0.0444973 0.192811 2.33282 38.7578 0.00446547 0.0100291 0.00107721 1.98469 0 0 0 0 0 0 0 0 0 0 0 3799
0 0 0.0444973 0.192811 2.33282 38.7578 0.00446547 0.0100291 0.00107721 1.98469 0 0 0 0 0 0 0 0 0 0 0 3850
0 0 0.0444973 0.192811 2.33282 38.7578 0.00446547 0.0100291 0.00107721 1.98469 0 0 0 0 0 0 0 0 0 0 0 3901
0 0 0.0545493 0.192315 2.63732 49.8379 0.00426771 0.0112831 0.000879355 2.37862 0 0 0 0 0 0 0 0 0 0 0 3953
0 0 0.0545493 0.192315 2.63732 49.8379 0.00426771 0.0112831 0.000879355 2.37862 0 0 0 0 0 0 0 0 0 0 0 4003
0 0 0.0542062 0.190922 2.65803 50.0601 0.00408791 0.0114868 0.00088609 2.44219 0 0 0 0 0 0 0 0 0 0 0 4057
0 0 0.0542062 0.190922 2.65803 50.0601 0.00408791 0.0114868 0.00088609 2.44219 0 0 0 0 0 0 0 0 0 0 0 4108
0 0 0.0542062 0.190922 2.65803 50.0601 0.00408791 0.0114868 0.00088609 2.44219 0 0 0 0 0 0 0 0 0 0 0 4161
0 0 0.0457305 0.190117 2.74542 50.1688 0.00352209 0.0115699 0.00120006 2.96434 0 0 0 0 0 0 0 0 0 0 0 4216
0 0 0.0457305 0.190117 2.74542 50.1688 0.00352209 0.0115699 0.00120006 2.96434 0 0 0 0 0 0 0 0 0 0 0 4267
0 0 0 0 0 0 0 0 0 0 0 0 0 0 0 0 0 0 0 0 0 4318
0 0 0 0 0 0 0 0 0 0 0 0 0 0 0 0 0 0 0 0 0 4368
0 0 0 0 0 0 0 0 0 0 0 0 0 0 0 0 0 0 0 0 0 4419
0 0 0 0 0 0 0 0 0 0 0 0 0 0 0 0 0 0 0 0 0 4470
0 0 0 0 0 0 0 0 0 0 0 0 0 0 0 0 0 0 0 0 0 4522
0 0 0 0 0 0 0 0 0 0 0 0 0 0 0 0 0 0 0 0 0 4575
0 0 0 0 0 0 0 0 0 0 0 0 0 0 0 0 0 0 0 0 0 4626
0 0 0 0 0 0 0 0 0 0 0 0 0 0 0 0 0 0 0 0 0 4677
0 0 0 0 0 0 0 0 0 0 0 0 0 0 0 0 0 0 0 0 0 4727
0 0 0 0 0 0 0 0 0 0 0 0 0 0 0 0 0 0 0 0 0 4781
0 0 0 0 0 0 0 0 0 0 0 0 0 0 0 0 0 0 0 0 0 4834
0 0 0 0 0 0 0 0 0 0 0 0 0 0 0 0 0 0 0 0 0 4886
0 0 0 0 0 0 0 0 0 0 0 0 0 0 0 0 0 0 0 0 0 4937
0 0 0 0 0 0 0 0 0 0 0 0 0 0 0 0 0 0 0 0 0 4991
0 0 0 0 0 0 0 0 0 0 0 0 0 0 0 0 0 0 0 0 0 5043
0 0 0.0516078 0.198546 11.5017 69.6589 4.6053e-05 0.00670012 0.0154833 7.76927 -99.9361 0 0 0 0 0 0 0 0 0 0 5096
0 0 0.0516078 0.198546 11.5017 69.6589 4.6053e-05 0.00670012 0.0154833 7.76927 -99.9361 0 0 0 0 0 0 0 0 0 0 5148
0 0 0.0516078 0.198546 11.5017 69.6589 4.6053e-05 0.00670012 0.0154833 7.76927 -99.9361 0 0 0 0 0 0 0 0 0 0 5201
0 0 0.0475946 0.194698 20.4525 77.2944 4.34375e-05 0.00935806 0.00954414 11.6254 -99.6704 0 0 0 0 0 0 0 0 0 0 5252
0 0 0.0475946 0.194698 20.4525 77.2944 4.34375e-05 0.00935806 0.00954414 11.6254 -99.6704 0 0 0 0 0 0 0 0 0 0 5306
0 0 0.0475946 0.194698 20.4525 77.2944 4.34375e-05 0.00935806 0.00954414 11.6254 -99.6704 0 0 0 0 0 0 0 0 0 0 5356
0 0 0.0566504 0.194317 2.60509 49.3538 5.47185e-05 0.0104758 0.00553049 13.419 -55.8481 0 0 0 0 0 0 0 0 0 0 5409
0 0 0.0566504 0.194317 2.60509 49.3538 5.47185e-05 0.0104758 0.00553049 13.419 -55.8481 0 0 0 0 0 0 0 0 0 0 5463
0 0 0.05531 0.192464 2.5487 50.6497 6.74004e-05 0.0107807 0.00460876 13.9142 -37.8263 0 0 0 0 0 0 0 0 0 0 5515
0 0 0.05531 0.192464 2.5487 50.6497 6.74004e-05 0.0107807 0.00460876 13.9142 -37.8263 0 0 0 0 0 0 0 0 0 0 5567
0 0 0.0440214 0.190043 2.87863 51.9684 5.96837e-05 0.0111569 0.00905484 15.1352 -44.2316 0 0 0 0 0 0 0 0 0 0 5618
0 0 0.0440214 0.190043 2.87863 51.9684 5.96837e-05 0.0111569 0.00905484 15.1352 -44.2316 0 0 0 0 0 0 0 0 0 0 5671
0 0 0.0440214 0.190043 2.87863 51.9684 5.96837e-05 0.0111569 0.00905484 15.1352 -44.2316 0 0 0 0 0 0 0 0 0 0 5723
0 0 0.0415202 0.162962 2.25832 44.9663 8.59601e-05 0.0171704 0.00158408 13.4711 -6.54499 0 0 0 0 0 0 0 0 0 0 5776
0 0 0.0415202 0.162962 2.25832 44.9663 8.59601e-05 0.0171704 0.00158408 13.4711 -6.54499 0 0 0 0 0 0 0 0 0 0 5828
0 0 0 0 0 0 0 0 0 0 0 0 0 0 0 0 0 0 0 0 0 5882
0 0 0 0 0 0 0 0 0 0 0 0 0 0 0 0 0 0 0 0 0 5933
0 0 0 0 0 0 0 0 0 0 0 0 0 0 0 0 0 0 0 0 0 5984
0 0 0 0 0 0 0 0 0 0 0 0 0 0 0 0 0 0 0 0 0 6038
0 0 0 0 0 0 0 0 0 0 0 0 0 0 0 0 0 0 0 0 0 6091
0 0 0.0174257 11.0712 0.4364 0.16982 1.08935 0.00197521 0.00351143 0.352612 0 0 0 0 0 0 0 0 0 0 0 6145
0 0 0.0174257 11.0712 0.4364 0.16982 1.08935 0.00197521 0.00351143 0.352612 0 0 0 0 0 0 0 0 0 0 0 6195
0 0 0.0174257 11.0712 0.4364 0.16982 1.08935 0.00197521 0.00351143 0.352612 0 0 0 0 0 0 0 0 0 0 0 6249
0 0 0.00203229 0.19257 0.431965 0.0843917 0.00445255 0.00186337 0.0238629 0.197396 0 0 0 0 0 0 0 0 0 0 0 6300
0 0 0.00203229 0.19257 0.431965 0.0843917 0.00445255 0.00186337 0.0238629 0.197396 0 0 0 0 0 0 0 0 0 0 0 6353
0 0 0.00200548 0.192654 0.429092 0.0858467 0.0044467 0.00184371 0.0243881 0.194936 0 0 0 0 0 0 0 0 0 0 0 6406
0 0 0.00200548 0.192654 0.429092 0.0858467 0.0044467 0.00184371 0.0243881 0.194936 0 0 0 0 0 0 0 0 0 0 0 6458
0 0 0.00200548 0.192654 0.429092 0.0858467 0.0044467 0.00184371 0.0243881 0.194936 0 0 0 0 0 0 0 0 0 0 0 6513
0 0 0.00200261 0.192734 0.428308 0.0810018 0.00453921 0.00183769 0.0236828 0.19416 0 0 0 0 0 0 0 0 0 0 0 6567
0 0 0.00200261 0.192734 0.428308 0.0810018 0.00453921 0.00183769 0.0236828 0.19416 0 0 0 0 0 0 0 0 0 0 0 6619
0 0 0.00229842 0.1932 0.521892 0.107657 0.00454461 0.00190604 0.0221323 0.205215 0 0 0 0 0 0 0 0 0 0 0 6672
0 0 0.0707951 0.203191 2.66291 54.9655 0.000202104 0.00935104 0.00106716 11.9623 0 0 0 0 0 0 0 0 0 0 0 7598
0 0 0.0707951 0.203191 2.66291 54.9655 0.000202104 0.00935104 0.00106716 11.9623 0 0 0 0 0 0 0 0 0 0 0 7650
0 0 0.0594055 0.195093 2.61261 50.9365 0.000200552 0.0107641 0.000906664 12.9275 0 0 0 0 0 0 0 0 0 0 0 7704
0 0 0.0594055 0.195093 2.61261 50.9365 0.000200552 0.0107641 0.000906664 12.9275 0 0 0 0 0 0 0 0 0 0 0 7756
0 0 0.0594055 0.195093 2.61261 50.9365 0.000200552 0.0107641 0.000906664 12.9275 0 0 0 0 0 0 0 0 0 0 0 7810
0 0 0.0562183 0.19292 2.57673 49.4763 0.000323967 0.0111487 0.000876189 10.2042 0 0 0 0 0 0 0 0 0 0 0 7861
0 0 0.0562183 0.19292 2.57673 49.4763 0.000323967 0.0111487 0.000876189 10.2042 0 0 0 0 0 0 0 0 0 0 0 7913
0 0 0.055453 0.192768 2.55336 48.9699 0.00106542 0.0111328 0.000881694 5.2549 0 0 0 0 0 0 0 0 0 0 0 7968
0 0 0.055453 0.192768 2.55336 48.9699 0.00106542 0.0111328 0.000881694 5.2549 0 0 0 0 0 0 0 0 0 0 0 8020
0 0 0.055453 0.192768 2.55336 48.9699 0.00106542 0.0111328 0.000881694 5.2549 0 0 0 0 0 0 0 0 0 0 0 8071
0 0 0.0539318 0.192734 2.53609 48.1576 0.00197568 0.0110459 0.000894816 3.64538 0 0 0 0 0 0 0 0 0 0 0 8121
0 0 0.0539318 0.192734 2.53609 48.1576 0.00197568 0.0110459 0.000894816 3.64538 0 0 0 0 0 0 0 0 0 0 0 8173
0 0 0.0546901 0.192725 2.69627 50.2384 0.0037111 0.0111948 0.000882075 2.57862 0 0 0 0 0 0 0 0 0 0 0 8225
0 0 0.0546901 0.192725 2.69627 50.2384 0.0037111 0.0111948 0.000882075 2.57862 0 0 0 0 0 0 0 0 0 0 0 8276
0 0 0.0546901 0.192725 2.69627 50.2384 0.0037111 0.0111948 0.000882075 2.57862 0 0 0 0 0 0 0 0 0 0 0 8326
0 0 0.0545525 0.192647 2.64031 49.9682 0.00428904 0.0112067 0.000882413 2.37016 0 0 0 0 0 0 0 0 0 0 0 8380
0 0 0.0545525 0.192647 2.64031 49.9682 0.00428904 0.0112067 0.000882413 2.37016 0 0 0 0 0 0 0 0 0 0 0 8433
0 0 0.0537057 0.192537 2.52642 48.4146 0.00447093 0.0111067 0.000889842 2.27304 0 0 0 0 0 0 0 0 0 0 0 8485
0 0 0.0537057 0.192537 2.52642 48.4146 0.00447093 0.0111067 0.000889842 2.27304 0 0 0 0 0 0 0 0 0 0 0 8536
0 0 0.0537057 0.192537 2.52642 48.4146 0.00447093 0.0111067 0.000889842 2.27304 0 0 0 0 0 0 0 0 0 0 0 8587
0 0 0.0500409 0.192653 2.42842 44.4608 0.00449002 0.0106548 0.000956564 2.1463 0 0 0 0 0 0 0 0 0 0 0 8639
0 0 0.0500409 0.192653 2.42842 44.4608 0.00449002 0.0106548 0.000956564 2.1463 0 0 0 0 0 0 0 0 0 0 0 8691
0 0 0.0357716 0.19258 2.02885 28.0112 0.00447689 0.00887135 0.00133625 1.67564 0 0 0 0 0 0 0 0 0 0 0 8744
0 0 0.0357716 0.19258 2.02885 28.0112 0.00447689 0.00887135 0.00133625 1.67564 0 0 0 0 0 0 0 0 0 0 0 8795
0 0 0.0357716 0.19258 2.02885 28.0112 0.00447689 0.00887135 0.00133625 1.67564 0 0 0 0 0 0 0 0 0 0 0 8845
0 0 0.0169669 0.192608 1.35886 7.27889 0.00420228 0.00589177 0.00282337 0.99836 0 0 0 0 0 0 0 0 0 0 0 8897
0 0 0.0169669 0.192608 1.35886 7.27889 0.00420228 0.00589177 0.00282337 0.99836 0 0 0 0 0 0 0 0 0 0 0 8950
0 0 0.0253456 0.192873 1.68364 15.4774 0.00307472 0.00726231 0.00191721 1.60133 0 0 0 0 0 0 0 0 0 0 0 9002
0 0 0.0253456 0.192873 1.68364 15.4774 0.00307472 0.00726231 0.00191721 1.60133 0 0 0 0 0 0 0 0 0 0 0 9055
0 0 0.0253456 0.192873 1.68364 15.4774 0.00307472 0.00726231 0.00191721 1.60133 0 0 0 0 0 0 0 0 0 0 0 9105
0 0 0.012881 0.192688 1.19488 4.13266 0.00130078 0.00503079 0.00377519 1.61572 0 0 0 0 0 0 0 0 0 0 0 9159
0 0 0.012881 0.192688 1.19488 4.13266 0.00130078 0.00503079 0.00377519 1.61572 0 0 0 0 0 0 0 0 0 0 0 9213
0 0 0.00291644 0.192583 0.518043 0.170098 0.000710895 0.00222419 0.0169324 0.760066 0 0 0 0 0 0 0 0 0 0 0 9263
0 0 0.00291644 0.192583 0.518043 0.170098 0.000710895 0.00222419 0.0169324 0.760066 0 0 0 0 0 0 0 0 0 0 0 9313
0 0 0.00291644 0.192583 0.518043 0.170098 0.000710895 0.00222419 0.0169324 0.760066 0 0 0 0 0 0 0 0 0 0 0 9365
0 0 0.00245433 0.192484 0.466765 0.412572 0.0011571 0.00199883 0.0143218 0.486418 0 0 0 0 0 0 0 0 0 0 0 9418
0 0 0.00245433 0.192484 0.466765 0.412572 0.0011571 0.00199883 0.0143218 0.486418 0 0 0 0 0 0 0 0 0 0 0 9470
0 0 0.00245433 0.192484 0.466765 0.412572 0.0011571 0.00199883 0.0143218 0.486418 0 0 0 0 0 0 0 0 0 0 0 9522
0 0 0.00220785 0.192188 0.442856 0.11644 0.000538007 0.00185781 0.0256334 0.664256 0 0 0 0 0 0 0 0 0 0 0 9573
0 0 0.00220785 0.192188 0.442856 0.11644 0.000538007 0.00185781 0.0256334 0.664256 0 0 0 0 0 0 0 0 0 0 0 9626
0 0 0.00225741 0.188249 0.424838 0.301652 0.000439343 0.00194651 0.0375236 0.65267 -1.82663 0 0 0 0 0 0 0 0 0 0 9677
0 0 0.00225741 0.188249 0.424838 0.301652 0.000439343 0.00194651 0.0375236 0.65267 -1.82663 0 0 0 0 0 0 0 0 0 0 9729
0 0 0.00244265 0.18324 0.479086 11.3803 0.000136492 0.0023922 0.108481 0.955995 -42.7498 0 0 0 0 0 0 0 0 0 0 9779
0 0 0.00244265 0.18324 0.479086 11.3803 0.000136492 0.0023922 0.108481 0.955995 -42.7498 0 0 0 0 0 0 0 0 0 0 9829
0 0 0.00244265 0.18324 0.479086 11.3803 0.000136492 0.0023922 0.108481 0.955995 -42.7498 0 0 0 0 0 0 0 0 0 0 9882
0 0 0.00466307 0.183279 0.747426 1.17657 0.000422909 0.00374782 0.0273305 1.41711 -16.8056 0 0 0 0 0 0 0 0 0 0 9934
0 0 0.00466307 0.183279 0.747426 1.17657 0.000422909 0.00374782 0.0273305 1.41711 -16.8056 0 0 0 0 0 0 0 0 0 0 9986
0 0 0.0023417 0.190165 0.644234 4.74846 0.00172397 0.0028891 0.120915 0.531204 -36.6991 0 0 0 0 0 0 0 0 0 0 10038
0 0 0.0023417 0.190165 0.644234 4.74846 0.00172397 0.0028891 0.120915 0.531204 -36.6991 0 0 0 0 0 0 0 0 0 0 10091
0 0 0.0023417 0.190165 0.644234 4.74846 0.00172397 0.0028891 0.120915 0.531204 -36.6991 0 0 0 0 0 0 0 0 0 0 10144
0 0 0.00348462 0.190949 0.854144 3.04033 0.00246338 0.00378915 0.074503 0.733308 -32.6439 0 0 0 0 0 0 0 0 0 0 10195
0 0 0.00348462 0.190949 0.854144 3.04033 0.00246338 0.00378915 0.074503 0.733308 -32.6439 0 0 0 0 0 0 0 0 0 0 10246
0 0 0.00125797 0.192099 0.64168 3.2662 0.00301994 0.00278625 0.286639 0.610261 -37.9281 0 0 0 0 0 0 0 0 0 0 10298
0 0 0.00125797 0.192099 0.64168 3.2662 0.00301994 0.00278625 0.286639 0.610261 -37.9281 0 0 0 0 0 0 0 0 0 0 10350
0 0 0.00125797 0.192099 0.64168 3.2662 0.00301994 0.00278625 0.286639 0.610261 -37.9281 0 0 0 0 0 0 0 0 0 0 10401
0 0 0.000618304 0.192404 0.502671 1.79855 0.0045146 0.00216859 1.12151 0.61862 -40.2673 0 0 0 0 0 0 0 0 0 0 10452
0 0 0.000618304 0.192404 0.502671 1.79855 0.0045146 0.00216859 1.12151 0.61862 -40.2673 0 0 0 0 0 0 0 0 0 0 10504
0 0 0 0 0 0 0 0 0 0 0 0 0 0 0 0 0 0 0 0 0 10555
0 0 0 0 0 0 0 0 0 0 0 0 0 0 0 0 0 0 0 0 0 10608
0 0 0 0 0 0 0 0 0 0 0 0 0 0 0 0 0 0 0 0 0 10661
0 0 0.00378109 0.192577 0.607353 2.827 0.0026088 0.00260972 0.0108075 0.332116 -25.1904 0 0 0 0 0 0 0 0 0 0 10713
0 0 0.00378109 0.192577 0.607353 2.827 0.0026088 0.00260972 0.0108075 0.332116 -25.1904 0 0 0 0 0 0 0 0 0 0 10764
0 0 0.00206791 0.192643 0.436548 13.0939 0.00364975 0.00187348 0.0091595 0.202187 -20.5786 0 0 0 0 0 0 0 0 0 0 10814
0 0 0.00206791 0.192643 0.436548 13.0939 0.00364975 0.00187348 0.0091595 0.202187 -20.5786 0 0 0 0 0 0 0 0 0 0 10864
0 0 0.00206791 0.192643 0.436548 13.0939 0.00364975 0.00187348 0.0091595 0.202187 -20.5786 0 0 0 0 0 0 0 0 0 0 10918
0 0 0.00205172 0.192654 0.428345 2.44667 0.0040889 0.00183401 0.012958 0.195528 -8.71965 0 0 0 0 0 0 0 0 0 0 10970
0 0 0.00205172 0.192654 0.428345 2.44667 0.0040889 0.00183401 0.012958 0.195528 -8.71965 0 0 0 0 0 0 0 0 0 0 11024
0 0 0.00270059 0.192643 0.425714 43.0513 0.00357016 0.00183027 0.00665697 0.197836 -31.8687 0 0 0 0 0 0 0 0 0 0 11074
0 0 0.00270059 0.192643 0.425714 43.0513 0.00357016 0.00183027 0.00665697 0.197836 -31.8687 0 0 0 0 0 0 0 0 0 0 11124
0 0 0.00270059 0.192643 0.425714 43.0513 0.00357016 0.00183027 0.00665697 0.197836 -31.8687 0 0 0 0 0 0 0 0 0 0 11178
0 0 0.0407029 0.192635 0.424638 49.9209 0.00314096 0.00183003 0.00777999 0.199816 -68.2593 0 0 0 0 0 0 0 0 0 0 11232
0 0 0.0407029 0.192635 0.424638 49.9209 0.00314096 0.00183003 0.00777999 0.199816 -68.2593 0 0 0 0 0 0 0 0 0 0 11284
0 0 0.0480618 0.192644 0.424127 47.1074 0.002296 0.00183004 0.0118615 0.200754 -82.138 0 0 0 0 0 0 0 0 0 0 11337
0 0 0.0480618 0.192644 0.424127 47.1074 0.002296 0.00183004 0.0118615 0.200754 -82.138 0 0 0 0 0 0 0 0 0 0 11388
0 0 0.0480618 0.192644 0.424127 47.1074 0.002296 0.00183004 0.0118615 0.200754 -82.138 0 0 0 0 0 0 0 0 0 0 11439
0 0 0.0258042 0.19275 0.423007 16.1282 0.00236401 0.00182987 0.0489989 0.202083 -43.7592 0 0 0 0 0 0 0 0 0 0 11492
0 0 0.0258042 0.19275 0.423007 16.1282 0.00236401 0.00182987 0.0489989 0.202083 -43.7592 0 0 0 0 0 0 0 0 0 0 11544
0 0 0.0203635 0.193108 0.421475 35.4176 0.00208887 0.0018305 0.0165285 0.19716 -78.0303 0 0 0 0 0 0 0 0 0 0 11598
0 0 0.0203635 0.193108 0.421475 35.4176 0.00208887 0.0018305 0.0165285 0.19716 -78.0303 0 0 0 0 0 0 0 0 0 0 11650
0 0 0.0203635 0.193108 0.421475 35.4176 0.00208887 0.0018305 0.0165285 0.19716 -78.0303 0 0 0 0 0 0 0 0 0 0 11699
0 0 0.0196507 0.198322 0.427595 49.9494 0.00275644 0.00183692 0.00957178 0.19502 -67.6226 0 0 0 0 0 0 0 0 0 0 11754
0 0 0.0196507 0.198322 0.427595 49.9494 0.00275644 0.00183692 0.00957178 0.19502 -67.6226 0 0 0 0 0 0 0 0 0 0 11805
0 0 0.0313881 0.232675 0.425828 45.7861 0.00326551 0.00183322 0.00766155 0.195172 -63.1458 0 0 0 0 0 0 0 0 0 0 11856
0 0 0.0313881 0.232675 0.425828 45.7861 0.00326551 0.00183322 0.00766155 0.195172 -63.1458 0 0 0 0 0 0 0 0 0 0 11907
0 0 0.0313881 0.232675 0.425828 45.7861 0.00326551 0.00183322 0.00766155 0.195172 -63.1458 0 0 0 0 0 0 0 0 0 0 11957
0 0 0.0288966 0.201949 0.426302 35.6798 0.00257608 0.00183322 0.0551426 0.194479 -39.9822 0 0 0 0 0 0 0 0 0 0 12009
0 0 0.0288966 0.201949 0.426302 35.6798 0.00257608 0.00183322 0.0551426 0.194479 -39.9822 0 0 0 0 0 0 0 0 0 0 12062
0 0 0.0058448 0.19648 0.771993 32.6417 0.0041793 0.00185084 0.0262224 0.196841 -4.00288 0 0 0 0 0 0 0 0 0 0 12111
0 0 0.0058448 0.19648 0.771993 32.6417 0.0041793 0.00185084 0.0262224 0.196841 -4.00288 0 0 0 0 0 0 0 0 0 0 12163
0 0 0.0058448 0.19648 0.771993 32.6417 0.0041793 0.00185084 0.0262224 0.196841 -4.00288 0 0 0 0 0 0 0 0 0 0 12214
0 0 0.010771 0.194911 0.446031 11.6855 0.00406101 0.00186942 0.0241592 0.202682 -7.84184 0 0 0 0 0 0 0 0 0 0 12267
0 0 0.010771 0.194911 0.446031 11.6855 0.00406101 0.00186942 0.0241592 0.202682 -7.84184 0 0 0 0 0 0 0 0 0 0 12320
0 0 0 0 0 0 0 0 0 0 0 0 0 0 0 0 0 0 0 0 0 12371
0 0 0 0 0 0 0 0 0 0 0 0 0 0 0 0 0 0 0 0 0 12420
0 0 0 0 0 0 0 0 0 0 0 0 0 0 0 0 0 0 0 0 0 12472
0 0 0.0779534 0.200471 0.304791 47.7381 0.00314346 0.00315886 0.00219366 0.407045 -71.386 0 0 0 0 0 0 0 0 0 0 12523
0 0 0.0779534 0.200471 0.304791 47.7381 0.00314346 0.00315886 0.00219366 0.407045 -71.386 0 0 0 0 0 0 0 0 0 0 12574
0 0 0.0779534 0.200471 0.304791 47.7381 0.00314346 0.00315886 0.00219366 0.407045 -71.386 0 0 0 0 0 0 0 0 0 0 12624
0 0 5.87756 0.193625 0.00428418 49.7026 0.00403202 0.00200026 0.00106031 0.218291 -92.0347 0 0 0 0 0 0 0 0 0 0 12676
0 0 5.87756 0.193625 0.00428418 49.7026 0.00403202 0.00200026 0.00106031 0.218291 -92.0347 0 0 0 0 0 0 0 0 0 0 12727
0 0 0.121853 0.192287 0.162371 43.6242 0.00415959 0.00187158 0.0226606 0.208291 -32.9877 0 0 0 0 0 0 0 0 0 0 12778
0 0 0.121853 0.192287 0.162371 43.6242 0.00415959 0.00187158 0.0226606 0.208291 -32.9877 0 0 0 0 0 0 0 0 0 0 12830
0 0 0.121853 0.192287 0.162371 43.6242 0.00415959 0.00187158 0.0226606 0.208291 -32.9877 0 0 0 0 0 0 0 0 0 0 12883
0 0 0.01851 0.191496 0.421572 12.9054 0.0045308 0.00189907 0.0416981 0.228356 -18.0727 0 0 0 0 0 0 0 0 0 0 12934
0 0 0.01851 0.191496 0.421572 12.9054 0.0045308 0.00189907 0.0416981 0.228356 -18.0727 0 0 0 0 0 0 0 0 0 0 12984
0 0 0.00369148 0.191879 0.429843 0.447259 0.00448794 0.00187209 0.035899 0.219163 -1.58357 0 0 0 0 0 0 0 0 0 0 13036
0 0 0.00369148 0.191879 0.429843 0.447259 0.00448794 0.00187209 0.035899 0.219163 -1.58357 0 0 0 0 0 0 0 0 0 0 13086
0 0 0.00369148 0.191879 0.429843 0.447259 0.00448794 0.00187209 0.035899 0.219163 -1.58357 0 0 0 0 0 0 0 0 0 0 13140
0 0 0.00189757 0.192136 0.447962 0.283989 0.00354243 0.00194174 0.0318332 0.221346 -7.18592 0 0 0 0 0 0 0 0 0 0 13195
0 0 0.00189757 0.192136 0.447962 0.283989 0.00354243 0.00194174 0.0318332 0.221346 -7.18592 0 0 0 0 0 0 0 0 0 0 13245
0 0 0.00196867 0.192412 0.460359 0.289504 0.00355554 0.00198667 0.0408284 0.230692 -2.42688 0 0 0 0 0 0 0 0 0 0 13296
0 0 0.00196867 0.192412 0.460359 0.289504 0.00355554 0.00198667 0.0408284 0.230692 -2.42688 0 0 0 0 0 0 0 0 0 0 13346
0 0 0.0019328 0.192516 0.437923 0.0910278 0.00459591 0.00188604 0.0279538 0.211156 0 0 0 0 0 0 0 0 0 0 0 13398
0 0 0.0019328 0.192516 0.437923 0.0910278 0.00459591 0.00188604 0.0279538 0.211156 0 0 0 0 0 0 0 0 0 0 0 13450
0 0 0.0019328 0.192516 0.437923 0.0910278 0.00459591 0.00188604 0.0279538 0.211156 0 0 0 0 0 0 0 0 0 0 0 13502
0 0 0.0020751 0.19262 0.473954 0.126361 0.00483494 0.00204141 0.0224461 0.240519 0 0 0 0 0 0 0 0 0 0 0 13555
0 0 0.0020751 0.19262 0.473954 0.126361 0.00483494 0.00204141 0.0224461 0.240519 0 0 0 0 0 0 0 0 0 0 0 13605
0 0 0.00196987 0.192646 0.432059 0.0889232 0.00464944 0.00186033 0.0263723 0.204272 0 0 0 0 0 0 0 0 0 0 0 13658
0 0 0.00196987 0.192646 0.432059 0.0889232 0.00464944 0.00186033 0.0263723 0.204272 0 0 0 0 0 0 0 0 0 0 0 13709
0 0 0.00196987 0.192646 0.432059 0.0889232 0.00464944 0.00186033 0.0263723 0.204272 0 0 0 0 0 0 0 0 0 0 0 13760
0 0 0.00196771 0.192624 0.430486 0.0830586 0.00456946 0.00185118 0.0250604 0.198914 0 0 0 0 0 0 0 0 0 0 0 13810
0 0 0.00196771 0.192624 0.430486 0.0830586 0.00456946 0.00185118 0.0250604 0.198914 0 0 0 0 0 0 0 0 0 0 0 13862
0 0 0.00196771 0.192624 0.430486 0.0830586 0.00456946 0.00185118 0.0250604 0.198914 0 0 0 0 0 0 0 0 0 0 0 13916
0 0 0.00202214 0.192621 0.427884 0.0858235 0.00453889 0.00183794 0.0247833 0.195645 0 0 0 0 0 0 0 0 0 0 0 13967
0 0 0.00202214 0.192621 0.427884 0.0858235 0.00453889 0.00183794 0.0247833 0.195645 0 0 0 0 0 0 0 0 0 0 0 14020
0 0 0.00204822 0.192616 0.427123 0.0866844 0.00453847 0.0018363 0.0242374 0.19445 0 0 0 0 0 0 0 0 0 0 0 14072
0 0 0.00204822 0.192616 0.427123 0.0866844 0.00453847 0.0018363 0.0242374 0.19445 0 0 0 0 0 0 0 0 0 0 0 14124
0 0 0.00204822 0.192616 0.427123 0.0866844 0.00453847 0.0018363 0.0242374 0.19445 0 0 0 0 0 0 0 0 0 0 0 14176
0 0 0.00205182 0.192661 0.432867 0.0864857 0.004495 0.00185946 0.0236184 0.198293 0 0 0 0 0 0 0 0 0 0 0 14227
0 0 0.00205182 0.192661 0.432867 0.0864857 0.004495 0.00185946 0.0236184 0.198293 0 0 0 0 0 0 0 0 0 0 0 14280
0 0 0.00234095 0.192645 0.467067 0.113801 0.00442301 0.0020056 0.0205059 0.222397 0 0 0 0 0 0 0 0 0 0 0 14334
0 0 0.00234095 0.192645 0.467067 0.113801 0.00442301 0.0020056 0.0205059 0.222397 0 0 0 0 0 0 0 0 0 0 0 14386
0 0 0.00234095 0.192645 0.467067 0.113801 0.00442301 0.0020056 0.0205059 0.222397 0 0 0 0 0 0 0 0 0 0 0 14440
0 0 0.00450553 0.192604 0.648785 0.420913 0.00361839 0.00276822 0.0112226 0.394421 0 0 0 0 0 0 0 0 0 0 0 14490
0 0 0.00450553 0.192604 0.648785 0.420913 0.00361839 0.00276822 0.0112226 0.394421 0 0 0 0 0 0 0 0 0 0 0 14542
0 0 0.0114461 0.192512 1.10449 3.83871 0.00158973 0.00439904 0.00475546 1.3234 0 0 0 0 0 0 0 0 0 0 0 14594
0 0 0.0114461 0.192512 1.10449 3.83871 0.00158973 0.00439904 0.00475546 1.3234 0 0 0 0 0 0 0 0 0 0 0 14647
0 0 0.0214887 0.19241 1.46537 11.5254 0.00089253 0.00577482 0.00244291 2.93023 0 0 0 0 0 0 0 0 0 0 0 14699
0 0 0.0214887 0.19241 1.46537 11.5254 0.00089253 0.00577482 0.00244291 2.93023 0 0 0 0 0 0 0 0 0 0 0 14749
0 0 0.0214887 0.19241 1.46537 11.5254 0.00089253 0.00577482 0.00244291 2.93023 0 0 0 0 0 0 0 0 0 0 0 14800
0 0 0.00403198 0.192485 0.585862 0.283232 0.00216211 0.00247999 0.01383 0.46317 0 0 0 0 0 0 0 0 0 0 0 14852
0 0 0.00403198 0.192485 0.585862 0.283232 0.00216211 0.00247999 0.01383 0.46317 0 0 0 0 0 0 0 0 0 0 0 14904
0 0 0.00403198 0.192485 0.585862 0.283232 0.00216211 0.00247999 0.01383 0.46317 0 0 0 0 0 0 0 0 0 0 0 14955
0 0 0.0023464 0.192516 0.445412 0.15767 0.00372452 0.00188093 0.0230907 0.2273 0 0 0 0 0 0 0 0 0 0 0 15006
0 0 0.0023464 0.192516 0.445412 0.15767 0.00372452 0.00188093 0.0230907 0.2273 0 0 0 0 0 0 0 0 0 0 0 15057
0 0 0.00253612 0.192602 0.435746 0.237823 0.00412277 0.00183673 0.0252771 0.204024 0 0 0 0 0 0 0 0 0 0 0 15112
0 0 0.00253612 0.192602 0.435746 0.237823 0.00412277 0.00183673 0.0252771 0.204024 0 0 0 0 0 0 0 0 0 0 0 15162
0 0 0.00253612 0.192602 0.435746 0.237823 0.00412277 0.00183673 0.0252771 0.204024 0 0 0 0 0 0 0 0 0 0 0 15214
0 0 0.00208327 0.192222 0.426577 1.10655 0.00447446 0.00184145 0.0252177 0.197924 0 0 0 0 0 0 0 0 0 0 0 15263
0 0 0.00208327 0.192222 0.426577 1.10655 0.00447446 0.00184145 0.0252177 0.197924 0 0 0 0 0 0 0 0 0 0 0 15315
0 0 0.00198907 0.191213 0.424714 0.948127 0.00455559 0.00186985 0.0250826 0.197365 0 0 0 0 0 0 0 0 0 0 0 15365
0 0 0.00198907 0.191213 0.424714 0.948127 0.00455559 0.00186985 0.0250826 0.197365 0 0 0 0 0 0 0 0 0 0 0 15416
0 0 0.00198907 0.191213 0.424714 0.948127 0.00455559 0.00186985 0.0250826 0.197365 0 0 0 0 0 0 0 0 0 0 0 15468
0 0 0.00199974 0.186767 0.421396 0.504394 0.00447165 0.00200201 0.0231873 0.200908 0 0 0 0 0 0 0 0 0 0 0 15518
0 0 0.00199974 0.186767 0.421396 0.504394 0.00447165 0.00200201 0.0231873 0.200908 0 0 0 0 0 0 0 0 0 0 0 15569
0 0 0.00205104 0.174008 0.409097 0.276688 0.00417624 0.00241563 0.020623 0.207763 0 0 0 0 0 0 0 0 0 0 0 15622
0 0 0.00205104 0.174008 0.409097 0.276688 0.00417624 0.00241563 0.020623 0.207763 0 0 0 0 0 0 0 0 0 0 0 15673
0 0 0.00205104 0.174008 0.409097 0.276688 0.00417624 0.00241563 0.020623 0.207763 0 0 0 0 0 0 0 0 0 0 0 15727
0 0 0.00238544 0.180262 0.408656 0.136657 0.00429482 0.00216653 0.0220552 0.198316 0 0 0 0 0 0 0 0 0 0 0 15780
0 0 0.00238544 0.180262 0.408656 0.136657 0.00429482 0.00216653 0.0220552 0.198316 0 0 0 0 0 0 0 0 0 0 0 15833
0 0 0.00189228 0.179683 0.405501 0.11039 0.00427838 0.00216214 0.0221997 0.196476 0 0 0 0 0 0 0 0 0 0 0 15884
0 0 0.00189228 0.179683 0.405501 0.11039 0.00427838 0.00216214 0.0221997 0.196476 0 0 0 0 0 0 0 0 0 0 0 15937
0 0 0.00189228 0.179683 0.405501 0.11039 0.00427838 0.00216214 0.0221997 0.196476 0 0 0 0 0 0 0 0 0 0 0 15990
0 0 0.00191509 0.182405 0.406862 0.0972758 0.00432915 0.00207196 0.0228639 0.193777 0 0 0 0 0 0 0 0 0 0 0 16042
0 0 0.00191509 0.182405 0.406862 0.0972758 0.00432915 0.00207196 0.0228639 0.193777 0 0 0 0 0 0 0 0 0 0 0 16094
0 0 0.00180585 0.173371 0.38888 0.0967413 0.00413994 0.00231177 0.0218806 0.193515 0 0 0 0 0 0 0 0 0 0 0 16149
0 0 0.00180585 0.173371 0.38888 0.0967413 0.00413994 0.00231177 0.0218806 0.193515 0 0 0 0 0 0 0 0 0 0 0 16199
0 0 0.00180585 0.173371 0.38888 0.0967413 0.00413994 0.00231177 0.0218806 0.193515 0 0 0 0 0 0 0 0 0 0 0 16252
0 0 0.00183684 0.174333 0.391327 0.0959031 0.00416041 0.00229408 0.0219128 0.19415 0 0 0 0 0 0 0 0 0 0 0 16304
0 0 0.00183684 0.174333 0.391327 0.0959031 0.00416041 0.00229408 0.0219128 0.19415 0 0 0 0 0 0 0 0 0 0 0 16356
0 0 0.00193176 0.1833 0.409419 0.0881349 0.00434738 0.002055 0.0229185 0.194469 0 0 0 0 0 0 0 0 0 0 0 16410
0 0 0.00193176 0.1833 0.409419 0.0881349 0.00434738 0.002055 0.0229185 0.194469 0 0 0 0 0 0 0 0 0 0 0 16460
0 0 0.00193176 0.1833 0.409419 0.0881349 0.00434738 0.002055 0.0229185 0.194469 0 0 0 0 0 0 0 0 0 0 0 16512
0 0 0.00201837 0.190649 0.426912 0.112945 0.00450176 0.00189718 0.0234294 0.196384 0 0 0 0 0 0 0 0 0 0 0 16562
0 0 0.00201837 0.190649 0.426912 0.112945 0.00450176 0.00189718 0.0234294 0.196384 0 0 0 0 0 0 0 0 0 0 0 16614
0 0 0.00202012 0.191855 0.428853 0.183282 0.00452494 0.00187104 0.0235781 0.196132 0 0 0 0 0 0 0 0 0 0 0 16666
0 0 0.00202012 0.191855 0.428853 0.183282 0.00452494 0.00187104 0.0235781 0.196132 0 0 0 0 0 0 0 0 0 0 0 16716
0 0 0.00202012 0.191855 0.428853 0.183282 0.00452494 0.00187104 0.0235781 0.196132 0 0 0 0 0 0 0 0 0 0 0 16769
0 0 0.00201421 0.190682 0.427843 0.483527 0.0044938 0.00191423 0.0232156 0.197459 0 0 0 0 0 0 0 0 0 0 0 16821
0 0 0.00201421 0.190682 0.427843 0.483527 0.0044938 0.00191423 0.0232156 0.197459 0 0 0 0 0 0 0 0 0 0 0 16875
0 0 0.00201421 0.190682 0.427843 0.483527 0.0044938 0.00191423 0.0232156 0.197459 0 0 0 0 0 0 0 0 0 0 0 16928
0 0 0.00199842 0.190747 0.42597 0.48459 0.00448648 0.00191588 0.0232896 0.196647 0 0 0 0 0 0 0 0 0 0 0 16979
0 0 0.00199842 0.190747 0.42597 0.48459 0.00448648 0.00191588 0.0232896 0.196647 0 0 0 0 0 0 0 0 0 0 0 17031
0 0 0.0019879 0.190937 0.42453 0.780709 0.00448716 0.00190462 0.0234335 0.195413 0 0 0 0 0 0 0 0 0 0 0 17082
0 0 0.0019879 0.190937 0.42453 0.780709 0.00448716 0.00190462 0.0234335 0.195413 0 0 0 0 0 0 0 0 0 0 0 17134
0 0 0.00201685 0.190764 0.427982 0.720959 0.00448328 0.00192417 0.0230306 0.197723 0 0 0 0 0 0 0 0 0 0 0 17185
0 0 0.00201685 0.190764 0.427982 0.720959 0.00448328 0.00192417 0.0230306 0.197723 0 0 0 0 0 0 0 0 0 0 0 17238
0 0 0.00201685 0.190764 0.427982 0.720959 0.00448328 0.00192417 0.0230306 0.197723 0 0 0 0 0 0 0 0 0 0 0 17289
0 0 0.00200001 0.192167 0.426845 0.49856 0.00451116 0.0018747 0.0235277 0.195059 0 0 0 0 0 0 0 0 0 0 0 17342
0 0 0.00200001 0.192167 0.426845 0.49856 0.00451116 0.0018747 0.0235277 0.195059 0 0 0 0 0 0 0 0 0 0 0 17394
0 0 0.00200374 0.193722 0.427751 0.611275 0.00453012 0.00185169 0.0237044 0.194503 0 0 0 0 0 0 0 0 0 0 0 17448
0 0 0.00200374 0.193722 0.427751 0.611275 0.00453012 0.00185169 0.0237044 0.194503 0 0 0 0 0 0 0 0 0 0 0 17498
0 0 0.00200374 0.193722 0.427751 0.611275 0.00453012 0.00185169 0.0237044 0.194503 0 0 0 0 0 0 0 0 0 0 0 17552
0 0 0.00200222 0.194278 0.427853 0.760845 0.00453221 0.00184943 0.0237221 0.194452 0 0 0 0 0 0 0 0 0 0 0 17602
0 0 0.00200222 0.194278 0.427853 0.760845 0.00453221 0.00184943 0.0237221 0.194452 0 0 0 0 0 0 0 0 0 0 0 17653
0 0 0.00200842 0.195871 0.427846 0.96751 0.0045375 0.00184282 0.0237885 0.19417 0 0 0 0 0 0 0 0 0 0 0 17704
0 0 0.00200842 0.195871 0.427846 0.96751 0.0045375 0.00184282 0.0237885 0.19417 0 0 0 0 0 0 0 0 0 0 0 17756
0 0 0.00201368 0.196967 0.427468 0.56243 0.00454081 0.00183752 0.0238836 0.193816 0 0 0 0 0 0 0 0 0 0 0 17810
0 0 0.00201368 0.196967 0.427468 0.56243 0.00454081 0.00183752 0.0238836 0.193816 0 0 0 0 0 0 0 0 0 0 0 17861
0 0 0.00201368 0.196967 0.427468 0.56243 0.00454081 0.00183752 0.0238836 0.193816 0 0 0 0 0 0 0 0 0 0 0 17912
0 0 0.00200792 0.200005 0.427397 0.664428 0.00454301 0.00183626 0.023922 0.193798 0 0 0 0 0 0 0 0 0 0 0 17964
0 0 0.00200792 0.200005 0.427397 0.664428 0.00454301 0.00183626 0.023922 0.193798 0 0 0 0 0 0 0 0 0 0 0 18016
0 0 0.00200792 0.200005 0.427397 0.664428 0.00454301 0.00183626 0.023922 0.193798 0 0 0 0 0 0 0 0 0 0 0 18066
0 0 0.00200628 0.19901 0.426903 0.269873 0.00454261 0.00183321 0.0239947 0.193378 0 0 0 0 0 0 0 0 0 0 0 18116
0 0 0.00200628 0.19901 0.426903 0.269873 0.00454261 0.00183321 0.0239947 0.193378 0 0 0 0 0 0 0 0 0 0 0 18168
0 0 0.00199672 0.198142 0.426767 0.285343 0.00454345 0.00183106 0.0240679 0.193122 0 0 0 0 0 0 0 0 0 0 0 18221
0 0 0.00199672 0.198142 0.426767 0.285343 0.00454345 0.00183106 0.0240679 0.193122 0 0 0 0 0 0 0 0 0 0 0 18271
0 0 0.00199672 0.198142 0.426767 0.285343 0.00454345 0.00183106 0.0240679 0.193122 0 0 0 0 0 0 0 0 0 0 0 18321
0 0 0.00199017 0.195649 0.42702 0.449019 0.00454326 0.00183091 0.024072 0.193091 0 0 0 0 0 0 0 0 0 0 0 18376
0 0 0.00199017 0.195649 0.42702 0.449019 0.00454326 0.00183091 0.024072 0.193091 0 0 0 0 0 0 0 0 0 0 0 18430
0 0 0.00199196 0.19471 0.427476 0.60291 0.00454221 0.00183093 0.0240583 0.193025 0 0 0 0 0 0 0 0 0 0 0 18482
0 0 0.00199196 0.19471 0.427476 0.60291 0.00454221 0.00183093 0.0240583 0.193025 0 0 0 0 0 0 0 0 0 0 0 18533
0 0 0.00199196 0.19471 0.427476 0.60291 0.00454221 0.00183093 0.0240583 0.193025 0 0 0 0 0 0 0 0 0 0 0 18586
0 0 0.0019904 0.193898 0.427882 0.290245 0.00454396 0.00183175 0.0240666 0.193237 0 0 0 0 0 0 0 0 0 0 0 18640
0 0 0.0019904 0.193898 0.427882 0.290245 0.00454396 0.00183175 0.0240666 0.193237 0 0 0 0 0 0 0 0 0 0 0 18692
0 0 0.00199578 0.193815 0.42859 0.77432 0.00454283 0.00183668 0.0239209 0.193887 0 0 0 0 0 0 0 0 0 0 0 18747
0 0 0.00199578 0.193815 0.42859 0.77432 0.00454283 0.00183668 0.0239209 0.193887 0 0 0 0 0 0 0 0 0 0 0 18797
0 0 0.00199578 0.193815 0.42859 0.77432 0.00454283 0.00183668 0.0239209 0.193887 0 0 0 0 0 0 0 0 0 0 0 18851
0 0 0.00205811 0.19296 0.436116 0.1978 0.00454242 0.00187099 0.0231481 0.198896 0 0 0 0 0 0 0 0 0 0 0 18905
0 0 0.00205811 0.19296 0.436116 0.1978 0.00454242 0.00187099 0.0231481 0.198896 0 0 0 0 0 0 0 0 0 0 0 18958
0 0 0.00215678 0.192698 0.44795 0.0960981 0.00454082 0.00192302 0.0219134 0.206778 0 0 0 0 0 0 0 0 0 0 0 19010
0 0 0.00215678 0.192698 0.44795 0.0960981 0.00454082 0.00192302 0.0219134 0.206778 0 0 0 0 0 0 0 0 0 0 0 19061
0 0 0.00215678 0.192698 0.44795 0.0960981 0.00454082 0.00192302 0.0219134 0.206778 0 0 0 0 0 0 0 0 0 0 0 19114
0 0 0.00233452 0.192668 0.467575 0.129282 0.004531 0.00200828 0.0181476 0.219631 0 0 0 0 0 0 0 0 0 0 0 19163
0 0 0.00233452 0.192668 0.467575 0.129282 0.004531 0.00200828 0.0181476 0.219631 0 0 0 0 0 0 0 0 0 0 0 19213
0 0 0.00233582 0.192663 0.467896 0.22657 0.0045151 0.00200973 0.0159101 0.220469 0 0 0 0 0 0 0 0 0 0 0 19265
0 0 0.00233582 0.192663 0.467896 0.22657 0.0045151 0.00200973 0.0159101 0.220469 0 0 0 0 0 0 0 0 0 0 0 19317
0 0 0.00233582 0.192663 0.467896 0.22657 0.0045151 0.00200973 0.0159101 0.220469 0 0 0 0 0 0 0 0 0 0 0 19370
0 0 0.00211168 0.192663 0.441612 0.273442 0.00445792 0.00190075 0.0168354 0.20555 0 0 0 0 0 0 0 0 0 0 0 19420
0 0 0.00211168 0.192663 0.441612 0.273442 0.00445792 0.00190075 0.0168354 0.20555 0 0 0 0 0 0 0 0 0 0 0 19474
0 0 0.00253846 0.192659 0.487325 0.135862 0.00407402 0.00210053 0.0184831 0.248414 0 0 0 0 0 0 0 0 0 0 0 19525
0 0 0.00253846 0.192659 0.487325 0.135862 0.00407402 0.00210053 0.0184831 0.248414 0 0 0 0 0 0 0 0 0 0 0 19575
0 0 0.00253846 0.192659 0.487325 0.135862 0.00407402 0.00210053 0.0184831 0.248414 0 0 0 0 0 0 0 0 0 0 0 19626
0 0 0.0023219 0.192656 0.464427 0.112309 0.00399746 0.00200111 0.0204865 0.235098 0 0 0 0 0 0 0 0 0 0 0 19678
0 0 0.0023219 0.192656 0.464427 0.112309 0.00399746 0.00200111 0.0204865 0.235098 0 0 0 0 0 0 0 0 0 0 0 19729
0 0 0.00222992 0.192654 0.455918 0.103147 0.00383654 0.00195822 0.0213817 0.233966 0 0 0 0 0 0 0 0 0 0 0 19783
0 0 0.00222992 0.192654 0.455918 0.103147 0.00383654 0.00195822 0.0213817 0.233966 0 0 0 0 0 0 0 0 0 0 0 19837
0 0 0.00222992 0.192654 0.455918 0.103147 0.00383654 0.00195822 0.0213817 0.233966 0 0 0 0 0 0 0 0 0 0 0 19887
0 0 0.00250108 0.192619 0.48512 0.131896 0.00415004 0.00208571 0.0190655 0.243432 0 0 0 0 0 0 0 0 0 0 0 19940
0 0 0.00250108 0.192619 0.48512 0.131896 0.00415004 0.00208571 0.0190655 0.243432 0 0 0 0 0 0 0 0 0 0 0 19991
0 0 0.00205051 0.192519 0.435351 0.0861958 0.00442245 0.00187377 0.0232836 0.202313 0 0 0 0 0 0 0 0 0 0 0 20041
0 0 0.00205051 0.192519 0.435351 0.0861958 0.00442245 0.00187377 0.0232836 0.202313 0 0 0 0 0 0 0 0 0 0 0 20091
0 0 0.00205051 0.192519 0.435351 0.0861958 0.00442245 0.00187377 0.0232836 0.202313 0 0 0 0 0 0 0 0 0 0 0 20146
0 0 0.00204826 0.192463 0.435097 0.0862244 0.00449922 0.00187577 0.0232513 0.200291 0 0 0 0 0 0 0 0 0 0 0 20199
0 0 0.00204826 0.192463 0.435097 0.0862244 0.00449922 0.00187577 0.0232513 0.200291 0 0 0 0 0 0 0 0 0 0 0 20251
0 0 0.00212329 0.192603 0.443531 0.0929009 0.00450633 0.00190972 0.0224537 0.205364 0 0 0 0 0 0 0 0 0 0 0 20302
0 0 0.00212329 0.192603 0.443531 0.0929009 0.00450633 0.00190972 0.0224537 0.205364 0 0 0 0 0 0 0 0 0 0 0 20353
0 0 0.00212329 0.192603 0.443531 0.0929009 0.00450633 0.00190972 0.0224537 0.205364 0 0 0 0 0 0 0 0 0 0 0 20406
0 0 0.00215215 0.192386 0.447327 0.0963718 0.00446752 0.00193117 0.0221537 0.209283 0 0 0 0 0 0 0 0 0 0 0 20457
0 0 0.00215215 0.192386 0.447327 0.0963718 0.00446752 0.00193117 0.0221537 0.209283 0 0 0 0 0 0 0 0 0 0 0 20508
0 0 0.00301656 0.192323 0.676098 0.232001 0.0044422 0.00231954 0.015805 0.268829 0 0 0 0 0 0 0 0 0 0 0 20559
0 0 0.00301656 0.192323 0.676098 0.232001 0.0044422 0.00231954 0.015805 0.268829 0 0 0 0 0 0 0 0 0 0 0 20610
0 0 0.00301656 0.192323 0.676098 0.232001 0.0044422 0.00231954 0.015805 0.268829 0 0 0 0 0 0 0 0 0 0 0 20663
0 0 0.00288475 0.192452 0.524552 0.178951 0.00441315 0.00225756 0.0144829 0.260516 0 0 0 0 0 0 0 0 0 0 0 20715
0 0 0.00288475 0.192452 0.524552 0.178951 0.00441315 0.00225756 0.0144829 0.260516 0 0 0 0 0 0 0 0 0 0 0 20767
0 0 0 0 0 0 0 0 0 0 0 0 0 0 0 0 0 0 0 0 0 20819
0 0 0 0 0 0 0 0 0 0 0 0 0 0 0 0 0 0 0 0 0 20871
0 0 0 0 0 0 0 0 0 0 0 0 0 0 0 0 0 0 0 0 0 20922
0 0 0 0 0 0 0 0 0 0 0 0 0 0 0 0 0 0 0 0 0 20971
0 0 0 0 0 0 0 0 0 0 0 0 0 0 0 0 0 0 0 0 0 21021
0 0 0 0 0 0 0 0 0 0 0 0 0 0 0 0 0 0 0 0 0 21071
0 0 0 0 0 0 0 0 0 0 0 0 0 0 0 0 0 0 0 0 0 21123
0 0 0 0 0 0 0 0 0 0 0 0 0 0 0 0 0 0 0 0 0 21175
0 0 0.00198069 0.192598 0.422183 24.554 0.00247442 0.00180706 0.0063125 0.27235 -16.7691 0 0 0 0 0 0 0 0 0 0 21224
0 0 0.00198069 0.192598 0.422183 24.554 0.00247442 0.00180706 0.0063125 0.27235 -16.7691 0 0 0 0 0 0 0 0 0 0 21277
0 0 0.00198069 0.192598 0.422183 24.554 0.00247442 0.00180706 0.0063125 0.27235 -16.7691 0 0 0 0 0 0 0 0 0 0 21328
0 0 0 0 0 0 0 0 0 0 0 0 0 0 0 0 0 0 0 0 0 21380
0 0 0 0 0 0 0 0 0 0 0 0 0 0 0 0 0 0 0 0 0 21434
0 0 0 0 0 0 0 0 0 0 0 0 0 0 0 0 0 0 0 0 0 21484
0 0 0 0 0 0 0 0 0 0 0 0 0 0 0 0 0 0 0 0 0 21537
0 0 0 0 0 0 0 0 0 0 0 0 0 0 0 0 0 0 0 0 0 21587
0 0 0 0 0 0 0 0 0 0 0 0 0 0 0 0 0 0 0 0 0 21637
0 0 0 0 0 0 0 0 0 0 0 0 0 0 0 0 0 0 0 0 0 21688
0 0 0 0 0 0 0 0 0 0 0 0 0 0 0 0 0 0 0 0 0 21738
0 0 0 0 0 0 0 0 0 0 0 0 0 0 0 0 0 0 0 0 0 21789
0 0 0 0 0 0 0 0 0 0 0 0 0 0 0 0 0 0 0 0 0 21840
0 0 0 0 0 0 0 0 0 0 0 0 0 0 0 0 0 0 0 0 0 21891
0 0 0 0 0 0 0 0 0 0 0 0 0 0 0 0 0 0 0 0 0 21942
0 0 0 0 0 0 0 0 0 0 0 0 0 0 0 0 0 0 0 0 0 21994
0 0 0 0 0 0 0 0 0 0 0 0 0 0 0 0 0 0 0 0 0 22046
0 0 0 0 0 0 0 0 0 0 0 0 0 0 0 0 0 0 0 0 0 22099
0 0 0 0 0 0 0 0 0 0 0 0 0 0 0 0 0 0 0 0 0 22148
0 0 0 0 0 0 0 0 0 0 0 0 0 0 0 0 0 0 0 0 0 22200
0 0 0 0 0 0 0 0 0 0 0 0 0 0 0 0 0 0 0 0 0 22252
0 0 0 0 0 0 0 0 0 0 0 0 0 0 0 0 0 0 0 0 0 22303
0 0 0 0 0 0 0 0 0 0 0 0 0 0 0 0 0 0 0 0 0 22354
0 0 0 0 0 0 0 0 0 0 0 0 0 0 0 0 0 0 0 0 0 22405
0 0 0 0 0 0 0 0 0 0 0 0 0 0 0 0 0 0 0 0 0 22457
0 0 0 0 0 0 0 0 0 0 0 0 0 0 0 0 0 0 0 0 0 22506
0 0 0 0 0 0 0 0 0 0 0 0 0 0 0 0 0 0 0 0 0 22556
0 0 0 0 0 0 0 0 0 0 0 0 0 0 0 0 0 0 0 0 0 22608
0 0 0 0 0 0 0 0 0 0 0 0 0 0 0 0 0 0 0 0 0 22659
0 0 0 0 0 0 0 0 0 0 0 0 0 0 0 0 0 0 0 0 0 22710
0 0 0 0 0 0 0 0 0 0 0 0 0 0 0 0 0 0 0 0 0 22762
0 0 0 0 0 0 0 0 0 0 0 0 0 0 0 0 0 0 0 0 0 22813
0 0 0 0 0 0 0 0 0 0 0 0 0 0 0 0 0 0 0 0 0 22864
0 0 0 0 0 0 0 0 0 0 0 0 0 0 0 0 0 0 0 0 0 22914
0 0 0 0 0 0 0 0 0 0 0 0 0 0 0 0 0 0 0 0 0 22965
0 0 0 0 0 0 0 0 0 0 0 0 0 0 0 0 0 0 0 0 0 23017
0 0 0 0 0 0 0 0 0 0 0 0 0 0 0 0 0 0 0 0 0 23067
0 0 0 0 0 0 0 0 0 0 0 0 0 0 0 0 0 0 0 0 0 23117
0 0 0 0 0 0 0 0 0 0 0 0 0 0 0 0 0 0 0 0 0 23167
0 0 0 0 0 0 0 0 0 0 0 0 0 0 0 0 0 0 0 0 0 23219
0 0 0 0 0 0 0 0 0 0 0 0 0 0 0 0 0 0 0 0 0 23273
0 0 0 0 0 0 0 0 0 0 0 0 0 0 0 0 0 0 0 0 0 23323
0 0 0 0 0 0 0 0 0 0 0 0 0 0 0 0 0 0 0 0 0 23376
0 0 0 0 0 0 0 0 0 0 0 0 0 0 0 0 0 0 0 0 0 23430
0 0 0 0 0 0 0 0 0 0 0 0 0 0 0 0 0 0 0 0 0 23481
0 0 0 0 0 0 0 0 0 0 0 0 0 0 0 0 0 0 0 0 0 23531
0 0 0 0 0 0 0 0 0 0 0 0 0 0 0 0 0 0 0 0 0 23584
0 0 0 0 0 0 0 0 0 0 0 0 0 0 0 0 0 0 0 0 0 23634
0 0 0 0 0 0 0 0 0 0 0 0 0 0 0 0 0 0 0 0 0 23684
0 0 0 0 0 0 0 0 0 0 0 0 0 0 0 0 0 0 0 0 0 23736
0 0 0 0 0 0 0 0 0 0 0 0 0 0 0 0 0 0 0 0 0 23788
0 0 0 0 0 0 0 0 0 0 0 0 0 0 0 0 0 0 0 0 0 23840
0 0 0 0 0 0 0 0 0 0 0 0 0 0 0 0 0 0 0 0 0 23890
0 0 0 0 0 0 0 0 0 0 0 0 0 0 0 0 0 0 0 0 0 23941
0 0 0 0 0 0 0 0 0 0 0 0 0 0 0 0 0 0 0 0 0 23992
0 0 0 0 0 0 0 0 0 0 0 0 0 0 0 0 0 0 0 0 0 24046
0 0 0 0 0 0 0 0 0 0 0 0 0 0 0 0 0 0 0 0 0 24096
0 0 0 0 0 0 0 0 0 0 0 0 0 0 0 0 0 0 0 0 0 24147
0 0 0 0 0 0 0 0 0 0 0 0 0 0 0 0 0 0 0 0 0 24200
0 0 0 0 0 0 0 0 0 0 0 0 0 0 0 0 0 0 0 0 0 24250
0 0 0 0 0 0 0 0 0 0 0 0 0 0 0 0 0 0 0 0 0 24302
0 0 0 0 0 0 0 0 0 0 0 0 0 0 0 0 0 0 0 0 0 24353
0 0 0 0 0 0 0 0 0 0 0 0 0 0 0 0 0 0 0 0 0 24406
0 0 0 0 0 0 0 0 0 0 0 0 0 0 0 0 0 0 0 0 0 24456
0 0 0 0 0 0 0 0 0 0 0 0 0 0 0 0 0 0 0 0 0 24507
0 0 0 0 0 0 0 0 0 0 0 0 0 0 0 0 0 0 0 0 0 24560
0 0 0 0 0 0 0 0 0 0 0 0 0 0 0 0 0 0 0 0 0 24614
0 0 0 0 0 0 0 0 0 0 0 0 0 0 0 0 0 0 0 0 0 24663
0 0 0 0 0 0 0 0 0 0 0 0 0 0 0 0 0 0 0 0 0 24716
0 0 0 0 0 0 0 0 0 0 0 0 0 0 0 0 0 0 0 0 0 24769
0 0 0 0 0 0 0 0 0 0 0 0 0 0 0 0 0 0 0 0 0 24820
0 0 0 0 0 0 0 0 0 0 0 0 0 0 0 0 0 0 0 0 0 24874
0 0 0 0 0 0 0 0 0 0 0 0 0 0 0 0 0 0 0 0 0 24925
0 0 0 0 0 0 0 0 0 0 0 0 0 0 0 0 0 0 0 0 0 24978
0 0 0 0 0 0 0 0 0 0 0 0 0 0 0 0 0 0 0 0 0 25029
0 0 0 0 0 0 0 0 0 0 0 0 0 0 0 0 0 0 0 0 0 25080
0 0 0 0 0 0 0 0 0 0 0 0 0 0 0 0 0 0 0 0 0 25133
0 0 0 0 0 0 0 0 0 0 0 0 0 0 0 0 0 0 0 0 0 25185
0 0 0 0 0 0 0 0 0 0 0 0 0 0 0 0 0 0 0 0 0 25236
0 0 0 0 0 0 0 0 0 0 0 0 0 0 0 0 0 0 0 0 0 25287
0 0 0 0 0 0 0 0 0 0 0 0 0 0 0 0 0 0 0 0 0 25341
0 0 0 0 0 0 0 0 0 0 0 0 0 0 0 0 0 0 0 0 0 25393
0 0 0 0 0 0 0 0 0 0 0 0 0 0 0 0 0 0 0 0 0 25444
0 0 0 0 0 0 0 0 0 0 0 0 0 0 0 0 0 0 0 0 0 25496
0 0 0 0 0 0 0 0 0 0 0 0 0 0 0 0 0 0 0 0 0 25547
0 0 0 0 0 0 0 0 0 0 0 0 0 0 0 0 0 0 0 0 0 25601
0 0 0 0 0 0 0 0 0 0 0 0 0 0 0 0 0 0 0 0 0 25653
0 0 0 0 0 0 0 0 0 0 0 0 0 0 0 0 0 0 0 0 0 25706
0 0 0 0 0 0 0 0 0 0 0 0 0 0 0 0 0 0 0 0 0 25755
0 0 0 0 0 0 0 0 0 0 0 0 0 0 0 0 0 0 0 0 0 25808
0 0 0 0 0 0 0 0 0 0 0 0 0 0 0 0 0 0 0 0 0 25861
0 0 0 0 0 0 0 0 0 0 0 0 0 0 0 0 0 0 0 0 0 25912
0 0 0 0 0 0 0 0 0 0 0 0 0 0 0 0 0 0 0 0 0 25963
0 0 0 0 0 0 0 0 0 0 0 0 0 0 0 0 0 0 0 0 0 26014
0 0 0 0 0 0 0 0 0 0 0 0 0 0 0 0 0 0 0 0 0 26064
0 0 0 0 0 0 0 0 0 0 0 0 0 0 0 0 0 0 0 0 0 26116
0 0 0 0 0 0 0 0 0 0 0 0 0 0 0 0 0 0 0 0 0 26166
0 0 0 0 0 0 0 0 0 0 0 0 0 0 0 0 0 0 0 0 0 26217
0 0 0 0 0 0 0 0 0 0 0 0 0 0 0 0 0 0 0 0 0 26269
0 0 0 0 0 0 0 0 0 0 0 0 0 0 0 0 0 0 0 0 0 26320
0 0 0 0 0 0 0 0 0 0 0 0 0 0 0 0 0 0 0 0 0 26374
0 0 0 0 0 0 0 0 0 0 0 0 0 0 0 0 0 0 0 0 0 26427
0 0 0 0 0 0 0 0 0 0 0 0 0 0 0 0 0 0 0 0 0 26477
0 0 0 0 0 0 0 0 0 0 0 0 0 0 0 0 0 0 0 0 0 26527
0 0 0 0 0 0 0 0 0 0 0 0 0 0 0 0 0 0 0 0 0 26579
0 0 0 0 0 0 0 0 0 0 0 0 0 0 0 0 0 0 0 0 0 26631
0 0 0 0 0 0 0 0 0 0 0 0 0 0 0 0 0 0 0 0 0 26681
0 0 0 0 0 0 0 0 0 0 0 0 0 0 0 0 0 0 0 0 0 26733
0 0 0 0 0 0 0 0 0 0 0 0 0 0 0 0 0 0 0 0 0 26784
0 0 0 0 0 0 0 0 0 0 0 0 0 0 0 0 0 0 0 0 0 26836
0 0 0 0 0 0 0 0 0 0 0 0 0 0 0 0 0 0 0 0 0 26889
0 0 0 0 0 0 0 0 0 0 0 0 0 0 0 0 0 0 0 0 0 26939
0 0 0 0 0 0 0 0 0 0 0 0 0 0 0 0 0 0 0 0 0 26991
0 0 0 0 0 0 0 0 0 0 0 0 0 0 0 0 0 0 0 0 0 27043
0 0 0 0 0 0 0 0 0 0 0 0 0 0 0 0 0 0 0 0 0 27094
0 0 0 0 0 0 0 0 0 0 0 0 0 0 0 0 0 0 0 0 0 27145
0 0 0 0 0 0 0 0 0 0 0 0 0 0 0 0 0 0 0 0 0 27195
0 0 0 0 0 0 0 0 0 0 0 0 0 0 0 0 0 0 0 0 0 27247
0 0 0 0 0 0 0 0 0 0 0 0 0 0 0 0 0 0 0 0 0 27298
0 0 0 0 0 0 0 0 0 0 0 0 0 0 0 0 0 0 0 0 0 27349
0 0 0 0 0 0 0 0 0 0 0 0 0 0 0 0 0 0 0 0 0 27402
0 0 0 0 0 0 0 0 0 0 0 0 0 0 0 0 0 0 0 0 0 27458
0 0 0 0 0 0 0 0 0 0 0 0 0 0 0 0 0 0 0 0 0 27509
0 0 0 0 0 0 0 0 0 0 0 0 0 0 0 0 0 0 0 0 0 27560
0 0 0 0 0 0 0 0 0 0 0 0 0 0 0 0 0 0 0 0 0 27611
0 0 0 0 0 0 0 0 0 0 0 0 0 0 0 0 0 0 0 0 0 27664
0 0 0 0 0 0 0 0 0 0 0 0 0 0 0 0 0 0 0 0 0 27720
0 0 0 0 0 0 0 0 0 0 0 0 0 0 0 0 0 0 0 0 0 27770
0 0 0 0 0 0 0 0 0 0 0 0 0 0 0 0 0 0 0 0 0 27824
0 0 0 0 0 0 0 0 0 0 0 0 0 0 0 0 0 0 0 0 0 27875
0 0 0 0 0 0 0 0 0 0 0 0 0 0 0 0 0 0 0 0 0 27924
0 0 0 0 0 0 0 0 0 0 0 0 0 0 0 0 0 0 0 0 0 27977
0 0 0 0 0 0 0 0 0 0 0 0 0 0 0 0 0 0 0 0 0 28027
0 0 0 0 0 0 0 0 0 0 0 0 0 0 0 0 0 0 0 0 0 28077
0 0 0 0 0 0 0 0 0 0 0 0 0 0 0 0 0 0 0 0 0 28128
0 0 0 0 0 0 0 0 0 0 0 0 0 0 0 0 0 0 0 0 0 28178
0 0 0 0 0 0 0 0 0 0 0 0 0 0 0 0 0 0 0 0 0 28231
0 0 0 0 0 0 0 0 0 0 0 0 0 0 0 0 0 0 0 0 0 28284
0 0 0 0 0 0 0 0 0 0 0 0 0 0 0 0 0 0 0 0 0 28335
0 0 0 0 0 0 0 0 0 0 0 0 0 0 0 0 0 0 0 0 0 28388
0 0 0 0 0 0 0 0 0 0 0 0 0 0 0 0 0 0 0 0 0 28441
0 0 0 0 0 0 0 0 0 0 0 0 0 0 0 0 0 0 0 0 0 28495
0 0 0 0 0 0 0 0 0 0 0 0 0 0 0 0 0 0 0 0 0 28546
0 0 0 0 0 0 0 0 0 0 0 0 0 0 0 0 0 0 0 0 0 28596
0 0 0 0 0 0 0 0 0 0 0 0 0 0 0 0 0 0 0 0 0 28647
0 0 0 0 0 0 0 0 0 0 0 0 0 0 0 0 0 0 0 0 0 28698
0 0 0 0 0 0 0 0 0 0 0 0 0 0 0 0 0 0 0 0 0 28748
0 0 0 0 0 0 0 0 0 0 0 0 0 0 0 0 0 0 0 0 0 28802
0 0 0 0 0 0 0 0 0 0 0 0 0 0 0 0 0 0 0 0 0 28854
0 0 0 0 0 0 0 0 0 0 0 0 0 0 0 0 0 0 0 0 0 28906
0 0 0 0 0 0 0 0 0 0 0 0 0 0 0 0 0 0 0 0 0 28958
0 0 0 0 0 0 0 0 0 0 0 0 0 0 0 0 0 0 0 0 0 29008
0 0 0 0 0 0 0 0 0 0 0 0 0 0 0 0 0 0 0 0 0 29060
0 0 0 0 0 0 0 0 0 0 0 0 0 0 0 0 0 0 0 0 0 29110
0 0 0 0 0 0 0 0 0 0 0 0 0 0 0 0 0 0 0 0 0 29161
0 0 0 0 0 0 0 0 0 0 0 0 0 0 0 0 0 0 0 0 0 29214
0 0 0 0 0 0 0 0 0 0 0 0 0 0 0 0 0 0 0 0 0 29267
0 0 0 0 0 0 0 0 0 0 0 0 0 0 0 0 0 0 0 0 0 29318
0 0 0 0 0 0 0 0 0 0 0 0 0 0 0 0 0 0 0 0 0 29371
0 0 0 0 0 0 0 0 0 0 0 0 0 0 0 0 0 0 0 0 0 29421
0 0 0 0 0 0 0 0 0 0 0 0 0 0 0 0 0 0 0 0 0 29471
0 0 0 0 0 0 0 0 0 0 0 0 0 0 0 0 0 0 0 0 0 29521
0 0 0 0 0 0 0 0 0 0 0 0 0 0 0 0 0 0 0 0 0 29572
0 0 0 0 0 0 0 0 0 0 0 0 0 0 0 0 0 0 0 0 0 29623
0 0 0 0 0 0 0 0 0 0 0 0 0 0 0 0 0 0 0 0 0 29675
0 0 0 0 0 0 0 0 0 0 0 0 0 0 0 0 0 0 0 0 0 29727
0 0 0 0 0 0 0 0 0 0 0 0 0 0 0 0 0 0 0 0 0 29779
0 0 0 0 0 0 0 0 0 0 0 0 0 0 0 0 0 0 0 0 0 29831
0 0 0 0 0 0 0 0 0 0 0 0 0 0 0 0 0 0 0 0 0 29884
0 0 0 0 0 0 0 0 0 0 0 0 0 0 0 0 0 0 0 0 0 29936
0 0 0 0 0 0 0 0 0 0 0 0 0 0 0 0 0 0 0 0 0 29987
0 0 0 0 0 0 0 0 0 0 0 0 0 0 0 0 0 0 0 0 0 30039
0 0 0 0 0 0 0 0 0 0 0 0 0 0 0 0 0 0 0 0 0 30089
0 0 0 0 0 0 0 0 0 0 0 0 0 0 0 0 0 0 0 0 0 30142
0 0 0 0 0 0 0 0 0 0 0 0 0 0 0 0 0 0 0 0 0 30191
0 0 0 0 0 0 0 0 0 0 0 0 0 0 0 0 0 0 0 0 0 30243
0 0 0 0 0 0 0 0 0 0 0 0 0 0 0 0 0 0 0 0 0 30295
0 0 0 0 0 0 0 0 0 0 0 0 0 0 0 0 0 0 0 0 0 30346
0 0 0 0 0 0 0 0 0 0 0 0 0 0 0 0 0 0 0 0 0 30399
0 0 0 0 0 0 0 0 0 0 0 0 0 0 0 0 0 0 0 0 0 30450
0 0 0 0 0 0 0 0 0 0 0 0 0 0 0 0 0 0 0 0 0 30502
0 0 0 0 0 0 0 0 0 0 0 0 0 0 0 0 0 0 0 0 0 30555
0 0 0 0 0 0 0 0 0 0 0 0 0 0 0 0 0 0 0 0 0 30605
0 0 0 0 0 0 0 0 0 0 0 0 0 0 0 0 0 0 0 0 0 30655
0 0 0 0 0 0 0 0 0 0 0 0 0 0 0 0 0 0 0 0 0 30708
0 0 0 0 0 0 0 0 0 0 0 0 0 0 0 0 0 0 0 0 0 30761
0 0 0 0 0 0 0 0 0 0 0 0 0 0 0 0 0 0 0 0 0 30814
0 0 0 0 0 0 0 0 0 0 0 0 0 0 0 0 0 0 0 0 0 30865
0 0 0 0 0 0 0 0 0 0 0 0 0 0 0 0 0 0 0 0 0 30915
0 0 0 0 0 0 0 0 0 0 0 0 0 0 0 0 0 0 0 0 0 30968
0 0 0 0 0 0 0 0 0 0 0 0 0 0 0 0 0 0 0 0 0 31021
0 0 0 0 0 0 0 0 0 0 0 0 0 0 0 0 0 0 0 0 0 31071
0 0 0 0 0 0 0 0 0 0 0 0 0 0 0 0 0 0 0 0 0 31123
0 0 0 0 0 0 0 0 0 0 0 0 0 0 0 0 0 0 0 0 0 31172
0 0 0 0 0 0 0 0 0 0 0 0 0 0 0 0 0 0 0 0 0 31224
0 0 0 0 0 0 0 0 0 0 0 0 0 0 0 0 0 0 0 0 0 31274
0 0 0 0 0 0 0 0 0 0 0 0 0 0 0 0 0 0 0 0 0 31328
0 0 0 0 0 0 0 0 0 0 0 0 0 0 0 0 0 0 0 0 0 31378
0 0 0 0 0 0 0 0 0 0 0 0 0 0 0 0 0 0 0 0 0 31429
0 0 0 0 0 0 0 0 0 0 0 0 0 0 0 0 0 0 0 0 0 31479
0 0 0 0 0 0 0 0 0 0 0 0 0 0 0 0 0 0 0 0 0 31530
0 0 0 0 0 0 0 0 0 0 0 0 0 0 0 0 0 0 0 0 0 31581
0 0 0 0 0 0 0 0 0 0 0 0 0 0 0 0 0 0 0 0 0 31632
0 0 0 0 0 0 0 0 0 0 0 0 0 0 0 0 0 0 0 0 0 31684
0 0 0.000561717 0.0585604 0.125082 47.3704 0.00125883 0.0453633 0.00320534 0.201689 0.703777 0 0 0 0 0 0 0 0 0 0 31737
0 0 0.000561717 0.0585604 0.125082 47.3704 0.00125883 0.0453633 0.00320534 0.201689 0.703777 0 0 0 0 0 0 0 0 0 0 31788
0 0 0.000561717 0.0585604 0.125082 47.3704 0.00125883 0.0453633 0.00320534 0.201689 0.703777 0 0 0 0 0 0 0 0 0 0 31838
0 0 0.0019529 0.192372 0.425939 49.9486 0.0045133 0.00184006 0.0252718 0.198572 0 0 0 0 0 0 0 0 0 0 0 31889
0 0 0.0019529 0.192372 0.425939 49.9486 0.0045133 0.00184006 0.0252718 0.198572 0 0 0 0 0 0 0 0 0 0 0 31941
0 0 0.00194505 0.192625 0.425889 49.0931 0.0045472 0.00183081 0.024919 0.195708 0 0 0 0 0 0 0 0 0 0 0 31992
0 0 0.00194505 0.192625 0.425889 49.0931 0.0045472 0.00183081 0.024919 0.195708 0 0 0 0 0 0 0 0 0 0 0 32044
0 0 0.00194505 0.192625 0.425889 49.0931 0.0045472 0.00183081 0.024919 0.195708 0 0 0 0 0 0 0 0 0 0 0 32097
0 0 0.00194807 0.19267 0.425988 49.9569 0.00456576 0.00182968 0.0249775 0.195476 0 0 0 0 0 0 0 0 0 0 0 32147
0 0 0.00194807 0.19267 0.425988 49.9569 0.00456576 0.00182968 0.0249775 0.195476 0 0 0 0 0 0 0 0 0 0 0 32197
0 0 0.00196206 0.192674 0.425922 49.9496 0.00453711 0.0018292 0.0246427 0.19476 0 0 0 0 0 0 0 0 0 0 0 32248
0 0 0.00196206 0.192674 0.425922 49.9496 0.00453711 0.0018292 0.0246427 0.19476 0 0 0 0 0 0 0 0 0 0 0 32300
0 0 0.00196206 0.192674 0.425922 49.9496 0.00453711 0.0018292 0.0246427 0.19476 0 0 0 0 0 0 0 0 0 0 0 32351
0 0 0.00197388 0.192675 0.426184 49.9485 0.0045242 0.00183004 0.0245871 0.195755 0 0 0 0 0 0 0 0 0 0 0 32401
0 0 0.00197388 0.192675 0.426184 49.9485 0.0045242 0.00183004 0.0245871 0.195755 0 0 0 0 0 0 0 0 0 0 0 32454
0 0 0.00205607 0.192681 0.428201 48.1225 0.0044955 0.00183868 0.0249388 0.198821 0 0 0 0 0 0 0 0 0 0 0 32506
0 0 0.00205607 0.192681 0.428201 48.1225 0.0044955 0.00183868 0.0249388 0.198821 0 0 0 0 0 0 0 0 0 0 0 32557
0 0 0.00205607 0.192681 0.428201 48.1225 0.0044955 0.00183868 0.0249388 0.198821 0 0 0 0 0 0 0 0 0 0 0 32610
0 0 0.00208225 0.192689 0.443743 42.7834 0.00432027 0.00190531 0.0231279 0.213139 0 0 0 0 0 0 0 0 0 0 0 32661
0 0 0.00208225 0.192689 0.443743 42.7834 0.00432027 0.00190531 0.0231279 0.213139 0 0 0 0 0 0 0 0 0 0 0 32714
0 0 0.00445159 0.192696 0.670548 24.576 0.00401992 0.00288558 0.0108137 0.393879 0 0 0 0 0 0 0 0 0 0 0 32766
0 0 0.00445159 0.192696 0.670548 24.576 0.00401992 0.00288558 0.0108137 0.393879 0 0 0 0 0 0 0 0 0 0 0 32819
0 0 0.00445159 0.192696 0.670548 24.576 0.00401992 0.00288558 0.0108137 0.393879 0 0 0 0 0 0 0 0 0 0 0 32873
0 0 0.00273194 0.192791 0.521726 8.47499 0.00379462 0.00223807 0.0164051 0.294217 0 0 0 0 0 0 0 0 0 0 0 32928
0 0 0.00273194 0.192791 0.521726 8.47499 0.00379462 0.00223807 0.0164051 0.294217 0 0 0 0 0 0 0 0 0 0 0 32981
0 0 0.00257941 0.192992 0.494421 0.642373 0.00262297 0.00211197 0.0133118 0.331435 0 0 0 0 0 0 0 0 0 0 0 33033
0 0 0.00257941 0.192992 0.494421 0.642373 0.00262297 0.00211197 0.0133118 0.331435 0 0 0 0 0 0 0 0 0 0 0 33085
0 0 0.00257941 0.192992 0.494421 0.642373 0.00262297 0.00211197 0.0133118 0.331435 0 0 0 0 0 0 0 0 0 0 0 33139
0 0 0.00450699 0.194023 0.469348 0.469823 0.00111612 0.00196729 0.0210223 0.514488 0 0 0 0 0 0 0 0 0 0 0 33191
0 0 0.00450699 0.194023 0.469348 0.469823 0.00111612 0.00196729 0.0210223 0.514488 0 0 0 0 0 0 0 0 0 0 0 33244
0 0 0 0 0 0 0 0 0 0 0 0 0 0 0 0 0 0 0 0 0 33295
0 0 0 0 0 0 0 0 0 0 0 0 0 0 0 0 0 0 0 0 0 33347
0 0 0 0 0 0 0 0 0 0 0 0 0 0 0 0 0 0 0 0 0 33402
0 0 0 0 0 0 0 0 0 0 0 0 0 0 0 0 0 0 0 0 0 33453
0 0 0 0 0 0 0 0 0 0 0 0 0 0 0 0 0 0 0 0 0 33506
0 0 0 0 0 0 0 0 0 0 0 0 0 0 0 0 0 0 0 0 0 33558
0 0 0 0 0 0 0 0 0 0 0 0 0 0 0 0 0 0 0 0 0 33609
0 0 0 0 0 0 0 0 0 0 0 0 0 0 0 0 0 0 0 0 0 33660
0 0 0 0 0 0 0 0 0 0 0 0 0 0 0 0 0 0 0 0 0 33713
0 0 0 0 0 0 0 0 0 0 0 0 0 0 0 0 0 0 0 0 0 33765
0 0 0 0 0 0 0 0 0 0 0 0 0 0 0 0 0 0 0 0 0 33820
0 0 0 0 0 0 0 0 0 0 0 0 0 0 0 0 0 0 0 0 0 33871
0 0 0 0 0 0 0 0 0 0 0 0 0 0 0 0 0 0 0 0 0 33923
0 0 0 0 0 0 0 0 0 0 0 0 0 0 0 0 0 0 0 0 0 33977
0 0 0 0 0 0 0 0 0 0 0 0 0 0 0 0 0 0 0 0 0 34030
0 0 0 0 0 0 0 0 0 0 0 0 0 0 0 0 0 0 0 0 0 34081
0 0 0 0 0 0 0 0 0 0 0 0 0 0 0 0 0 0 0 0 0 34132
0 0 0 0 0 0 0 0 0 0 0 0 0 0 0 0 0 0 0 0 0 34183
0 0 0 0 0 0 0 0 0 0 0 0 0 0 0 0 0 0 0 0 0 34234
0 0 0 0 0 0 0 0 0 0 0 0 0 0 0 0 0 0 0 0 0 34287
0 0 0 0 0 0 0 0 0 0 0 0 0 0 0 0 0 0 0 0 0 34340
0 0 0 0 0 0 0 0 0 0 0 0 0 0 0 0 0 0 0 0 0 34394
0 0 0 0 0 0 0 0 0 0 0 0 0 0 0 0 0 0 0 0 0 34446
0 0 0 0 0 0 0 0 0 0 0 0 0 0 0 0 0 0 0 0 0 34497
0 0 0 0 0 0 0 0 0 0 0 0 0 0 0 0 0 0 0 0 0 34549
0 0 0.451784 0.192722 0.598622 0.315052 0.00298633 0.0025983 0.00999212 0.397502 0 0 0 0 0 0 0 0 0 0 0 34603
0 0 0.451784 0.192722 0.598622 0.315052 0.00298633 0.0025983 0.00999212 0.397502 0 0 0 0 0 0 0 0 0 0 0 34654
0 0 0.451784 0.192722 0.598622 0.315052 0.00298633 0.0025983 0.00999212 0.397502 0 0 0 0 0 0 0 0 0 0 0 34708
0 0 0.133496 0.192869 0.44728 0.146382 0.00409943 0.00192496 0.0191325 0.219456 0 0 0 0 0 0 0 0 0 0 0 34758
0 0 0.133496 0.192869 0.44728 0.146382 0.00409943 0.00192496 0.0191325 0.219456 0 0 0 0 0 0 0 0 0 0 0 34809
0 0 0.00846711 0.193158 0.439614 0.0981945 0.00448252 0.0018852 0.0227421 0.20306 0 0 0 0 0 0 0 0 0 0 0 34864
0 0 0.00846711 0.193158 0.439614 0.0981945 0.00448252 0.0018852 0.0227421 0.20306 0 0 0 0 0 0 0 0 0 0 0 34916
0 0 0.00846711 0.193158 0.439614 0.0981945 0.00448252 0.0018852 0.0227421 0.20306 0 0 0 0 0 0 0 0 0 0 0 34968
0 0 0.00275551 0.193208 0.495542 0.143612 0.00453865 0.00213709 0.0181751 0.239384 0 0 0 0 0 0 0 0 0 0 0 35020
0 0 0.00275551 0.193208 0.495542 0.143612 0.00453865 0.00213709 0.0181751 0.239384 0 0 0 0 0 0 0 0 0 0 0 35076
0 0 0.00425648 0.179536 0.630092 0.474988 0.00430684 0.00344224 0.00968881 0.362831 0 0 0 0 0 0 0 0 0 0 0 35130
0 0 0.00425648 0.179536 0.630092 0.474988 0.00430684 0.00344224 0.00968881 0.362831 0 0 0 0 0 0 0 0 0 0 0 35181
0 0 0.00425648 0.179536 0.630092 0.474988 0.00430684 0.00344224 0.00968881 0.362831 0 0 0 0 0 0 0 0 0 0 0 35231
0 0 0.00982291 0.13856 0.90082 4.4551 0.00374844 0.0106494 0.00268298 0.805587 0 0 0 0 0 0 0 0 0 0 0 35284
0 0 0.00982291 0.13856 0.90082 4.4551 0.00374844 0.0106494 0.00268298 0.805587 0 0 0 0 0 0 0 0 0 0 0 35334
0 0 0.00457587 0.124984 0.57077 1.08698 0.00354125 0.00921031 0.00480074 0.485644 0.176922 0 0 0 0 0 0 0 0 0 0 35387
0 0 0.00457587 0.124984 0.57077 1.08698 0.00354125 0.00921031 0.00480074 0.485644 0.176922 0 0 0 0 0 0 0 0 0 0 35438
0 0 0.00457587 0.124984 0.57077 1.08698 0.00354125 0.00921031 0.00480074 0.485644 0.176922 0 0 0 0 0 0 0 0 0 0 35489
0 0 0.000905412 0.0691873 0.188021 0.554377 0.00194782 0.0184404 0.00848103 0.215264 8.51168 0 0 0 0 0 0 0 0 0 0 35539
0 0 0.000905412 0.0691873 0.188021 0.554377 0.00194782 0.0184404 0.00848103 0.215264 8.51168 0 0 0 0 0 0 0 0 0 0 35592
0 0 0.000297515 0.022487 0.066243 4.53099 0.000705616 0.201 0.00349666 0.196369 24.343 0 0 0 0 0 0 0 0 0 0 35643
0 0 0.000297515 0.022487 0.066243 4.53099 0.000705616 0.201 0.00349666 0.196369 24.343 0 0 0 0 0 0 0 0 0 0 35697
0 0 0.000237166 0.0173828 0.0524861 7.19377 0.000550065 0.349398 0.00281814 0.194297 27.8476 0 0 0 0 0 0 0 0 0 0 35751
0 0 0.000237166 0.0173828 0.0524861 7.19377 0.000550065 0.349398 0.00281814 0.194297 27.8476 0 0 0 0 0 0 0 0 0 0 35802
0 0 0.000237166 0.0173828 0.0524861 7.19377 0.000550065 0.349398 0.00281814 0.194297 27.8476 0 0 0 0 0 0 0 0 0 0 35855
0 0 0.000698703 0.0591512 0.152574 0.74588 0.00158904 0.0241828 0.00840388 0.194668 10.6014 0 0 0 0 0 0 0 0 0 0 35908
0 0 0.000698703 0.0591512 0.152574 0.74588 0.00158904 0.0241828 0.00840388 0.194668 10.6014 0 0 0 0 0 0 0 0 0 0 35961
0 0 0.000698703 0.0591512 0.152574 0.74588 0.00158904 0.0241828 0.00840388 0.194668 10.6014 0 0 0 0 0 0 0 0 0 0 36012
0 0 0.00188658 0.182552 0.407371 0.0875502 0.00433095 0.00206346 0.0229455 0.194061 0 0 0 0 0 0 0 0 0 0 0 36119
0 0 0.00199106 0.191144 0.427732 0.105599 0.00451503 0.00188251 0.0236029 0.196398 0 0 0 0 0 0 0 0 0 0 0 36172
0 0 0.00199106 0.191144 0.427732 0.105599 0.00451503 0.00188251 0.0236029 0.196398 0 0 0 0 0 0 0 0 0 0 0 36222
0 0 0.00203025 0.192489 0.433128 0.169036 0.00454088 0.00186591 0.0234563 0.197974 0 0 0 0 0 0 0 0 0 0 0 36275
0 0 0.00203025 0.192489 0.433128 0.169036 0.00454088 0.00186591 0.0234563 0.197974 0 0 0 0 0 0 0 0 0 0 0 36328
0 0 0.00203025 0.192489 0.433128 0.169036 0.00454088 0.00186591 0.0234563 0.197974 0 0 0 0 0 0 0 0 0 0 0 36378
0 0 0.0020228 0.192632 0.431416 0.16231 0.0045211 0.00185425 0.0236892 0.196398 0 0 0 0 0 0 0 0 0 0 0 36429
0 0 0.0020228 0.192632 0.431416 0.16231 0.0045211 0.00185425 0.0236892 0.196398 0 0 0 0 0 0 0 0 0 0 0 36481
0 0 0.00202948 0.19264 0.431754 0.188662 0.00451606 0.0018555 0.0236647 0.19653 0 0 0 0 0 0 0 0 0 0 0 36533
0 0 0.00202948 0.19264 0.431754 0.188662 0.00451606 0.0018555 0.0236647 0.19653 0 0 0 0 0 0 0 0 0 0 0 36587
0 0 0.00202948 0.19264 0.431754 0.188662 0.00451606 0.0018555 0.0236647 0.19653 0 0 0 0 0 0 0 0 0 0 0 36637
0 0 0.00199348 0.192643 0.427179 0.156156 0.00449817 0.00183566 0.0242525 0.193627 0 0 0 0 0 0 0 0 0 0 0 36690
0 0 0.00199348 0.192643 0.427179 0.156156 0.00449817 0.00183566 0.0242525 0.193627 0 0 0 0 0 0 0 0 0 0 0 36740
0 0 0.00200254 0.192653 0.427256 0.147468 0.0044451 0.00183578 0.024679 0.193673 0 0 0 0 0 0 0 0 0 0 0 36794
0 0 0.00200254 0.192653 0.427256 0.147468 0.0044451 0.00183578 0.024679 0.193673 0 0 0 0 0 0 0 0 0 0 0 36844
0 0 0.00200254 0.192653 0.427256 0.147468 0.0044451 0.00183578 0.024679 0.193673 0 0 0 0 0 0 0 0 0 0 0 36898
0 0 0.00204615 0.192658 0.431713 0.0981471 0.00441142 0.00185501 0.0245113 0.196517 0 0 0 0 0 0 0 0 0 0 0 36950
0 0 0.00204615 0.192658 0.431713 0.0981471 0.00441142 0.00185501 0.0245113 0.196517 0 0 0 0 0 0 0 0 0 0 0 37003
0 0 0.00204615 0.192658 0.431713 0.0981471 0.00441142 0.00185501 0.0245113 0.196517 0 0 0 0 0 0 0 0 0 0 0 37055
0 0 0.00229963 0.192638 0.460753 0.109911 0.00419978 0.00198083 0.0233585 0.215018 0 0 0 0 0 0 0 0 0 0 0 37107
0 0 0.00229963 0.192638 0.460753 0.109911 0.00419978 0.00198083 0.0233585 0.215018 0 0 0 0 0 0 0 0 0 0 0 37159
0 0 0.00261549 0.192612 0.495249 0.1434 0.00406195 0.00213076 0.0213557 0.238109 0 0 0 0 0 0 0 0 0 0 0 37211
0 0 0.00261549 0.192612 0.495249 0.1434 0.00406195 0.00213076 0.0213557 0.238109 0 0 0 0 0 0 0 0 0 0 0 37261
0 0 0.00261549 0.192612 0.495249 0.1434 0.00406195 0.00213076 0.0213557 0.238109 0 0 0 0 0 0 0 0 0 0 0 37312
0 0 0.00226398 0.192529 0.458365 0.11677 0.00410048 0.00197405 0.0240364 0.214814 0 0 0 0 0 0 0 0 0 0 0 37364
0 0 0.00226398 0.192529 0.458365 0.11677 0.00410048 0.00197405 0.0240364 0.214814 0 0 0 0 0 0 0 0 0 0 0 37414
0 0 0.00200633 0.192557 0.429429 0.0990087 0.00414627 0.00184795 0.0255915 0.199592 0 0 0 0 0 0 0 0 0 0 0 37468
0 0 0.00200633 0.192557 0.429429 0.0990087 0.00414627 0.00184795 0.0255915 0.199592 0 0 0 0 0 0 0 0 0 0 0 37517
0 0 0.00200633 0.192557 0.429429 0.0990087 0.00414627 0.00184795 0.0255915 0.199592 0 0 0 0 0 0 0 0 0 0 0 37569
0 0 0.00198086 0.192478 0.42625 0.0961093 0.00384947 0.00183691 0.0255552 0.207613 0 0 0 0 0 0 0 0 0 0 0 37618
0 0 0.00198086 0.192478 0.42625 0.0961093 0.00384947 0.00183691 0.0255552 0.207613 0 0 0 0 0 0 0 0 0 0 0 37671
0 0 0.00198079 0.192441 0.425686 0.099828 0.00344473 0.00183577 0.0237081 0.224097 0 0 0 0 0 0 0 0 0 0 0 37723
0 0 0.00198079 0.192441 0.425686 0.099828 0.00344473 0.00183577 0.0237081 0.224097 0 0 0 0 0 0 0 0 0 0 0 37775
0 0 0.00197705 0.192296 0.425649 0.102537 0.00283431 0.00183622 0.0229447 0.254894 0 0 0 0 0 0 0 0 0 0 0 37827
0 0 0.00197705 0.192296 0.425649 0.102537 0.00283431 0.00183622 0.0229447 0.254894 0 0 0 0 0 0 0 0 0 0 0 37880
0 0 0.00197705 0.192296 0.425649 0.102537 0.00283431 0.00183622 0.0229447 0.254894 0 0 0 0 0 0 0 0 0 0 0 37934
0 0 0.00198951 0.192242 0.426357 0.109739 0.00252273 0.0018405 0.0219148 0.278711 0 0 0 0 0 0 0 0 0 0 0 37985
0 0 0.00198951 0.192242 0.426357 0.109739 0.00252273 0.0018405 0.0219148 0.278711 0 0 0 0 0 0 0 0 0 0 0 38038
0 0 0.00198951 0.192242 0.426357 0.109739 0.00252273 0.0018405 0.0219148 0.278711 0 0 0 0 0 0 0 0 0 0 0 38091
0 0 0.00188128 0.191998 0.429709 0.102924 0.00293949 0.00178216 0.0217279 0.266127 0 0 0 0 0 0 0 0 0 0 0 38142
0 0 0.00188128 0.191998 0.429709 0.102924 0.00293949 0.00178216 0.0217279 0.266127 0 0 0 0 0 0 0 0 0 0 0 38194
0 0 0.00195669 0.191103 0.441346 0.109294 0.00359937 0.00181437 0.0208004 0.250608 0 0 0 0 0 0 0 0 0 0 0 38245
0 0 0.00195669 0.191103 0.441346 0.109294 0.00359937 0.00181437 0.0208004 0.250608 0 0 0 0 0 0 0 0 0 0 0 38295
0 0 0.00223878 0.189378 0.447693 0.149494 0.00342527 0.00170187 0.0184189 0.291487 0 0 0 0 0 0 0 0 0 0 0 38349
0 0 0.00223878 0.189378 0.447693 0.149494 0.00342527 0.00170187 0.0184189 0.291487 0 0 0 0 0 0 0 0 0 0 0 38402
0 0 0.00223878 0.189378 0.447693 0.149494 0.00342527 0.00170187 0.0184189 0.291487 0 0 0 0 0 0 0 0 0 0 0 38454
0 0 0.0124439 0.185504 0.430377 0.108336 0.00393684 0.00193417 0.0205365 0.233251 0 0 0 0 0 0 0 0 0 0 0 38507
0 0 0.0124439 0.185504 0.430377 0.108336 0.00393684 0.00193417 0.0205365 0.233251 0 0 0 0 0 0 0 0 0 0 0 38560
0 0 0.0666137 0.174442 0.415248 0.0995331 0.00402889 0.00237698 0.0200221 0.214576 0 0 0 0 0 0 0 0 0 0 0 38614
0 0 0.0666137 0.174442 0.415248 0.0995331 0.00402889 0.00237698 0.0200221 0.214576 0 0 0 0 0 0 0 0 0 0 0 38664
0 0 0.0666137 0.174442 0.415248 0.0995331 0.00402889 0.00237698 0.0200221 0.214576 0 0 0 0 0 0 0 0 0 0 0 38715
0 0 0.029712 0.137454 0.332037 0.150385 0.00325458 0.00392057 0.0171377 0.205751 0 0 0 0 0 0 0 0 0 0 0 38769
0 0 0.029712 0.137454 0.332037 0.150385 0.00325458 0.00392057 0.0171377 0.205751 0 0 0 0 0 0 0 0 0 0 0 38821
0 0 0.0163134 0.1108 0.285678 0.226671 0.00269062 0.00619905 0.0144665 0.200121 1.46018 0 0 0 0 0 0 0 0 0 0 38881
0 0 0.0163134 0.1108 0.285678 0.226671 0.00269062 0.00619905 0.0144665 0.200121 1.46018 0 0 0 0 0 0 0 0 0 0 38933
0 0 0.0163134 0.1108 0.285678 0.226671 0.00269062 0.00619905 0.0144665 0.200121 1.46018 0 0 0 0 0 0 0 0 0 0 38987
0 0 0.00595566 0.118419 0.331638 0.199722 0.00288628 0.00537241 0.0152423 0.198932 0.606007 0 0 0 0 0 0 0 0 0 0 39038
0 0 0.00595566 0.118419 0.331638 0.199722 0.00288628 0.00537241 0.0152423 0.198932 0.606007 0 0 0 0 0 0 0 0 0 0 39088
0 0 0.00493114 0.131397 0.455858 0.424924 0.00319003 0.00429404 0.0166028 0.198758 0 0 0 0 0 0 0 0 0 0 0 39141
0 0 0.00493114 0.131397 0.455858 0.424924 0.00319003 0.00429404 0.0166028 0.198758 0 0 0 0 0 0 0 0 0 0 0 39193
0 0 0.00493114 0.131397 0.455858 0.424924 0.00319003 0.00429404 0.0166028 0.198758 0 0 0 0 0 0 0 0 0 0 0 39246
0 0 0.0123056 0.131071 0.453376 0.391218 0.00319585 0.00437731 0.0161284 0.201946 0 0 0 0 0 0 0 0 0 0 0 39297
0 0 0.0123056 0.131071 0.453376 0.391218 0.00319585 0.00437731 0.0161284 0.201946 0 0 0 0 0 0 0 0 0 0 0 39350
0 0 0.0312953 0.159838 0.489576 0.290013 0.00381728 0.00276717 0.0201159 0.195027 0 0 0 0 0 0 0 0 0 0 0 39404
0 0 0.0312953 0.159838 0.489576 0.290013 0.00381728 0.00276717 0.0201159 0.195027 0 0 0 0 0 0 0 0 0 0 0 39455
0 0 0.0312953 0.159838 0.489576 0.290013 0.00381728 0.00276717 0.0201159 0.195027 0 0 0 0 0 0 0 0 0 0 0 39505
0 0 0.0248398 0.17847 0.462685 0.152067 0.00422701 0.0021645 0.0223913 0.193327 0 0 0 0 0 0 0 0 0 0 0 39557
0 0 0.0248398 0.17847 0.462685 0.152067 0.00422701 0.0021645 0.0223913 0.193327 0 0 0 0 0 0 0 0 0 0 0 39608
0 0 0.00607035 0.190828 0.468088 0.124157 0.00449011 0.00186886 0.0238538 0.193114 0 0 0 0 0 0 0 0 0 0 0 39659
0 0 0.00607035 0.190828 0.468088 0.124157 0.00449011 0.00186886 0.0238538 0.193114 0 0 0 0 0 0 0 0 0 0 0 39711
0 0 0.00607035 0.190828 0.468088 0.124157 0.00449011 0.00186886 0.0238538 0.193114 0 0 0 0 0 0 0 0 0 0 0 39761
0 0 0.0024554 0.19236 0.452342 0.137249 0.00453254 0.00183569 0.0240566 0.192867 0 0 0 0 0 0 0 0 0 0 0 39812
0 0 0.0024554 0.19236 0.452342 0.137249 0.00453254 0.00183569 0.0240566 0.192867 0 0 0 0 0 0 0 0 0 0 0 39865
0 0 0.00203065 0.192524 0.433043 0.175049 0.00453405 0.00183257 0.0240741 0.192963 0 0 0 0 0 0 0 0 0 0 0 39917
0 0 0.00203065 0.192524 0.433043 0.175049 0.00453405 0.00183257 0.0240741 0.192963 0 0 0 0 0 0 0 0 0 0 0 39969
0 0 0.00203065 0.192524 0.433043 0.175049 0.00453405 0.00183257 0.0240741 0.192963 0 0 0 0 0 0 0 0 0 0 0 40023
0 0 0.00202694 0.191889 0.432161 0.414754 0.00451287 0.00186956 0.0234034 0.196387 0 0 0 0 0 0 0 0 0 0 0 40082
0 0 0.00202694 0.191889 0.432161 0.414754 0.00451287 0.00186956 0.0234034 0.196387 0 0 0 0 0 0 0 0 0 0 0 40137
0 0 0.00298768 0.191655 0.533969 0.399372 0.00450025 0.00232411 0.015757 0.263955 0 0 0 0 0 0 0 0 0 0 0 40190
0 0 0.00298768 0.191655 0.533969 0.399372 0.00450025 0.00232411 0.015757 0.263955 0 0 0 0 0 0 0 0 0 0 0 40240
0 0 0.00395625 0.191386 0.620244 0.354028 0.00447709 0.00272086 0.0118513 0.327073 0 0 0 0 0 0 0 0 0 0 0 40291
0 0 0.00395625 0.191386 0.620244 0.354028 0.00447709 0.00272086 0.0118513 0.327073 0 0 0 0 0 0 0 0 0 0 0 40342
0 0 0.00395625 0.191386 0.620244 0.354028 0.00447709 0.00272086 0.0118513 0.327073 0 0 0 0 0 0 0 0 0 0 0 40393
0 0 0.00273694 0.190994 0.507918 0.251517 0.0044508 0.00223572 0.0170946 0.248941 0 0 0 0 0 0 0 0 0 0 0 40447
0 0 0.00273694 0.190994 0.507918 0.251517 0.0044508 0.00223572 0.0170946 0.248941 0 0 0 0 0 0 0 0 0 0 0 40498
0 0 0.00273694 0.190994 0.507918 0.251517 0.0044508 0.00223572 0.0170946 0.248941 0 0 0 0 0 0 0 0 0 0 0 40549
0 0 0.00256822 0.185279 0.483714 0.149453 0.00436631 0.00234249 0.0172141 0.241318 0 0 0 0 0 0 0 0 0 0 0 40602
0 0 0.00256822 0.185279 0.483714 0.149453 0.00436631 0.00234249 0.0172141 0.241318 0 0 0 0 0 0 0 0 0 0 0 40654
0 0 0 0 0 0 0 0 0 0 0 0 0 0 0 0 0 0 0 0 0 40706
0 0 0 0 0 0 0 0 0 0 0 0 0 0 0 0 0 0 0 0 0 40755
0 0 0.00216429 0.17559 0.353504 0.0981328 0.00412188 0.00225605 0.0202466 0.201687 0 0 0 0 0 0 0 0 0 0 0 40807
0 0 0.00216429 0.17559 0.353504 0.0981328 0.00412188 0.00225605 0.0202466 0.201687 0 0 0 0 0 0 0 0 0 0 0 40862
0 0 0.00216429 0.17559 0.353504 0.0981328 0.00412188 0.00225605 0.0202466 0.201687 0 0 0 0 0 0 0 0 0 0 0 40922
0 0 0.00235633 0.175456 0.406151 0.124341 0.00415752 0.00237985 0.0192709 0.211316 0 0 0 0 0 0 0 0 0 0 0 40976
0 0 0.00235633 0.175456 0.406151 0.124341 0.00415752 0.00237985 0.0192709 0.211316 0 0 0 0 0 0 0 0 0 0 0 41028
0 0 0.00188493 0.180289 0.945902 2.72707 0.00408634 0.00212176 0.0200786 0.219963 0 0 0 0 0 0 0 0 0 0 0 41081
0 0 0.00188493 0.180289 0.945902 2.72707 0.00408634 0.00212176 0.0200786 0.219963 0 0 0 0 0 0 0 0 0 0 0 41131
0 0 0.00188493 0.180289 0.945902 2.72707 0.00408634 0.00212176 0.0200786 0.219963 0 0 0 0 0 0 0 0 0 0 0 41184
0 0 0.00188493 0.180289 0.945902 2.72707 0.00408634 0.00212176 0.0200786 0.219963 0 0 0 0 0 0 0 0 0 0 0 41237
0 0 0.00188493 0.180289 0.945902 2.72707 0.00408634 0.00212176 0.0200786 0.219963 0 0 0 0 0 0 0 0 0 0 0 41287
0 0 0.00188493 0.180289 0.945902 2.72707 0.00408634 0.00212176 0.0200786 0.219963 0 0 0 0 0 0 0 0 0 0 0 41347
0 0 0.00188493 0.180289 0.945902 2.72707 0.00408634 0.00212176 0.0200786 0.219963 0 0 0 0 0 0 0 0 0 0 0 41412
0 0 0.00188493 0.180289 0.945902 2.72707 0.00408634 0.00212176 0.0200786 0.219963 0 0 0 0 0 0 0 0 0 0 0 41472
0 0 0.00188493 0.180289 0.945902 2.72707 0.00408634 0.00212176 0.0200786 0.219963 0 0 0 0 0 0 0 0 0 0 0 41530
0 0 0.00188493 0.180289 0.945902 2.72707 0.00408634 0.00212176 0.0200786 0.219963 0 0 0 0 0 0 0 0 0 0 0 41589
0 0 0.00188493 0.180289 0.945902 2.72707 0.00408634 0.00212176 0.0200786 0.219963 0 0 0 0 0 0 0 0 0 0 0 41651
0 0 0.00188493 0.180289 0.945902 2.72707 0.00408634 0.00212176 0.0200786 0.219963 0 0 0 0 0 0 0 0 0 0 0 41700
0 0 0.00188493 0.180289 0.945902 2.72707 0.00408634 0.00212176 0.0200786 0.219963 0 0 0 0 0 0 0 0 0 0 0 41759
0 0 0.00188493 0.180289 0.945902 2.72707 0.00408634 0.00212176 0.0200786 0.219963 0 0 0 0 0 0 0 0 0 0 0 41810
0 0 0.00188493 0.180289 0.945902 2.72707 0.00408634 0.00212176 0.0200786 0.219963 0 0 0 0 0 0 0 0 0 0 0 41867
0 0 0.039554 0.160906 45.8745 99.9192 41.2875 0.00243753 0.000506513 0.734742 -2.69777 0 0 0 0 0 0 0 0 0 0 41917
0 0 0.039554 0.160906 45.8745 99.9192 41.2875 0.00243753 0.000506513 0.734742 -2.69777 0 0 0 0 0 0 0 0 0 0 41969
0 0 0.000264793 0.168884 9.16216 99.8897 0.364269 0.000143261 0.000170469 27.1796 0 0 0 0 0 0 0 0 0 0 0 42023
0 0 0.000264793 0.168884 9.16216 99.8897 0.364269 0.000143261 0.000170469 27.1796 0 0 0 0 0 0 0 0 0 0 0 42075
0 0 0.00066839 0.167713 0.444976 0.931289 0.0110106 0.000833155 0.00434576 1.30568 0 0 0 0 0 0 0 0 0 0 0 42129
0 0 0.00066839 0.167713 0.444976 0.931289 0.0110106 0.000833155 0.00434576 1.30568 0 0 0 0 0 0 0 0 0 0 0 42179
0 0 0.00066839 0.167713 0.444976 0.931289 0.0110106 0.000833155 0.00434576 1.30568 0 0 0 0 0 0 0 0 0 0 0 42231
0 0 0.000705002 0.144751 0.351531 0.271776 0.00235488 0.00198508 0.0114538 0.456962 0 0 0 0 0 0 0 0 0 0 0 42285
0 0 0.000705002 0.144751 0.351531 0.271776 0.00235488 0.00198508 0.0114538 0.456962 0 0 0 0 0 0 0 0 0 0 0 42335
0 0 0.0010081 0.125134 0.298665 0.179815 0.00251845 0.0038381 0.0138864 0.264469 0.0613554 0 0 0 0 0 0 0 0 0 0 42386
0 0 0.0010081 0.125134 0.298665 0.179815 0.00251845 0.0038381 0.0138864 0.264469 0.0613554 0 0 0 0 0 0 0 0 0 0 42438
0 0 0.0010081 0.125134 0.298665 0.179815 0.00251845 0.0038381 0.0138864 0.264469 0.0613554 0 0 0 0 0 0 0 0 0 0 42492
0 0 0.0015904 0.118649 0.286486 0.199043 0.00253058 0.0045474 0.0133039 0.243751 0.122697 0 0 0 0 0 0 0 0 0 0 42545
0 0 0.0015904 0.118649 0.286486 0.199043 0.00253058 0.0045474 0.0133039 0.243751 0.122697 0 0 0 0 0 0 0 0 0 0 42599
0 0 0.00306999 0.154993 0.364846 0.23129 0.00320362 0.00253943 0.0170751 0.245076 0 0 0 0 0 0 0 0 0 0 0 42653
0 0 0.00306999 0.154993 0.364846 0.23129 0.00320362 0.00253943 0.0170751 0.245076 0 0 0 0 0 0 0 0 0 0 0 42704
0 0 0.00306999 0.154993 0.364846 0.23129 0.00320362 0.00253943 0.0170751 0.245076 0 0 0 0 0 0 0 0 0 0 0 42759
0 0 0.01153 0.166152 0.389658 0.206788 0.0037654 0.00241042 0.0197003 0.213227 0 0 0 0 0 0 0 0 0 0 0 42811
0 0 0.01153 0.166152 0.389658 0.206788 0.0037654 0.00241042 0.0197003 0.213227 0 0 0 0 0 0 0 0 0 0 0 42864
0 0 0.0320768 0.180494 0.413506 0.741458 0.00408422 0.00204011 0.0205115 0.21216 0 0 0 0 0 0 0 0 0 0 0 42921
0 0 0.0320768 0.180494 0.413506 0.741458 0.00408422 0.00204011 0.0205115 0.21216 0 0 0 0 0 0 0 0 0 0 0 42987
0 0 0.0226364 0.183431 0.416381 1.19211 0.0043115 0.00202682 0.0156322 0.1965 0 0 0 0 0 0 0 0 0 0 0 43051
0 0 0.0226364 0.183431 0.416381 1.19211 0.0043115 0.00202682 0.0156322 0.1965 0 0 0 0 0 0 0 0 0 0 0 43114
0 0 0.00816161 0.188655 0.422383 8.63653 0.00441323 0.00190013 0.00804121 0.193385 -8.02857 0 0 0 0 0 0 0 0 0 0 43173
0 0 0.00816161 0.188655 0.422383 8.63653 0.00441323 0.00190013 0.00804121 0.193385 -8.02857 0 0 0 0 0 0 0 0 0 0 43235
0 0 0.00816161 0.188655 0.422383 8.63653 0.00441323 0.00190013 0.00804121 0.193385 -8.02857 0 0 0 0 0 0 0 0 0 0 43287
0 0 0.0043368 0.193463 0.430047 10.6415 0.00443374 0.00178324 0.00801607 0.189943 -9.33878 0 0 0 0 0 0 0 0 0 0 43340
0 0 0.0043368 0.193463 0.430047 10.6415 0.00443374 0.00178324 0.00801607 0.189943 -9.33878 0 0 0 0 0 0 0 0 0 0 43409
0 0 0.00401654 0.197045 0.436027 0.565526 0.0044782 0.00169102 0.0213021 0.184776 0 0 0 0 0 0 0 0 0 0 0 43460
0 0 0.00401654 0.197045 0.436027 0.565526 0.0044782 0.00169102 0.0213021 0.184776 0 0 0 0 0 0 0 0 0 0 0 43511
0 0 0.00322501 0.196455 0.451243 0.377196 0.0042925 0.00176006 0.0247698 0.197737 0 0 0 0 0 0 0 0 0 0 0 43565
0 0 0.00322501 0.196455 0.451243 0.377196 0.0042925 0.00176006 0.0247698 0.197737 0 0 0 0 0 0 0 0 0 0 0 43616
0 0 0.00362628 0.192525 0.54271 0.331312 0.00410457 0.00188344 0.023338 0.207092 0 0 0 0 0 0 0 0 0 0 0 43670
0 0 0.00362628 0.192525 0.54271 0.331312 0.00410457 0.00188344 0.023338 0.207092 0 0 0 0 0 0 0 0 0 0 0 43724
0 0 0.00362628 0.192525 0.54271 0.331312 0.00410457 0.00188344 0.023338 0.207092 0 0 0 0 0 0 0 0 0 0 0 43775
0 0 0.00566407 0.189554 0.437354 0.302777 0.00417681 0.00190383 0.023813 0.198942 0 0 0 0 0 0 0 0 0 0 0 43826
0 0 0.00566407 0.189554 0.437354 0.302777 0.00417681 0.00190383 0.023813 0.198942 0 0 0 0 0 0 0 0 0 0 0 43880
0 0 0.00566407 0.189554 0.437354 0.302777 0.00417681 0.00190383 0.023813 0.198942 0 0 0 0 0 0 0 0 0 0 0 43931
0 0 0.0077507 0.18667 0.428323 0.634851 0.00430334 0.00194998 0.0238089 0.19225 0 0 0 0 0 0 0 0 0 0 0 43997
0 0 0.0077507 0.18667 0.428323 0.634851 0.00430334 0.00194998 0.0238089 0.19225 0 0 0 0 0 0 0 0 0 0 0 44066
0 0 0.0212227 0.15446 0.377693 0.571266 0.00367508 0.00297191 0.0197471 0.194139 0 0 0 0 0 0 0 0 0 0 0 44119
0 0 0.0212227 0.15446 0.377693 0.571266 0.00367508 0.00297191 0.0197471 0.194139 0 0 0 0 0 0 0 0 0 0 0 44190
0 0 0.00940839 0.117327 0.322703 0.281814 0.0028912 0.00543852 0.0153076 0.195162 1.06045 0 0 0 0 0 0 0 0 0 0 44243
0 0 0.00940839 0.117327 0.322703 0.281814 0.0028912 0.00543852 0.0153076 0.195162 1.06045 0 0 0 0 0 0 0 0 0 0 44313
0 0 0.00267593 0.0862748 0.294516 0.364832 0.00220962 0.0110826 0.0107939 0.205866 5.41846 0 0 0 0 0 0 0 0 0 0 44375
0 0 0.00267593 0.0862748 0.294516 0.364832 0.00220962 0.0110826 0.0107939 0.205866 5.41846 0 0 0 0 0 0 0 0 0 0 44426
0 0 0.00177718 0.0819974 0.396917 0.401727 0.00211484 0.0164819 0.00607251 0.304508 6.03415 0 0 0 0 0 0 0 0 0 0 44478
0 0 0.00177718 0.0819974 0.396917 0.401727 0.00211484 0.0164819 0.00607251 0.304508 6.03415 0 0 0 0 0 0 0 0 0 0 44531
0 0 0.00177718 0.0819974 0.396917 0.401727 0.00211484 0.0164819 0.00607251 0.304508 6.03415 0 0 0 0 0 0 0 0 0 0 44583
0 0 0.00136709 0.0933166 0.299291 0.314132 0.00237414 0.0103663 0.00955954 0.237399 4.31869 0 0 0 0 0 0 0 0 0 0 44636
0 0 0.00136709 0.0933166 0.299291 0.314132 0.00237414 0.0103663 0.00955954 0.237399 4.31869 0 0 0 0 0 0 0 0 0 0 44687
0 0 0.00138806 0.11218 0.325519 0.274262 0.00280198 0.00639936 0.0130484 0.21241 1.71479 0 0 0 0 0 0 0 0 0 0 44739
0 0 0.00138806 0.11218 0.325519 0.274262 0.00280198 0.00639936 0.0130484 0.21241 1.71479 0 0 0 0 0 0 0 0 0 0 44792
0 0 0.000989541 0.0826636 0.263408 0.395514 0.00213504 0.0120226 0.0101251 0.202154 4.47135 0 0 0 0 0 0 0 0 0 0 44846
0 0 0.000989541 0.0826636 0.263408 0.395514 0.00213504 0.0120226 0.0101251 0.202154 4.47135 0 0 0 0 0 0 0 0 0 0 44897
0 0 0.000989541 0.0826636 0.263408 0.395514 0.00213504 0.0120226 0.0101251 0.202154 4.47135 0 0 0 0 0 0 0 0 0 0 44947
0 0 0.000475598 0.0384315 0.110584 1.68049 0.00107898 0.0620908 0.00567292 0.19427 16.645 0 0 0 0 0 0 0 0 0 0 44998
0 0 0.000475598 0.0384315 0.110584 1.68049 0.00107898 0.0620908 0.00567292 0.19427 16.645 0 0 0 0 0 0 0 0 0 0 45048
0 0 0.00106702 0.0950435 0.235217 0.303382 0.00240739 0.00860411 0.0127107 0.194528 3.93272 0 0 0 0 0 0 0 0 0 0 45101
0 0 0.00106702 0.0950435 0.235217 0.303382 0.00240739 0.00860411 0.0127107 0.194528 3.93272 0 0 0 0 0 0 0 0 0 0 45151
0 0 0.00106702 0.0950435 0.235217 0.303382 0.00240739 0.00860411 0.0127107 0.194528 3.93272 0 0 0 0 0 0 0 0 0 0 45202
0 0 0.00135521 0.123491 0.295209 0.215922 0.00303108 0.00487625 0.0158997 0.195959 0.233999 0 0 0 0 0 0 0 0 0 0 45252
0 0 0.00135521 0.123491 0.295209 0.215922 0.00303108 0.00487625 0.0158997 0.195959 0.233999 0 0 0 0 0 0 0 0 0 0 45303
0 0 0.0014825 0.136514 0.365025 0.175263 0.00329606 0.00391409 0.0173772 0.196505 0 0 0 0 0 0 0 0 0 0 0 45355
0 0 0.0014825 0.136514 0.365025 0.175263 0.00329606 0.00391409 0.0173772 0.196505 0 0 0 0 0 0 0 0 0 0 0 45407
0 0 0.0014825 0.136514 0.365025 0.175263 0.00329606 0.00391409 0.0173772 0.196505 0 0 0 0 0 0 0 0 0 0 0 45458
0 0 0.00145284 0.131845 0.321442 0.198628 0.00315651 0.00424968 0.0167855 0.200061 0 0 0 0 0 0 0 0 0 0 0 45510
0 0 0.00145284 0.131845 0.321442 0.198628 0.00315651 0.00424968 0.0167855 0.200061 0 0 0 0 0 0 0 0 0 0 0 45562
0 0 0.00145284 0.131845 0.321442 0.198628 0.00315651 0.00424968 0.0167855 0.200061 0 0 0 0 0 0 0 0 0 0 0 45612
0 0 0.0016237 0.148911 0.347079 0.129455 0.00355376 0.00326177 0.0174883 0.199887 0 0 0 0 0 0 0 0 0 0 0 45664
0 0 0.0016237 0.148911 0.347079 0.129455 0.00355376 0.00326177 0.0174883 0.199887 0 0 0 0 0 0 0 0 0 0 0 45719
0 0 0.00159129 0.147615 0.341058 0.150692 0.00348163 0.0032948 0.0164364 0.19874 0 0 0 0 0 0 0 0 0 0 0 45770
0 0 0.00159129 0.147615 0.341058 0.150692 0.00348163 0.0032948 0.0164364 0.19874 0 0 0 0 0 0 0 0 0 0 0 45821
0 0 0.00157998 0.146074 0.335469 0.575863 0.00343881 0.00335178 0.0119093 0.197073 0 0 0 0 0 0 0 0 0 0 0 45876
0 0 0.00157998 0.146074 0.335469 0.575863 0.00343881 0.00335178 0.0119093 0.197073 0 0 0 0 0 0 0 0 0 0 0 45926
0 0 0.00157998 0.146074 0.335469 0.575863 0.00343881 0.00335178 0.0119093 0.197073 0 0 0 0 0 0 0 0 0 0 0 45978
0 0 0.00170041 0.16066 0.364856 14.6105 0.00375445 0.00272228 0.00587883 0.196594 -8.46375 0 0 0 0 0 0 0 0 0 0 46030
0 0 0.00170041 0.16066 0.364856 14.6105 0.00375445 0.00272228 0.00587883 0.196594 -8.46375 0 0 0 0 0 0 0 0 0 0 46081
0 0 0.00170041 0.16066 0.364856 14.6105 0.00375445 0.00272228 0.00587883 0.196594 -8.46375 0 0 0 0 0 0 0 0 0 0 46132
0 0 0.00170259 0.163473 0.371027 44.6902 0.0038193 0.00262483 0.00413497 0.196342 -16.1994 0 0 0 0 0 0 0 0 0 0 46183
0 0 0.00170259 0.163473 0.371027 44.6902 0.0038193 0.00262483 0.00413497 0.196342 -16.1994 0 0 0 0 0 0 0 0 0 0 46236
0 0 0.00168969 0.161608 0.369787 38.6657 0.00379892 0.00269461 0.0043163 0.195562 -14.8133 0 0 0 0 0 0 0 0 0 0 46286
0 0 0.00168969 0.161608 0.369787 38.6657 0.00379892 0.00269461 0.0043163 0.195562 -14.8133 0 0 0 0 0 0 0 0 0 0 46338
0 0 0.00168969 0.161608 0.369787 38.6657 0.00379892 0.00269461 0.0043163 0.195562 -14.8133 0 0 0 0 0 0 0 0 0 0 46392
0 0 0.00177702 0.167889 0.386205 0.19515 0.00390374 0.00249332 0.0201453 0.197569 0 0 0 0 0 0 0 0 0 0 0 46444
0 0 0.00177702 0.167889 0.386205 0.19515 0.00390374 0.00249332 0.0201453 0.197569 0 0 0 0 0 0 0 0 0 0 0 46495
0 0 0.00185711 0.176596 0.421415 0.127493 0.00404743 0.00224044 0.0218074 0.199647 0 0 0 0 0 0 0 0 0 0 0 46546
0 0 0.00185711 0.176596 0.421415 0.127493 0.00404743 0.00224044 0.0218074 0.199647 0 0 0 0 0 0 0 0 0 0 0 46598
0 0 0.00208724 0.182556 0.548701 0.227501 0.00406236 0.00217968 0.0204854 0.217652 0 0 0 0 0 0 0 0 0 0 0 46650
0 0 0.00208724 0.182556 0.548701 0.227501 0.00406236 0.00217968 0.0204854 0.217652 0 0 0 0 0 0 0 0 0 0 0 46700
0 0 0.00208724 0.182556 0.548701 0.227501 0.00406236 0.00217968 0.0204854 0.217652 0 0 0 0 0 0 0 0 0 0 0 46752
0 0 0.00235722 0.186415 0.77732 0.753742 0.00424181 0.00219984 0.018614 0.233868 0 0 0 0 0 0 0 0 0 0 0 46804
0 0 0.00235722 0.186415 0.77732 0.753742 0.00424181 0.00219984 0.018614 0.233868 0 0 0 0 0 0 0 0 0 0 0 46856
0 0 0.00235722 0.186415 0.77732 0.753742 0.00424181 0.00219984 0.018614 0.233868 0 0 0 0 0 0 0 0 0 0 0 46907
0 0 0.0022621 0.188139 2.03636 28.1552 0.00395555 0.00207666 0.0155217 0.292454 0 0 0 0 0 0 0 0 0 0 0 46961
0 0 0.0022621 0.188139 2.03636 28.1552 0.00395555 0.00207666 0.0155217 0.292454 0 0 0 0 0 0 0 0 0 0 0 47013
0 0 0.00220978 0.186223 3.05376 78.2121 0.00367179 0.00208428 0.0127273 0.346854 0 0 0 0 0 0 0 0 0 0 0 47066
0 0 0.00220978 0.186223 3.05376 78.2121 0.00367179 0.00208428 0.0127273 0.346854 0 0 0 0 0 0 0 0 0 0 0 47117
0 0 0.00220978 0.186223 3.05376 78.2121 0.00367179 0.00208428 0.0127273 0.346854 0 0 0 0 0 0 0 0 0 0 0 47167
0 0 0.00179636 0.181528 2.48803 65.1176 0.00347234 0.00200291 0.0139326 0.331197 0 0 0 0 0 0 0 0 0 0 0 47220
0 0 0.00179636 0.181528 2.48803 65.1176 0.00347234 0.00200291 0.0139326 0.331197 0 0 0 0 0 0 0 0 0 0 0 47271
0 0 0.00149047 0.185129 2.62585 76.7631 0.00343992 0.00168687 0.0166244 0.301673 0 0 0 0 0 0 0 0 0 0 0 47323
0 0 0.00149047 0.185129 2.62585 76.7631 0.00343992 0.00168687 0.0166244 0.301673 0 0 0 0 0 0 0 0 0 0 0 47375
0 0 0.00149047 0.185129 2.62585 76.7631 0.00343992 0.00168687 0.0166244 0.301673 0 0 0 0 0 0 0 0 0 0 0 47429
0 0 0.00340243 0.186818 0.817131 17.9205 0.00383732 0.00172783 0.0166775 0.241855 0 0 0 0 0 0 0 0 0 0 0 47481
0 0 0.00340243 0.186818 0.817131 17.9205 0.00383732 0.00172783 0.0166775 0.241855 0 0 0 0 0 0 0 0 0 0 0 47535
0 0 0.00362861 0.1837 0.413584 0.437561 0.00375626 0.00178013 0.0187973 0.243905 0 0 0 0 0 0 0 0 0 0 0 47592
0 0 0.00362861 0.1837 0.413584 0.437561 0.00375626 0.00178013 0.0187973 0.243905 0 0 0 0 0 0 0 0 0 0 0 47648
0 0 0.00362861 0.1837 0.413584 0.437561 0.00375626 0.00178013 0.0187973 0.243905 0 0 0 0 0 0 0 0 0 0 0 47705
0 0 0.00281898 0.17762 0.412356 0.241393 0.00396482 0.00206731 0.0206407 0.215439 0 0 0 0 0 0 0 0 0 0 0 47772
0 0 0.00281898 0.17762 0.412356 0.241393 0.00396482 0.00206731 0.0206407 0.215439 0 0 0 0 0 0 0 0 0 0 0 47829
0 0 0.00531551 0.175655 0.304047 0.731571 0.00351122 0.00190732 0.0162775 0.255585 0 0 0 0 0 0 0 0 0 0 0 47904
0 0 0.00531551 0.175655 0.304047 0.731571 0.00351122 0.00190732 0.0162775 0.255585 0 0 0 0 0 0 0 0 0 0 0 47958
0 0 0 0 0 0 0 0 0 0 0 0 0 0 0 0 0 0 0 0 0 48015
0 0 0 0 0 0 0 0 0 0 0 0 0 0 0 0 0 0 0 0 0 48070
0 0 0 0 0 0 0 0 0 0 0 0 0 0 0 0 0 0 0 0 0 48122
0 0 0 0 0 0 0 0 0 0 0 0 0 0 0 0 0 0 0 0 0 48175
0 0 0.00201665 0.187501 0.477113 0.143891 0.00439649 0.00194156 0.0227853 0.197096 0 0 0 0 0 0 0 0 0 0 0 48228
0 0 0.00201665 0.187501 0.477113 0.143891 0.00439649 0.00194156 0.0227853 0.197096 0 0 0 0 0 0 0 0 0 0 0 48279
0 0 0.00201665 0.187501 0.477113 0.143891 0.00439649 0.00194156 0.0227853 0.197096 0 0 0 0 0 0 0 0 0 0 0 48334
0 0 0.00238934 0.180595 0.449775 0.117946 0.00426545 0.00212072 0.0222395 0.196506 0 0 0 0 0 0 0 0 0 0 0 48385
0 0 0.00238934 0.180595 0.449775 0.117946 0.00426545 0.00212072 0.0222395 0.196506 0 0 0 0 0 0 0 0 0 0 0 48436
0 0 0.00206291 0.181303 0.636176 0.555191 0.0042413 0.00209381 0.022311 0.197746 0 0 0 0 0 0 0 0 0 0 0 48487
0 0 0.00206291 0.181303 0.636176 0.555191 0.0042413 0.00209381 0.022311 0.197746 0 0 0 0 0 0 0 0 0 0 0 48539
0 0 0.00206291 0.181303 0.636176 0.555191 0.0042413 0.00209381 0.022311 0.197746 0 0 0 0 0 0 0 0 0 0 0 48593
0 0 0.0020984 0.18734 2.48235 65.2876 0.00434817 0.00199138 0.022245 0.202819 0 0 0 0 0 0 0 0 0 0 0 48645
0 0 0.0020984 0.18734 2.48235 65.2876 0.00434817 0.00199138 0.022245 0.202819 0 0 0 0 0 0 0 0 0 0 0 48698
0 0 0.0021047 0.188079 0.986126 2.72616 0.00391206 0.00201856 0.0214663 0.22297 0 0 0 0 0 0 0 0 0 0 0 48751
0 0 0.0021047 0.188079 0.986126 2.72616 0.00391206 0.00201856 0.0214663 0.22297 0 0 0 0 0 0 0 0 0 0 0 48802
0 0 0.0021047 0.188079 0.986126 2.72616 0.00391206 0.00201856 0.0214663 0.22297 0 0 0 0 0 0 0 0 0 0 0 48853
0 0 0.00208487 0.186249 0.461546 0.103902 0.00210509 0.00206288 0.0214061 0.320159 0 0 0 0 0 0 0 0 0 0 0 48906
0 0 0.00208487 0.186249 0.461546 0.103902 0.00210509 0.00206288 0.0214061 0.320159 0 0 0 0 0 0 0 0 0 0 0 48957
0 0 0.00205123 0.185675 0.442896 0.130866 0.00197727 0.00206823 0.0217166 0.332037 0 0 0 0 0 0 0 0 0 0 0 49013
0 0 0.00205123 0.185675 0.442896 0.130866 0.00197727 0.00206823 0.0217166 0.332037 0 0 0 0 0 0 0 0 0 0 0 49064
0 0 0.00205123 0.185675 0.442896 0.130866 0.00197727 0.00206823 0.0217166 0.332037 0 0 0 0 0 0 0 0 0 0 0 49117
0 0 0.00187351 0.186412 0.424848 0.12392 0.0030091 0.00197531 0.0238129 0.250832 0 0 0 0 0 0 0 0 0 0 0 49169
0 0 0.00187351 0.186412 0.424848 0.12392 0.0030091 0.00197531 0.0238129 0.250832 0 0 0 0 0 0 0 0 0 0 0 49219
0 0 0.00166894 0.189788 0.425148 0.120497 0.0034128 0.00189679 0.0303571 0.26649 0 0 0 0 0 0 0 0 0 0 0 49273
0 0 0.00166894 0.189788 0.425148 0.120497 0.0034128 0.00189679 0.0303571 0.26649 0 0 0 0 0 0 0 0 0 0 0 49327
0 0 0.00166894 0.189788 0.425148 0.120497 0.0034128 0.00189679 0.0303571 0.26649 0 0 0 0 0 0 0 0 0 0 0 49378
0 0 0.00251259 0.19165 0.42696 0.342708 0.00415694 0.00185234 0.0336222 0.276816 0 0 0 0 0 0 0 0 0 0 0 49428
0 0 0.00251259 0.19165 0.42696 0.342708 0.00415694 0.00185234 0.0336222 0.276816 0 0 0 0 0 0 0 0 0 0 0 49478
0 0 0.00335418 0.191978 0.426075 16.7765 0.00505933 0.00184446 0.0154619 0.266301 -16.427 0 0 0 0 0 0 0 0 0 0 49534
0 0 0.00335418 0.191978 0.426075 16.7765 0.00505933 0.00184446 0.0154619 0.266301 -16.427 0 0 0 0 0 0 0 0 0 0 49584
0 0 0.00184799 0.192117 0.432927 9.16553 0.00583975 0.00187051 0.024888 0.290447 -14.9131 0 0 0 0 0 0 0 0 0 0 49635
0 0 0.00184799 0.192117 0.432927 9.16553 0.00583975 0.00187051 0.024888 0.290447 -14.9131 0 0 0 0 0 0 0 0 0 0 49687
0 0 0.00184799 0.192117 0.432927 9.16553 0.00583975 0.00187051 0.024888 0.290447 -14.9131 0 0 0 0 0 0 0 0 0 0 49738
0 0 0.00240679 0.192438 0.453662 0.102631 0.00445151 0.00193469 0.0220642 0.218458 0 0 0 0 0 0 0 0 0 0 0 49792
0 0 0.00240679 0.192438 0.453662 0.102631 0.00445151 0.00193469 0.0220642 0.218458 0 0 0 0 0 0 0 0 0 0 0 49843
0 0 0.00240679 0.192438 0.453662 0.102631 0.00445151 0.00193469 0.0220642 0.218458 0 0 0 0 0 0 0 0 0 0 0 49895
0 0 0.00250919 0.192437 0.478834 0.117173 0.00438986 0.00200456 0.0203616 0.225345 0 0 0 0 0 0 0 0 0 0 0 49947
0 0 0.00250919 0.192437 0.478834 0.117173 0.00438986 0.00200456 0.0203616 0.225345 0 0 0 0 0 0 0 0 0 0 0 49998
0 0 0.00227578 0.192444 0.507037 0.124595 0.00409025 0.0019529 0.0216305 0.225265 0 0 0 0 0 0 0 0 0 0 0 50049
0 0 0.00227578 0.192444 0.507037 0.124595 0.00409025 0.0019529 0.0216305 0.225265 0 0 0 0 0 0 0 0 0 0 0 50101
0 0 0.00216109 0.192612 0.50094 0.142624 0.00384552 0.00190025 0.0226116 0.224608 0 0 0 0 0 0 0 0 0 0 0 50153
0 0 0.00216109 0.192612 0.50094 0.142624 0.00384552 0.00190025 0.0226116 0.224608 0 0 0 0 0 0 0 0 0 0 0 50204
0 0 0.00216109 0.192612 0.50094 0.142624 0.00384552 0.00190025 0.0226116 0.224608 0 0 0 0 0 0 0 0 0 0 0 50256
0 0 0.00224074 0.192591 0.497156 0.133878 0.00389455 0.00189069 0.0226612 0.221653 0 0 0 0 0 0 0 0 0 0 0 50308
0 0 0.00224074 0.192591 0.497156 0.133878 0.00389455 0.00189069 0.0226612 0.221653 0 0 0 0 0 0 0 0 0 0 0 50362
0 0 0.00345511 0.192571 0.598747 0.270084 0.00374165 0.00248 0.0132454 0.332523 0 0 0 0 0 0 0 0 0 0 0 50415
0 0 0.00345511 0.192571 0.598747 0.270084 0.00374165 0.00248 0.0132454 0.332523 0 0 0 0 0 0 0 0 0 0 0 50468
0 0 0.00345511 0.192571 0.598747 0.270084 0.00374165 0.00248 0.0132454 0.332523 0 0 0 0 0 0 0 0 0 0 0 50519
0 0 0.0126684 0.192529 1.23026 4.10021 0.0033298 0.00504714 0.0034537 0.931198 0 0 0 0 0 0 0 0 0 0 0 50571
0 0 0.0126684 0.192529 1.23026 4.10021 0.0033298 0.00504714 0.0034537 0.931198 0 0 0 0 0 0 0 0 0 0 0 50623
0 0 0.0126684 0.192529 1.23026 4.10021 0.0033298 0.00504714 0.0034537 0.931198 0 0 0 0 0 0 0 0 0 0 0 50675
0 0 0.0423516 0.192435 2.29321 36.4276 0.00308129 0.00979781 0.00103626 2.39065 0 0 0 0 0 0 0 0 0 0 0 50726
0 0 0.0423516 0.192435 2.29321 36.4276 0.00308129 0.00979781 0.00103626 2.39065 0 0 0 0 0 0 0 0 0 0 0 50779
0 0 0.0509798 0.192423 2.5266 46.2227 0.0030709 0.010873 0.000781373 2.76205 0 0 0 0 0 0 0 0 0 0 0 50831
0 0 0.0509798 0.192423 2.5266 46.2227 0.0030709 0.010873 0.000781373 2.76205 0 0 0 0 0 0 0 0 0 0 0 50884
0 0 0.0509798 0.192423 2.5266 46.2227 0.0030709 0.010873 0.000781373 2.76205 0 0 0 0 0 0 0 0 0 0 0 50937
0 0 0.0448519 0.192542 2.34798 40.3665 0.00372939 0.0102171 0.000728513 2.31196 0 0 0 0 0 0 0 0 0 0 0 50987
0 0 0.0448519 0.192542 2.34798 40.3665 0.00372939 0.0102171 0.000728513 2.31196 0 0 0 0 0 0 0 0 0 0 0 51039
0 0 0.0475896 0.192462 2.43164 44.4081 0.00443085 0.0106682 0.000795681 2.33194 0 0 0 0 0 0 0 0 0 0 0 51094
0 0 0.0475896 0.192462 2.43164 44.4081 0.00443085 0.0106682 0.000795681 2.33194 0 0 0 0 0 0 0 0 0 0 0 51147
0 0 0.0475896 0.192462 2.43164 44.4081 0.00443085 0.0106682 0.000795681 2.33194 0 0 0 0 0 0 0 0 0 0 0 51201
0 0 0.0375908 0.19165 2.14194 32.7755 0.00721729 0.0094952 0.00101739 1.926 0 0 0 0 0 0 0 0 0 0 0 51251
0 0 0.0375908 0.19165 2.14194 32.7755 0.00721729 0.0094952 0.00101739 1.926 0 0 0 0 0 0 0 0 0 0 0 51301
0 0 0.00978864 0.191832 1.02426 2.50083 0.0110863 0.00447753 0.00239619 0.670585 -0.269806 0 0 0 0 0 0 0 0 0 0 51354
0 0 0.00978864 0.191832 1.02426 2.50083 0.0110863 0.00447753 0.00239619 0.670585 -0.269806 0 0 0 0 0 0 0 0 0 0 51404
0 0 0.002282 0.192027 0.463656 0.492034 0.0164708 0.00200455 0.0135688 0.219239 0 0 0 0 0 0 0 0 0 0 0 51455
0 0 0.002282 0.192027 0.463656 0.492034 0.0164708 0.00200455 0.0135688 0.219239 0 0 0 0 0 0 0 0 0 0 0 51505
0 0 0.002282 0.192027 0.463656 0.492034 0.0164708 0.00200455 0.0135688 0.219239 0 0 0 0 0 0 0 0 0 0 0 51556
0 0 0.00214747 0.192017 0.429762 0.170019 0.0168246 0.00185683 0.0198023 0.195542 0 0 0 0 0 0 0 0 0 0 0 51606
0 0 0.00214747 0.192017 0.429762 0.170019 0.0168246 0.00185683 0.0198023 0.195542 0 0 0 0 0 0 0 0 0 0 0 51658
0 0 0.00214747 0.192017 0.429762 0.170019 0.0168246 0.00185683 0.0198023 0.195542 0 0 0 0 0 0 0 0 0 0 0 51710
0 0 0.00220438 0.192431 0.42797 2.00169 0.0129715 0.00183649 0.0112337 0.19341 -2.12215 0 0 0 0 0 0 0 0 0 0 51762
0 0 0.00220438 0.192431 0.42797 2.00169 0.0129715 0.00183649 0.0112337 0.19341 -2.12215 0 0 0 0 0 0 0 0 0 0 51814
0 0 0.00210831 0.192501 0.428749 0.953648 0.00687276 0.00183924 0.013323 0.19387 0 0 0 0 0 0 0 0 0 0 0 51866
0 0 0.00210831 0.192501 0.428749 0.953648 0.00687276 0.00183924 0.013323 0.19387 0 0 0 0 0 0 0 0 0 0 0 51917
0 0 0.00210831 0.192501 0.428749 0.953648 0.00687276 0.00183924 0.013323 0.19387 0 0 0 0 0 0 0 0 0 0 0 51969
0 0 0.00204831 0.192609 0.436025 0.0856075 0.00498065 0.00186762 0.0230609 0.198427 0 0 0 0 0 0 0 0 0 0 0 52019
0 0 0.00204831 0.192609 0.436025 0.0856075 0.00498065 0.00186762 0.0230609 0.198427 0 0 0 0 0 0 0 0 0 0 0 52069
0 0 0.002038 0.192662 0.434766 0.0846852 0.00460957 0.00186183 0.0232607 0.197678 0 0 0 0 0 0 0 0 0 0 0 52121
0 0 0.002038 0.192662 0.434766 0.0846852 0.00460957 0.00186183 0.0232607 0.197678 0 0 0 0 0 0 0 0 0 0 0 52172
0 0 0.002038 0.192662 0.434766 0.0846852 0.00460957 0.00186183 0.0232607 0.197678 0 0 0 0 0 0 0 0 0 0 0 52222
0 0 0.00207873 0.192677 0.439184 0.0883255 0.00454599 0.00188166 0.0228141 0.200685 0 0 0 0 0 0 0 0 0 0 0 52273
0 0 0.00207873 0.192677 0.439184 0.0883255 0.00454599 0.00188166 0.0228141 0.200685 0 0 0 0 0 0 0 0 0 0 0 52324
0 0 0.00207873 0.192677 0.439184 0.0883255 0.00454599 0.00188166 0.0228141 0.200685 0 0 0 0 0 0 0 0 0 0 0 52375
0 0 0.00198353 0.192671 0.428288 0.080002 0.0045284 0.00183449 0.023905 0.193929 0 0 0 0 0 0 0 0 0 0 0 52426
0 0 0.00198353 0.192671 0.428288 0.080002 0.0045284 0.00183449 0.023905 0.193929 0 0 0 0 0 0 0 0 0 0 0 52477
0 0 0.0019884 0.192672 0.429734 0.0807679 0.00446685 0.00183712 0.0238757 0.195724 0 0 0 0 0 0 0 0 0 0 0 52529
0 0 0.0019884 0.192672 0.429734 0.0807679 0.00446685 0.00183712 0.0238757 0.195724 0 0 0 0 0 0 0 0 0 0 0 52581
0 0 0.00199614 0.192673 0.433627 0.0833452 0.00409702 0.00184014 0.0240981 0.205638 0 0 0 0 0 0 0 0 0 0 0 52633
0 0 0.00199614 0.192673 0.433627 0.0833452 0.00409702 0.00184014 0.0240981 0.205638 0 0 0 0 0 0 0 0 0 0 0 52685
0 0 0.00199614 0.192673 0.433627 0.0833452 0.00409702 0.00184014 0.0240981 0.205638 0 0 0 0 0 0 0 0 0 0 0 52737
