0 0  -2.06081 3.32859 61.1427 1.96255 -0.286135 71.04 3.82305 4.4112 0.51285 0.615234 3480
0 0  -2.13963 3.31821 61.2636 2.08016 -0.316773 70.9585 3.77542 4.398 0.513542 0.615601 3536
0 0  -2.14854 3.31364 61.2736 2.08303 -0.294819 70.9394 3.7954 4.39254 0.506348 0.621165 3590
0 0  -2.16602 3.30503 61.2938 2.0853 -0.293872 70.9367 3.74968 4.35718 0.506468 0.621891 3640
0 0  -2.16819 3.30654 61.2993 2.09665 -0.294299 70.9271 3.66801 4.31093 0.505936 0.622714 3694
0 0  -2.15944 3.33438 61.3166 2.09981 -0.312693 70.9382 3.62417 4.28321 0.505163 0.622899 3748
0 0  -2.16215 3.33192 61.3184 2.10532 -0.32094 70.9396 3.62061 4.2708 0.505365 0.622675 3799
0 0  -2.17299 3.32672 61.3312 2.10362 -0.334049 70.9511 3.61199 4.25548 0.504763 0.622307 3850
0 0  -2.18225 3.33208 61.3536 2.10636 -0.347098 70.9586 3.61482 4.2373 0.504755 0.622355 3901
0 0  -2.1882 3.33169 61.3636 2.1165 -0.359119 70.9589 3.58716 4.2344 0.504829 0.621971 3955
0 0  -2.18693 3.33797 61.3688 2.12653 -0.371726 70.9597 3.6129 4.21873 0.504087 0.62234 4007
0 0  -2.18344 3.34693 61.3733 2.13883 -0.373976 70.9507 3.63515 4.252 0.503356 0.62216 4057
0 0  -2.17415 3.35199 61.363 2.1415 -0.373258 70.9479 3.61658 4.26455 0.502612 0.622493 4111
0 0  -2.22711 3.30794 61.4042 2.16482 -0.375326 70.9292 3.67313 4.23721 0.502304 0.622725 4165
0 0  -2.7012 3.04061 61.9927 3.14084 -0.429722 70.2195 3.64682 4.35003 0.48347 0.635742 4216
0 0  -2.70669 3.04798 62.0138 3.12226 -0.438534 70.2384 3.71386 4.35631 0.440554 0.662524 4269
0 0  -2.69365 3.06711 62.0108 3.12248 -0.451579 70.2475 3.71016 4.35134 0.442171 0.662377 4320
0 0  -2.66798 3.07254 61.9637 3.13679 -0.462204 70.2453 3.71381 4.38379 0.441894 0.662117 4371
0 0  -2.12062 2.91843 60.8042 3.50336 -0.503269 70.0351 3.75005 4.29693 0.441299 0.662161 4422
0 0  0 0 0 0 0 0 0 0 0.43104 0.665281 4473
0 0  -1.63959 2.82384 60.0287 2.3196 -0.215892 70.6809 3.35754 4.35267 1.01387 0.812277 4524
0 0  -1.7514 2.90303 60.2481 1.83212 0.229152 70.7878 3.89577 4.45873 0.509688 0.627128 4575
0 0  -1.27547 2.93984 59.6732 1.3757 0.365397 71.124 3.94372 4.52576 0.523395 0.626397 4628
0 0  0.480562 3.14794 58.4441 -0.929426 1.4909 73.4014 4.04704 4.45119 0.629805 0.534255 4680
0 0  0.359782 3.16275 58.5475 -1.01689 1.5001 73.5578 4.03304 4.48932 0.677795 0.350124 4733
0 0  0.312445 3.18066 58.5976 -1.04556 1.51124 73.604 3.98703 4.45642 0.68832 0.340884 4784
0 0  0.274302 3.1877 58.633 -1.04799 1.50994 73.6098 3.95876 4.45706 0.689126 0.33804 4837
0 0  -1.88218 2.03265 60.0054 1.45091 1.5129 70.3855 3.87833 4.43008 0.693606 0.341311 4891
0 0  0 0 0 0 0 0 0 0 0.550384 0.683172 4944
0 0  0 0 0 0 0 0 0 0 0.389554 0.6816 4997
0 0  -1.36913 -0.786678 58.2168 0 0 0 3.86893 0 0.480375 0.256842 5049
0 0  -1.41143 2.44394 59.7252 0.776458 1.27 71.1744 3.64499 4.17359 1.01387 0.812277 5100
0 0  -1.56213 2.41474 59.8825 0.62664 1.3622 71.2856 3.62017 4.1847 0.596951 0.643545 5150
0 0  -1.58139 2.41501 59.9061 0.574011 1.38842 71.3296 3.60162 4.14276 0.602157 0.647603 5202
0 0  -1.45909 3.04444 60.2654 1.05007 0.532069 71.3439 3.63626 4.0893 0.607269 0.649674 5253
0 0  -1.3089 3.75834 60.7653 1.38108 -0.480963 71.7724 3.71215 4.20422 0.588 0.628964 5306
0 0  -1.37091 3.71574 60.8036 1.31466 -0.423774 71.795 3.65245 4.16577 0.533011 0.558457 5355
0 0  -1.39679 3.71634 60.8397 1.27698 -0.390458 71.8077 3.64342 4.14903 0.538627 0.557178 5409
0 0  -1.1969 4.0136 60.8966 1.31821 -0.732257 72.0697 3.60078 4.12478 0.542601 0.554735 5462
0 0  -1.22291 4.0137 60.9322 1.31466 -0.727314 72.069 3.54533 4.02843 0.521447 0.545728 5515
0 0  -1.23706 4.02719 60.9672 1.2844 -0.729072 72.1053 3.49963 4.01194 0.52395 0.545287 5566
0 0  -1.24839 4.02295 60.978 1.2749 -0.737207 72.124 3.49026 4.00204 0.524816 0.544255 5619
0 0  -1.06458 3.99464 60.7002 1.45506 -0.796128 71.9767 3.49343 3.97706 0.525725 0.542221 5672
0 0  0 0 0 0 0 0 0 0 0.511745 0.553691 5722
0 0  0 0 0 0 0 0 0 0 1.01387 0.812277 5777
0 0  -1.31502 2.99587 60.0456 1.21497 0.435825 71.2376 3.58332 3.97913 0.389554 0.6816 5831
0 0  -1.42001 2.99112 60.1699 1.06326 0.463511 71.3771 3.63126 4.18887 0.565281 0.594982 5884
0 0  -2.15602 2.52126 60.7632 2.12736 0.539554 70.3398 3.81643 4.23298 0.575425 0.590972 5937
0 0  -3.03353 1.95856 61.7496 3.52385 0.571455 69.3629 3.9751 4.46866 0.457276 0.667714 5991
0 0  -3.07508 2.01814 61.8883 3.34754 0.607934 69.4472 3.96629 4.49893 0.398593 0.681432 6045
0 0  -3.09068 2.01269 61.9146 3.30965 0.629143 69.4588 3.95763 4.55582 0.413588 0.681384 6098
0 0  -3.15503 1.91429 61.9513 3.25831 0.73802 69.4325 3.92766 4.61152 0.41616 0.681895 6152
0 0  -1.5667 3.12977 60.482 1.48816 -0.12986 71.3727 3.94498 4.53889 0.415873 0.682321 6203
0 0  -1.23043 3.54815 60.4464 1.07785 -0.165295 71.8397 3.85703 4.54147 0.54639 0.54544 6257
0 0  -1.41398 3.37615 60.5144 0.972955 0.110509 71.7363 3.8093 4.51114 0.553889 0.543187 6310
0 0  -1.55046 3.21403 60.5394 0.873756 0.32932 71.6822 3.76953 4.47101 0.577447 0.558668 6362
0 0  -1.59174 3.1318 60.5172 0.802376 0.449726 71.6753 3.73061 4.46184 0.586662 0.567566 6416
0 0  -1.77446 2.84305 60.502 0.794274 0.678341 71.5239 3.68768 4.46782 0.59598 0.575938 6468
0 0  -3.13974 0.488483 60.8837 1.77266 2.86934 69.589 3.80874 4.51952 0.578054 0.634957 6520
0 0  -3.07718 0.672855 60.8816 1.77202 2.75684 69.6238 3.79144 4.51986 0.419193 0.700665 6574
0 0  -3.04759 0.736744 60.8692 1.82036 2.64041 69.6231 3.78546 4.53375 0.422863 0.702293 6625
0 0  -2.97461 0.854759 60.8184 1.86565 2.53707 69.6221 3.77506 4.55128 0.430318 0.704371 6679
0 0  -2.87318 1.02704 60.7589 1.82121 2.45798 69.6837 3.82105 4.58527 0.435456 0.704737 6733
0 0  -3.66021 0.493908 61.8676 4.48031 2.264 68.18 3.96606 4.60138 0.441029 0.706003 6786
0 0  -3.74174 0.707595 62.1965 3.78924 2.06461 68.5664 4.01471 4.74511 0.296948 0.639775 6841
0 0  -2.90981 1.28603 60.9884 2.40665 2.12317 69.3711 4.01069 4.64654 0.363144 0.67103 6893
0 0  -3.20142 1.52308 61.6953 3.67851 1.20515 68.9656 4.02698 4.65521 0.409815 0.689159 6946
0 0  -3.11149 1.83525 61.7896 2.98553 1.18283 69.3816 3.93453 4.69707 0.370405 0.678814 6999
0 0  -2.84058 2.00995 61.4345 2.52396 1.23272 69.6671 3.98124 4.63788 0.40206 0.683422 7049
0 0  -2.83392 2.09802 61.5013 2.41582 1.23248 69.7445 3.97085 4.5436 0.456153 0.686792 7102
0 0  -3.07606 1.63495 61.5472 2.48015 1.73369 69.4732 3.97221 4.53048 0.461738 0.68619 7154
0 0  -3.12703 1.69516 61.6958 2.57828 1.65985 69.4366 3.94583 4.50922 0.436452 0.692794 7207
0 0  -3.12372 1.72113 61.712 2.57134 1.62507 69.4561 3.94242 4.5069 0.432483 0.690976 7259
0 0  -3.27565 1.647 61.9527 2.95932 1.57514 69.2229 3.87401 4.53358 0.433508 0.691025 7310
0 0  -3.27805 1.69049 61.9973 2.90854 1.54334 69.2685 3.97854 4.53602 0.409416 0.686033 7361
0 0  -3.22419 1.75187 61.9415 2.87668 1.52435 69.297 4.0208 4.5662 0.412866 0.686651 7413
0 0  -3.22104 1.75882 61.9414 2.84127 1.49367 69.3331 4.11153 4.61985 0.418141 0.687197 7466
0 0  -3.17008 1.80632 61.8807 2.80193 1.47373 69.3675 4.1405 4.67476 0.420601 0.687611 7517
0 0  -3.18854 1.78531 61.899 2.82221 1.47416 69.354 4.15691 4.69068 0.424812 0.687839 7570
0 0  -3.33649 1.70732 62.1381 3.12351 1.49415 69.1561 4.18364 4.74044 0.425512 0.687976 7622
0 0  -3.32412 1.69601 62.1006 3.09733 1.47597 69.1798 4.15822 4.76896 0.402392 0.684228 7674
0 0  -3.33435 1.68645 62.1138 3.08918 1.49545 69.1764 4.13673 4.78487 0.404488 0.684634 7726
0 0  -2.30548 2.35496 60.8456 1.80271 0.981205 70.3549 4.18601 4.69346 0.404536 0.684638 7778
0 0  -1.68898 3.23359 60.7481 1.30621 0.560658 71.0621 4.08041 4.76524 0.561206 0.606633 7831
0 0  -1.88659 3.14547 60.9462 1.40614 0.583682 70.9495 4.12356 4.72768 0.559701 0.608584 7886
0 0  -2.2385 3.1537 61.516 2.21601 0.32311 70.4016 4.19195 4.67654 0.551941 0.621169 7937
0 0  -2.83098 2.95539 62.4266 3.17164 0.11932 69.8375 4.23766 4.827 0.5494 0.62595 7992
0 0  -2.76362 3.01736 62.3599 2.91556 0.141159 69.9948 4.26346 4.78252 0.43626 0.670948 8043
0 0  -2.6827 3.08042 62.2689 2.80387 0.129129 70.0802 4.25504 4.82393 0.444758 0.66848 8095
0 0  -2.63391 3.12737 62.2274 2.65226 0.153735 70.1737 4.24909 4.80763 0.45714 0.663848 8146
0 0  -2.79499 3.00734 62.4151 2.83125 0.215237 70.0074 4.28729 4.87739 0.469748 0.658861 8200
0 0  -2.78824 3.01397 62.409 2.75874 0.222341 70.054 4.3555 4.88045 0.465337 0.66158 8252
0 0  -2.71747 3.08547 62.3492 2.70706 0.188933 70.1118 4.35428 4.92302 0.46128 0.664582 8304
0 0  -2.69344 3.11411 62.3352 2.66272 0.164199 70.1595 4.41328 4.9406 0.464452 0.662657 8356
0 0  -2.59854 3.12904 62.1571 2.52253 0.19191 70.2459 4.46579 4.95707 0.467892 0.660264 8406
0 0  -2.62127 3.12313 62.196 2.55404 0.193531 70.2212 4.47392 4.99594 0.476595 0.65666 8459
0 0  -2.62414 3.14348 62.2279 2.58353 0.168081 70.2154 4.51767 5.02511 0.47491 0.657469 8510
0 0  -2.62878 3.17563 62.2792 2.59987 0.138044 70.2224 4.53459 5.02761 0.472967 0.657695 8560
0 0  -2.63813 3.17501 62.2979 2.6352 0.109716 70.2144 4.52247 5.04998 0.471528 0.657218 8615
0 0  -2.63063 3.19847 62.313 2.6546 0.0757517 70.2219 4.54861 5.05507 0.469857 0.657411 8676
0 0  -2.59581 3.22654 62.2771 2.64057 0.0687492 70.2368 4.5446 5.05462 0.469211 0.657342 8727
0 0  -2.55834 3.25813 62.2411 2.59971 0.0495015 70.2797 4.56008 5.04403 0.470117 0.655972 8781
0 0  -2.53505 3.28661 62.2307 2.57112 0.0344403 70.3111 4.49062 5.03868 0.473239 0.653316 8834
0 0  -2.52543 3.29624 62.2237 2.55922 0.0254087 70.326 4.49996 5.03174 0.474617 0.652471 8886
0 0  -2.52686 3.2967 62.2272 2.55062 0.0246401 70.333 4.50702 5.0177 0.475668 0.651461 8937
0 0  -2.51024 3.32402 62.2294 2.54426 0.0127465 70.3458 4.5174 5.03192 0.475418 0.651623 8989
0 0  -2.50711 3.32353 62.2223 2.55425 0.00178946 70.3454 4.50001 4.98533 0.476472 0.650799 9046
0 0  -2.50323 3.32303 62.2138 2.55045 -0.0173665 70.3611 4.50832 5.00854 0.475728 0.650151 9101
0 0  -2.50479 3.34876 62.2511 2.58135 -0.0335618 70.3485 4.4961 4.97466 0.476114 0.649958 9150
0 0  -2.51523 3.34779 62.2713 2.60424 -0.0471049 70.3403 4.48091 4.97558 0.474384 0.650372 9203
0 0  -2.52247 3.34083 62.2769 2.61215 -0.0547011 70.3394 4.48798 4.9686 0.472655 0.651009 9256
0 0  -2.55677 3.32657 62.3291 2.61983 -0.0544615 70.3335 4.52165 4.97516 0.47202 0.651249 9310
0 0  -2.56189 3.32346 62.3356 2.62196 -0.0595096 70.3353 4.489 4.98439 0.471977 0.651798 9365
0 0  -2.56598 3.32326 62.3439 2.62474 -0.0634758 70.3359 4.49755 4.97363 0.471843 0.651745 9417
0 0  -2.58403 3.31157 62.3662 2.67845 -0.0713711 70.3012 4.51883 5.01504 0.471202 0.651888 9470
0 0  -2.61566 3.31412 62.4375 2.75266 -0.0896259 70.2589 4.46491 5.03878 0.468148 0.653558 9523
0 0  -2.73172 2.84367 62.0787 2.34591 0.500362 70.1908 4.5288 5.15329 0.463367 0.655551 9575
0 0  -2.76862 2.7361 62.0282 2.33391 0.655801 70.1094 4.58129 5.03732 0.485786 0.662113 9624
0 0  -2.76921 2.76705 62.065 2.33646 0.64276 70.1149 4.57107 5.07102 0.483867 0.669647 9682
0 0  -2.80637 2.76158 62.1346 2.44666 0.610137 70.0504 4.6094 5.06336 0.483363 0.668682 9734
0 0  -2.82044 2.78004 62.1857 2.51414 0.575594 70.0203 4.66281 5.09157 0.476504 0.669323 9786
0 0  -2.80801 2.80813 62.1933 2.5204 0.543894 70.034 4.665 5.12555 0.473266 0.669584 9841
0 0  -2.80003 2.8166 62.1869 2.54505 0.528907 70.0246 4.65221 5.08649 0.472688 0.668927 9892
0 0  -2.78394 2.82664 62.1654 2.56649 0.503651 70.0236 4.63142 5.11772 0.471059 0.668525 9943
0 0  -2.77999 2.83821 62.1711 2.58778 0.480722 70.0215 4.63929 5.12912 0.470238 0.668855 9995
0 0  -2.78356 2.84207 62.1832 2.60161 0.455927 70.026 4.66378 5.13857 0.468655 0.66808 10047
0 0  -2.77801 2.71519 62.0231 2.4328 0.696125 70.012 4.65664 5.16281 0.468547 0.667895 10101
0 0  -2.77513 2.70842 62.0097 2.4648 0.65155 70.0134 4.62635 5.17006 0.475218 0.671461 10155
0 0  -2.7455 2.73953 61.9858 2.45384 0.637227 70.0296 4.66975 5.16971 0.474887 0.670657 10210
0 0  -2.69676 2.77557 61.9306 2.44781 0.610627 70.0493 4.63097 5.19981 0.475173 0.669791 10263
0 0  -2.68661 2.83037 61.9732 2.43364 0.567371 70.0848 4.63626 5.16763 0.47635 0.66841 10316
0 0  -2.65576 2.80985 61.8896 2.44051 0.555512 70.0865 4.61989 5.19544 0.478119 0.666901 10369
0 0  -2.56263 2.86525 61.7749 2.55456 0.485892 70.0427 4.61802 5.16499 0.47787 0.666459 10421
0 0  -1.86543 3.40196 61.1824 0 0 0 4.64352 0 0.465995 0.665204 10471
0 0  -2.15237 3.22899 61.4538 0 0 0 4.40231 0 1.01387 0.812277 10524
0 0  -2.44579 3.08263 61.8048 3.07555 0.0478048 69.945 4.45249 5.17212 0.376336 0.704696 10574
0 0  -2.51871 3.06505 61.9215 2.96935 0.0901062 69.9899 4.49594 5.16007 0.440217 0.665493 10624
0 0  -2.54122 3.06404 61.9636 2.93653 0.104997 70.003 4.49411 5.15801 0.448228 0.664366 10679
0 0  -2.55711 3.06937 62.001 2.93412 0.0938775 70.0116 4.49689 5.16761 0.448928 0.664349 10732
0 0  -2.5205 3.04181 61.8975 2.7524 0.174553 70.0882 4.51518 5.11102 0.449939 0.66398 10783
0 0  -2.52169 3.04568 61.9043 2.74398 0.153947 70.1072 4.51038 5.14309 0.46055 0.661337 10839
0 0  -2.52815 3.16936 62.0667 2.84419 0.0228465 70.1194 4.49064 5.12629 0.462298 0.660817 10892
0 0  -2.53658 3.15569 62.0664 2.83215 0.0443152 70.1141 4.4595 5.13154 0.456202 0.660158 10945
0 0  -2.53894 3.16023 62.0767 2.82915 0.0402265 70.1189 4.4589 5.13451 0.456851 0.660254 10996
0 0  -2.53389 3.21991 62.1419 2.9091 -0.0574482 70.1261 4.44593 5.08755 0.457217 0.660416 11049
0 0  -2.53259 3.2402 62.1653 2.86751 -0.04253 70.1455 4.46722 5.11325 0.45359 0.660666 11101
0 0  -2.52475 3.24783 62.1593 2.85691 -0.0359675 70.1487 4.48735 5.10991 0.455024 0.659159 11152
0 0  -2.53046 3.22707 62.1442 2.8576 -0.0165057 70.1355 4.44555 5.10335 0.455551 0.658932 11205
0 0  -2.50551 3.27791 62.1594 2.86255 -0.0938842 70.1828 4.41868 5.09253 0.455505 0.659386 11258
0 0  -2.50793 3.26441 62.1469 2.86185 -0.0763334 70.1717 4.43008 5.10165 0.456195 0.657857 11308
0 0  -2.51139 3.2856 62.1812 2.85771 -0.0921504 70.1851 4.44161 5.10006 0.455406 0.657912 11360
0 0  -2.50619 3.30087 62.1907 2.86987 -0.105013 70.185 4.44024 5.10087 0.455483 0.657766 11409
0 0  -2.51928 3.32757 62.2526 2.87821 -0.104286 70.1786 4.4447 5.11482 0.454928 0.657766 11465
0 0  -2.52009 3.33441 62.2634 2.89139 -0.115064 70.1765 4.46159 5.09155 0.453698 0.658203 11516
0 0  -2.52805 3.32917 62.2728 2.91834 -0.13704 70.1722 4.49523 5.11595 0.453723 0.658093 11569
0 0  -2.5102 3.33697 62.2465 2.9422 -0.157984 70.1695 4.48987 5.12134 0.452064 0.658483 11623
0 0  -1.92328 3.56007 61.4533 2.10675 -0.115879 70.7875 4.54752 5.10195 0.494378 0.627555 11675
0 0  -1.98039 3.55914 61.5467 2.14433 -0.121328 70.7593 4.54027 5.1065 0.501622 0.621534 11727
0 0  -2.03231 3.54221 61.6141 2.19373 -0.120813 70.7173 4.52387 5.14724 0.499695 0.624211 11782
0 0  -1.83282 3.56889 61.3182 1.89599 -0.015421 70.9003 4.52492 5.1325 0.496925 0.627152 11834
0 0  -1.88812 3.55773 61.3935 1.90952 -0.00929121 70.8838 4.55661 5.12918 0.5159 0.614087 11886
0 0  -1.91212 3.54429 61.4166 1.90933 -0.0215316 70.8927 4.56606 5.14849 0.515925 0.614857 11937
0 0  -1.92324 3.5471 61.438 1.90634 -0.0152771 70.8909 4.57857 5.12807 0.516232 0.614933 11987
0 0  -1.91019 3.61592 61.498 1.89668 -0.0554162 70.9284 4.62343 5.16368 0.515797 0.615788 12043
0 0  -1.9287 3.60183 61.5117 1.92794 -0.0445112 70.8926 4.58244 5.12787 0.514481 0.613876 12096
0 0  -1.95799 3.59392 61.551 1.95544 -0.0455786 70.8689 4.60853 5.15935 0.513945 0.615179 12147
0 0  -1.95549 3.59078 61.543 1.88712 -0.0332236 70.921 4.64279 5.15949 0.512374 0.61699 12199
0 0  -1.80208 3.64709 61.3603 1.75557 -0.0174051 71.0298 4.6442 5.1471 0.523278 0.606544 12251
0 0  -1.79952 3.65113 61.361 1.75206 -0.0119334 71.0291 4.64354 5.12761 0.524343 0.604886 12302
0 0  -2.25682 3.45392 61.9044 2.55405 -0.103298 70.4164 4.56943 5.15659 0.525171 0.603621 12353
0 0  -2.27168 3.46782 61.9497 2.47355 -0.0924448 70.4712 4.65631 5.13979 0.473233 0.644332 12406
0 0  -2.20617 3.50309 61.8731 2.40239 -0.114374 70.5424 4.59095 5.13984 0.481097 0.641314 12458
0 0  -1.63815 3.30977 60.7523 2.51583 0.212418 70.238 4.43967 4.14033 0.483533 0.639223 12511
0 0  0 0 0 0 0 0 0 0 0.150266 0.762661 12562
0 0  -1.68718 3.55481 61.0794 0 0 0 4.18531 0 0.389554 0.6816 12615
0 0  -1.85926 3.58527 61.3792 2.35835 -0.242768 70.6687 4.55891 5.08878 1.01387 0.812277 12669
0 0  -2.0242 3.53753 61.5947 2.16093 -0.0945492 70.7262 4.62793 5.13174 0.493801 0.627119 12724
0 0  -2.06899 3.5234 61.6543 2.11426 -0.0486537 70.7334 4.64063 5.1576 0.498244 0.626397 12776
0 0  -2.5803 3.48757 62.6082 3.17567 -0.354661 70.1436 4.59076 5.20807 0.491955 0.631825 12826
0 0  -2.58566 3.51207 62.6569 3.10698 -0.333958 70.1757 4.59263 5.22194 0.433547 0.662937 12877
0 0  -2.58776 3.50883 62.6568 3.04972 -0.324576 70.2084 4.60623 5.21241 0.440423 0.660652 12929
0 0  -2.57932 3.48038 62.5953 2.99339 -0.304691 70.2337 4.65591 5.25437 0.444175 0.659156 12982
0 0  -1.88115 2.57245 60.4156 0.676615 1.7285 71.0358 4.66646 5.68554 0.447693 0.657659 13033
0 0  -0.993132 0.593509 58.2885 -0.88068 4.54579 72.0171 4.70803 5.43407 0.502581 0.641715 13083
0 0  -1.23381 0.764379 58.586 -0.694529 4.34098 71.7886 4.60043 5.24489 0.483286 0.793071 13135
0 0  -1.10815 0.985068 58.5604 -0.556161 4.11813 71.6448 4.78769 5.36728 0.484095 0.789425 13186
0 0  0.522387 3.87865 58.9747 -0.774745 0.845123 73.6588 4.59034 5.13795 0.571638 0.81215 13240
0 0  -0.177931 3.75428 59.4813 -0.647731 1.02624 73.2691 4.55805 5.21187 0.57204 0.323681 13294
0 0  -0.635665 3.47546 59.6944 -0.468591 1.23249 72.8117 4.58345 5.20695 0.6388 0.354169 13348
0 0  0.442912 3.85672 59.0206 -1.21038 1.22773 74.1898 4.58855 5.29068 0.685554 0.4671 13400
0 0  0.192191 3.79332 59.1781 -1.14299 1.2043 74.0654 4.55173 5.21432 0.623377 0.266096 13454
0 0  0.0986779 3.78878 59.2564 -1.13086 1.1478 74.0926 4.51557 5.19884 0.645517 0.28127 13505
0 0  0.00850367 3.81399 59.3597 -1.02907 1.02293 73.9965 4.4342 5.13256 0.646545 0.284803 13561
0 0  2.50745 2.81854 57.0469 -2.54833 2.71058 77.0628 4.44992 5.19039 0.643077 0.302872 13622
0 0  4.49499 2.13345 56.2133 0 0 0 4.55813 0 0.98877 0.363864 13675
0 0  3.29296 2.29219 56.6183 -2.92861 4.25857 79.6283 4.4001 5.26205 1.01387 0.812277 13728
0 0  1.69646 2.41111 57.368 -2.47959 3.32359 76.0074 4.34894 5.12274 1.01387 0.812277 13780
0 0  1.16095 2.6305 57.7969 0 0 0 4.51664 0 0.76345 0.263284 13831
0 0  -0.484968 2.26926 58.8108 0 0 0 4.20998 0 1.01387 0.812277 13885
0 0  -0.877564 2.14126 59.0994 -0.0818028 1.95558 71.5432 4.22062 4.54417 0.651481 0.631217 13938
0 0  -1.01322 2.09552 59.2057 -0.0947961 1.91363 71.5821 4.15486 4.59846 0.649992 0.660419 13993
0 0  -1.07707 2.07483 59.2578 -0.126113 1.9208 71.619 4.07508 4.57046 0.650503 0.666166 14046
0 0  -1.10973 2.05803 59.2809 -0.149634 1.91004 71.6556 4.05689 4.54176 0.652988 0.671262 14098
0 0  -1.14351 2.04788 59.3095 -0.182727 1.95017 71.6779 4.03166 4.53733 0.654032 0.672309 14151
0 0  -1.15938 2.03296 59.3168 -0.191036 1.96886 71.679 3.96677 4.48873 0.656518 0.675595 14201
0 0  -1.04431 2.09473 59.2367 -0.136668 1.91247 71.6373 3.9081 4.42596 0.656959 0.677884 14256
0 0  0 0 0 0 0 0 0 0 0.64761 0.66615 14308
0 0  -1.5147 0.456491 58.8935 0 0 0 4.10865 0 0.599197 0.667561 14361
0 0  -0.170745 2.91878 58.9592 -0.503153 1.29183 72.548 3.72729 3.90422 1.01374 0.812178 14413
0 0  -0.380843 2.83594 59.0883 -0.577166 1.30955 72.653 3.73264 4.15539 0.681379 0.46321 14468
0 0  -0.516753 2.79827 59.1877 -0.571378 1.35021 72.6143 3.72179 4.20421 0.693369 0.472816 14518
0 0  -0.60144 2.75214 59.2356 -0.548771 1.36541 72.5674 3.74675 4.23117 0.698418 0.496105 14570
0 0  -0.918697 2.69224 59.5089 -0.261397 1.29102 72.1845 3.75976 4.24081 0.699504 0.505541 14623
0 0  -0.962761 2.70262 59.5624 -0.263827 1.2683 72.2035 3.82048 4.28162 0.679423 0.554932 14676
0 0  -0.975107 2.68938 59.5658 -0.263892 1.26504 72.2058 3.83184 4.3033 0.679377 0.556697 14729
0 0  -0.993852 2.65393 59.5597 -0.243902 1.255 72.1838 3.8846 4.3493 0.679843 0.555338 14780
0 0  -1.00947 2.63639 59.5635 -0.234927 1.26467 72.1643 3.91226 4.41247 0.679617 0.559078 14835
0 0  -1.50868 2.81129 60.2696 0.775894 0.549163 71.37 3.86951 4.51066 0.67879 0.562696 14895
0 0  -1.52508 2.83876 60.3128 0.711707 0.542804 71.4481 3.87707 4.43725 0.610283 0.591326 14946
0 0  -1.51242 2.84668 60.3036 0.639387 0.557829 71.5219 3.84679 4.43005 0.601779 0.585381 14998
0 0  -1.49277 2.86856 60.2974 0.557986 0.575043 71.6065 3.88481 4.43618 0.607273 0.582128 15047
0 0  -1.44003 2.92293 60.2776 0.464977 0.57783 71.7182 3.8871 4.41652 0.611839 0.577697 15102
0 0  -1.21557 3.05082 60.1153 0.265816 0.578006 71.9726 3.88764 4.42091 0.620615 0.565541 15153
0 0  -1.27592 2.98214 60.1289 0.740038 0.551403 71.4093 3.82473 4.2893 0.629423 0.538213 15205
0 0  0 0 0 0 0 0 0 0 0.593685 0.564657 15255
0 0  -3.22621 -1.35105 60.4946 1.62333 4.99891 69.0653 3.8181 1.41451 1.01374 0.812178 15309
0 0  -2.95799 -3.38169 59.9993 2.43968 7.17305 68.59 4.17477 4.27842 0.183886 0.578224 15364
0 0  -2.39179 -2.62446 59.2367 1.24565 6.85439 69.4313 3.65955 4.27519 0.149391 0.54749 15418
0 0  -2.07553 -2.19468 58.8904 1.09904 6.91177 69.565 3.59673 3.47897 0.257551 0.359135 15469
0 0  -2.053 -2.04365 58.8764 0.523621 6.61365 70.061 3.98631 4.16864 0.259861 0.386889 15522
0 0  -1.98789 -2.0594 58.8044 0.205303 7.65676 70.5848 4.05069 2.39799 0.286019 0.46502 15575
0 0  -1.5254 -0.291038 58.6505 -0.117714 3.8094 70.8961 3.86531 4.11848 0.263467 0.317242 15631
0 0  0.145758 4.21645 59.7448 0.498639 -0.204076 72.3246 4.23375 4.7408 0.488169 0.813945 15684
0 0  -0.24299 4.02562 60.7939 0.318292 0.0501566 72.3392 4.24792 4.74071 0.537746 0.457132 15734
0 0  -0.478589 3.91599 60.9303 0.381597 0.109563 72.2003 4.2693 4.81396 0.561666 0.454732 15787
0 0  -0.680892 3.83079 61.0659 0.489297 0.0787554 72.084 4.2778 4.8321 0.580763 0.479296 15841
0 0  -0.817752 3.80544 61.1941 0.710459 -0.0404624 71.9047 4.3436 4.86977 0.581116 0.487377 15895
0 0  -0.396052 2.30446 59.6364 -0.698712 1.93626 72.4302 4.34128 4.93066 0.569461 0.510057 15944
0 0  -0.184922 1.87336 59.2197 -1.08149 2.8505 72.5646 4.37805 4.89529 0.677428 0.518801 15998
0 0  -0.384906 2.15255 59.5379 -0.637844 2.21757 72.1773 4.39387 4.72592 0.710929 0.733916 16052
0 0  -1.10002 3.3786 61.1242 0.997714 0.220515 71.3607 4.37459 4.85139 0.682922 0.588416 16105
0 0  -1.24264 3.19085 61.1277 0.946127 0.406109 71.2815 4.40596 4.84516 0.589135 0.54331 16156
0 0  -1.27616 3.11197 61.1002 0.876148 0.495991 71.2949 4.34412 4.83344 0.578797 0.573987 16207
0 0  -1.30527 3.06934 61.0989 0.813579 0.563957 71.317 4.29045 4.76666 0.584814 0.577353 16261
0 0  -1.36579 3.04268 61.149 0.833655 0.573972 71.2876 4.16404 4.70291 0.591019 0.580567 16312
0 0  -1.40118 3.03631 61.1866 0.90254 0.542287 71.2334 4.09993 4.64157 0.592217 0.582952 16366
0 0  -1.43223 3.0493 61.2358 0.975428 0.506969 71.1785 4.0707 4.62504 0.584755 0.58818 16417
0 0  -1.42267 3.0558 61.2295 0.990383 0.477672 71.1827 4.06588 4.60315 0.581536 0.590079 16467
0 0  -1.41816 3.05548 61.2237 0.956428 0.51322 71.1947 4.05763 4.59886 0.577853 0.59072 16517
0 0  -1.0044 2.73481 60.5013 0.140772 1.2188 71.6854 4.09302 4.57175 0.581384 0.589241 16570
0 0  -1.0296 2.73334 60.5269 0.137473 1.21933 71.6893 4.09025 4.57099 0.644689 0.583674 16624
0 0  -1.04981 2.7226 60.5405 0.155901 1.22673 71.661 4.02989 4.52639 0.644521 0.588033 16678
0 0  -1.05151 2.75723 60.5677 0.168892 1.22095 71.6481 4.0258 4.50653 0.643704 0.587695 16732
0 0  -1.03997 2.76833 60.5635 0.174948 1.1923 71.6588 4.0046 4.49131 0.643349 0.586742 16783
0 0  -1.00727 2.79737 60.5502 0.173065 1.17046 71.6752 4.00768 4.48224 0.641814 0.58535 16834
0 0  -0.971547 2.83678 60.5416 0.1818 1.12263 71.6952 4.00112 4.50642 0.641911 0.579039 16887
0 0  -0.960447 2.85668 60.5447 0.170415 1.11319 71.716 4.04639 4.50404 0.641049 0.575461 16939
0 0  -0.933627 2.86651 60.5239 0.234188 1.06751 71.6649 4.09331 4.46541 0.641514 0.569074 16992
0 0  -1.24413 3.31175 61.2354 1.03576 0.337647 71.2331 4.04206 5.24125 0.635805 0.567432 17045
0 0  -1.28854 3.26374 61.2464 1.03944 0.25415 71.29 4.14934 4.58573 0.57069 0.573129 17096
0 0  -1.28244 3.24711 61.2243 0.998286 0.294406 71.3053 4.14309 4.59901 0.562528 0.572877 17150
0 0  -1.28258 3.21245 61.1941 0.900674 0.381021 71.3499 4.20403 4.62672 0.578521 0.571257 17206
0 0  -1.24197 3.22715 61.1583 0.826436 0.42501 71.4015 4.20992 4.60951 0.58207 0.569993 17259
0 0  -1.20314 3.24133 61.1246 0.741134 0.424282 71.4999 4.16055 4.59118 0.587844 0.564409 17316
0 0  -1.10415 3.3036 61.0631 0.75544 0.35584 71.5341 4.17256 4.559 0.592327 0.558465 17366
0 0  -1.05983 3.41646 61.1112 0.731179 0.304221 71.6016 4.17981 4.56999 0.588497 0.550137 17419
0 0  -1.1323 3.39258 61.1744 0.773826 0.329475 71.5325 4.12989 4.51275 0.586424 0.5472 17470
0 0  -3.79987 2.21583 64.9623 5.73816 0.119691 68.3823 4.13159 4.79091 0.591455 0.533316 17523
0 0  -4.35247 1.54723 66.2743 7.15319 0.504843 67.8484 4.13401 5.27756 0.107453 0.627182 17576
0 0  -4.48006 1.25238 66.4305 6.16805 0.485004 68.0699 4.18425 4.85071 0.101614 0.58718 17632
0 0  -3.7035 1.91933 64.2316 4.3387 0.569756 68.6904 4.09429 4.85053 0.140299 0.673374 17691
0 0  -3.40642 2.11887 63.6868 3.91172 0.589834 68.8905 4.1361 4.83572 0.262723 0.679717 17748
0 0  -3.3508 2.23374 63.6837 3.52621 0.537908 69.1289 4.14829 4.81616 0.385194 0.681216 17805
0 0  -3.29412 2.36559 63.7021 3.53769 0.468421 69.1601 4.3149 4.82882 0.403447 0.681169 17863
0 0  -3.27932 2.43281 63.7474 3.57715 0.409921 69.1697 4.33024 4.80469 0.4031 0.680836 17928
0 0  -3.25282 2.46201 63.7191 3.56293 0.392273 69.1877 4.26709 4.80386 0.401152 0.680744 17983
0 0  -3.21817 2.49872 63.681 3.52469 0.411637 69.1989 4.35144 4.80588 0.403621 0.680445 18040
0 0  -3.21341 2.49614 63.6666 3.50866 0.416 69.2058 4.31891 4.80345 0.403623 0.68043 18090
0 0  -3.20844 2.50517 63.6658 3.48183 0.443645 69.2061 4.35088 4.83735 0.404663 0.680263 18141
0 0  -3.23808 2.4491 63.6682 3.48799 0.498321 69.1724 4.40431 4.88449 0.40694 0.680146 18205
0 0  -3.25206 2.42099 63.6677 3.46501 0.518492 69.1748 4.4339 4.91552 0.405882 0.680419 18258
0 0  -1.16294 3.32064 61.1466 2.25858 0.360671 70.0881 4.41394 4.93969 0.407278 0.680635 18310
0 0  0.44736 3.65647 59.8683 -0.599116 1.06383 72.8772 4.4347 4.85064 0.445682 0.670506 18361
0 0  0.078012 3.61959 60.1442 -0.539435 1.0829 72.7631 4.39343 4.92743 0.610746 0.364505 18412
0 0  -0.28594 3.56166 60.4262 0.0314735 0.764866 72.1474 4.39001 4.84803 0.646107 0.402213 18465
0 0  -0.948554 3.52876 61.0846 0.778563 0.354351 71.5084 4.40338 4.88428 0.639016 0.446795 18516
0 0  -0.944536 3.54308 61.093 1.09948 0.1519 71.3012 4.33796 4.95372 0.605152 0.518911 18570
0 0  0.619551 3.21438 59.413 0 0 0 4.38265 0 0.546659 0.541519 18621
0 0  -0.921222 -0.0207631 59.0671 0 0 0 3.99102 0 0.215524 0.79381 18673
0 0  -1.1127 -2.29629 58.8595 0.0876356 7.00988 70.5754 4.40433 5.12351 1.01374 0.812178 18729
0 0  -1.17206 -2.06752 58.9231 0.180914 6.76542 70.4349 4.35374 5.01627 0.286116 0.356366 18780
0 0  -1.13204 -2.0461 58.8892 0.139672 6.76004 70.4788 4.36916 5.00471 0.287856 0.397532 18829
0 0  -1.09118 -0.169051 59.1751 0 0 0 4.28872 0 0.288976 0.39853 18879
0 0  -1.85062 3.25673 61.9878 2.75945 -0.282741 70.1318 4.26989 4.99516 1.01374 0.812178 18934
0 0  -1.64905 2.94219 61.4188 1.93565 0.361548 70.3527 4.52415 4.97463 0.17949 0.744209 18986
0 0  -1.67695 2.83652 61.3653 1.46556 0.658628 70.5859 4.52859 5.01878 0.495221 0.636807 19038
0 0  -1.63849 2.82124 61.3031 1.36163 0.615633 70.7119 4.57191 5.03013 0.547408 0.630994 19093
0 0  -1.67059 3.04071 61.5334 1.43726 0.495325 70.7169 4.58939 5.10093 0.557665 0.628592 19144
0 0  -1.67087 3.04875 61.541 1.39956 0.496427 70.7524 4.62675 5.1432 0.547056 0.618666 19201
0 0  -1.41097 3.13318 61.2818 1.07132 0.569795 71.0337 4.60943 5.11561 0.549215 0.617102 19259
0 0  -1.51807 3.0258 61.3228 1.05804 0.666196 70.9837 4.61444 5.14334 0.570965 0.596695 19314
0 0  -1.59235 2.96531 61.3654 1.0364 0.752456 70.9504 4.57772 5.10933 0.575275 0.606579 19367
0 0  -1.63712 2.88994 61.3588 1.02545 0.814282 70.9226 4.54877 5.07802 0.576389 0.614765 19420
0 0  -1.6427 2.89531 61.3705 1.00937 0.842758 70.9214 4.4765 5.00944 0.576751 0.61893 19471
0 0  -1.64991 2.89151 61.3766 0.996133 0.851719 70.9296 4.38255 4.92283 0.578814 0.621339 19521
0 0  -1.62615 2.9205 61.3706 0.977736 0.841356 70.9553 4.3376 4.90305 0.578544 0.62161 19573
0 0  -1.5702 2.97597 61.3462 0.947261 0.796984 71.0155 4.29968 4.80947 0.580528 0.616441 19625
0 0  -1.53061 3.0132 61.3278 0.898752 0.791035 71.0711 4.26907 4.81226 0.581283 0.614774 19679
0 0  -1.55019 2.99816 61.3397 0.887097 0.801685 71.0768 4.27033 4.76596 0.587051 0.605167 19730
0 0  -3.31357 1.8916 63.2365 3.8727 0.839886 68.7846 4.28892 4.86607 0.590351 0.601405 19786
0 0  -3.29685 1.96963 63.2769 3.60289 0.861108 68.9189 4.42177 4.93045 0.436032 0.680421 19846
0 0  -3.13151 2.03101 62.9894 2.97059 0.94175 69.2562 4.37387 4.89151 0.402938 0.682312 19901
0 0  -2.97042 2.12354 62.7605 2.93938 0.911303 69.2918 4.29456 4.84521 0.420579 0.683221 19953
0 0  -0.205285 3.67775 60.4475 0 0 0 4.38696 0 0.431518 0.682414 20005
0 0  -0.611597 3.12255 60.3904 1.64382 -0.0434892 70.8945 4.02699 4.90496 1.01374 0.812178 20059
0 0  -1.21858 2.96868 60.915 0.80116 1.0126 71.037 4.04783 4.57702 0.183452 0.778832 20113
0 0  -1.44916 2.88934 61.1231 0.880539 1.00842 70.9546 4.0289 4.60874 0.591176 0.605447 20164
0 0  -1.59566 2.81566 61.2442 0.929095 1.02406 70.894 4.01202 4.59978 0.586867 0.617245 20216
0 0  -1.71041 2.77305 61.3559 0.953245 1.07382 70.8393 3.99395 4.55824 0.581903 0.629852 20269
0 0  -1.78817 2.69644 61.3947 0.965086 1.1328 70.7927 4.01945 4.5549 0.580551 0.633817 20319
0 0  -1.9688 2.56286 61.5286 1.51618 1.10147 70.2811 4.01076 4.54493 0.57737 0.644444 20370
0 0  -2.54532 2.30941 62.1789 1.95459 1.08718 69.9153 4.07828 4.64122 0.577116 0.650937 20425
0 0  -2.54567 2.27487 62.1498 1.86882 1.11834 69.9689 4.16154 4.67008 0.497811 0.679287 20478
0 0  -2.19395 2.4785 61.7788 1.69219 1.03695 70.1614 4.21798 4.66456 0.501625 0.679902 20530
0 0  -1.63919 2.80651 61.2919 0.737311 1.06028 71.0775 4.20056 4.80927 0.519068 0.676317 20584
0 0  -1.7209 2.74333 61.3451 0.750322 1.11594 71.0297 4.19444 4.76509 0.597723 0.625065 20634
0 0  -1.83209 2.67783 61.4376 0.797749 1.15224 70.9569 4.29291 4.83535 0.596737 0.630735 20685
0 0  -1.86775 2.65622 61.4677 0.817913 1.16449 70.9282 4.28975 4.85426 0.591546 0.641701 20739
0 0  -2.06303 2.63775 61.7234 1.14219 1.04428 70.6655 4.33384 4.90129 0.587896 0.648256 20794
0 0  -2.09129 2.61622 61.7457 1.11232 1.06863 70.681 4.36476 4.88352 0.571415 0.649878 20848
0 0  -2.08254 2.61044 61.7282 1.08726 1.05991 70.711 4.39343 4.8872 0.565685 0.655498 20901
0 0  -2.10242 2.63424 61.7772 1.16101 1.03292 70.6535 4.39216 4.87121 0.56854 0.654312 20952
0 0  -2.10536 2.66159 61.8052 1.20479 0.989514 70.6358 4.39493 4.88323 0.559483 0.65395 21005
0 0  -2.09485 2.6735 61.8002 1.20251 0.970728 70.6491 4.40245 4.90713 0.560205 0.653128 21066
0 0  -2.10462 2.64665 61.7912 1.21039 0.981029 70.6353 4.41719 4.92368 0.561296 0.651254 21116
0 0  -2.10814 2.64481 61.7947 1.23354 0.975937 70.6158 4.44201 4.94786 0.560248 0.652648 21169
0 0  -2.10995 2.64284 61.7956 1.24382 0.974022 70.6069 4.43567 4.95015 0.558719 0.653448 21224
0 0  -2.04769 2.81832 61.8598 1.32108 0.749963 70.6668 4.45492 4.98182 0.556711 0.645931 21275
0 0  -2.06677 2.78955 61.8618 1.34963 0.753642 70.9181 4.43647 4.97912 0.556631 0.640519 21327
0 0  -2.05782 2.79617 61.8546 1.35874 0.745076 70.9147 4.43695 5.01532 0.552421 0.64131 21377
0 0  -2.07093 2.78098 61.8602 1.37395 0.73594 70.9058 4.48146 5.00515 0.551898 0.641284 21427
0 0  -2.08865 2.77412 61.8801 1.39985 0.739895 70.8789 4.44223 5.02138 0.550527 0.641487 21480
0 0  -2.1013 2.7742 61.8989 1.41909 0.73845 70.8616 4.44774 4.99711 0.547834 0.642611 21533
0 0  -2.10273 2.81227 61.9356 1.44478 0.682947 70.8719 4.46409 5.00271 0.547318 0.643491 21587
0 0  -2.31443 3.08657 68.0209 1.47682 0.672192 70.8487 4.90656 5.01157 0.54414 0.641589 21638
0 0  -2.31475 3.07887 68.0126 1.47762 0.675841 70.8456 4.90779 5.00497 0.543482 0.641689 21687
0 0  -2.32049 3.07854 68.0232 1.48604 0.677094 70.837 4.92513 5.00076 0.543485 0.645955 21740
0 0  -2.31112 3.08991 68.0185 1.50629 0.658295 70.83 4.94925 5.00078 0.54351 0.646102 21790
0 0  -2.32098 3.0881 68.0353 1.51617 0.650529 70.8257 4.92246 5.00258 0.542356 0.64568 21844
0 0  -2.31855 3.0943 68.0378 1.54658 0.625976 70.813 4.95494 4.99227 0.540992 0.645333 21894
0 0  -2.29866 3.1708 68.0899 1.65674 0.4431 70.8291 4.93188 4.99195 0.539498 0.645306 21944
0 0  -2.2937 3.25182 68.1786 1.67767 0.425711 70.8215 4.94646 5.00408 0.536295 0.643655 21994
0 0  -2.30143 3.24374 68.1839 1.6896 0.419078 70.8151 4.91484 4.98738 0.531511 0.638593 22045
0 0  -2.31577 3.24401 68.2126 1.71906 0.395331 70.8041 4.94117 4.99583 0.531238 0.638618 22098
0 0  -2.33024 3.25982 68.2613 1.75067 0.365751 70.7953 4.93533 5.01471 0.529208 0.639307 22148
0 0  -2.33483 3.2787 68.2944 1.73701 0.363681 70.8088 4.94999 5.028 0.528211 0.639384 22200
0 0  -2.21734 3.28543 68.0716 1.59127 0.415137 70.9073 4.96226 5.0725 0.525471 0.639048 22251
0 0  -2.20215 3.31471 68.0783 1.58869 0.399021 70.9203 4.9432 5.06924 0.538254 0.633343 22303
0 0  -2.02736 3.34783 67.7965 1.39791 0.429372 71.0807 4.94848 5.08889 0.538258 0.632515 22354
0 0  -2.00532 3.3644 67.7768 1.32959 0.425638 71.15 4.9768 5.07237 0.55568 0.619509 22404
0 0  -2.0042 3.38625 67.8003 1.33267 0.410503 71.1572 4.97209 5.06976 0.55658 0.617599 22454
0 0  -1.99734 3.40507 67.8102 1.33713 0.391731 71.1656 4.95742 5.09709 0.557069 0.6167 22505
0 0  -2.05251 3.35737 67.8524 1.3546 0.369656 71.1636 4.95618 5.06362 0.556063 0.615713 22555
0 0  -2.44807 2.81592 67.9715 1.57471 0.871082 70.6396 5.00462 5.07238 0.536033 0.643596 22608
0 0  -2.42449 2.86909 67.9849 1.57384 0.838467 70.6594 5.00983 5.0917 0.532548 0.662637 22658
0 0  -2.40702 2.89998 67.9857 1.5792 0.797327 70.6789 4.94436 5.07492 0.533452 0.659978 22713
0 0  -2.40472 2.9158 67.999 1.60103 0.755799 70.6841 4.9658 5.07433 0.533414 0.657353 22769
0 0  -2.41001 2.9126 68.0056 1.60975 0.749385 70.6802 4.98584 5.09329 0.533058 0.656323 22820
0 0  -2.53016 2.8052 68.1201 1.72053 0.8155 70.5435 4.98505 5.10204 0.532702 0.656139 22872
0 0  -2.527 2.80238 68.1107 1.75394 0.806919 70.5196 4.97258 5.10284 0.522446 0.663939 22925
0 0  -2.51833 2.82239 68.116 1.77878 0.773697 70.5177 4.99831 5.11196 0.519897 0.663521 22979
0 0  -2.5176 2.8376 68.1317 1.79492 0.763749 70.5097 5.03717 5.09753 0.518967 0.663253 23030
0 0  -2.51899 2.85819 68.158 1.80016 0.759997 70.5074 5.01921 5.10165 0.517431 0.662798 23084
0 0  -2.53168 2.85466 68.1795 1.81406 0.748008 70.5026 5.01479 5.06636 0.517107 0.662739 23147
0 0  -2.43999 3.02266 68.1916 1.86395 0.560402 70.5729 5.0315 5.04493 0.516774 0.662526 23192
0 0  -2.46174 3.04905 68.2673 1.87407 0.520826 70.5887 5.01155 5.07385 0.516454 0.653029 23244
0 0  -2.46858 3.05216 68.2851 1.87761 0.523123 70.5842 5.00422 5.04829 0.516288 0.652865 23294
0 0  -2.46677 3.05953 68.2904 1.904 0.52086 70.5632 5.00719 5.03025 0.516175 0.653097 23344
0 0  -2.49603 3.0498 68.3389 1.94027 0.508034 70.5406 5.02881 5.01865 0.514509 0.653877 23396
0 0  -2.31509 3.11447 68.0548 1.72069 0.536561 70.7121 5.00692 4.99732 0.511214 0.654548 23449
0 0  -2.34671 3.1171 68.1192 1.76239 0.499025 70.699 5.0018 4.96025 0.52877 0.646188 23503
0 0  -2.34707 3.15588 68.1665 1.78384 0.469949 70.6986 4.95337 4.91285 0.52466 0.646688 23555
0 0  -2.33887 3.16197 68.1577 1.78818 0.464925 70.698 4.93621 4.90148 0.523376 0.645909 23605
0 0  -2.36701 3.17075 68.2243 1.97699 0.38798 70.5851 4.92097 4.84138 0.523377 0.645346 23659
0 0  -2.48565 3.17402 68.4742 2.03666 0.345806 70.5622 4.9528 4.85072 0.506128 0.649409 23717
0 0  -2.46355 3.16484 68.4154 1.97496 0.376886 70.5939 4.96249 4.8509 0.505286 0.650516 23770
0 0  -2.40872 3.09913 67.1796 1.93663 0.410027 70.6051 4.80001 4.85463 0.510909 0.649373 23822
0 0  -2.41097 3.08635 67.1684 1.91158 0.429322 70.6141 4.80744 4.81971 0.512863 0.649387 23874
0 0  -2.4204 3.06415 67.1603 1.90921 0.45159 70.6021 4.82219 4.80855 0.514994 0.649576 23925
0 0  -2.30916 3.01293 66.8804 1.70198 0.597146 70.6909 4.76887 4.82297 0.514787 0.650489 23976
0 0  -2.28389 3.02118 66.842 1.7011 0.579127 70.7029 4.76082 4.79112 0.528143 0.649523 24027
0 0  -2.13843 3.08689 66.6496 1.82342 0.47203 70.6628 4.71035 4.77545 0.527659 0.647144 24079
0 0  -1.55148 3.46119 66.0957 0 0 0 4.87233 0 0.523068 0.644818 24131
0 0  -1.49844 3.69432 66.2729 0 0 0 4.86089 0 1.01359 0.813453 24185
0 0  -1.7445 3.3274 66.2506 0 0 0 4.65145 0 0.391137 0.679915 24237
0 0  -1.89542 3.25667 66.4187 1.65256 0.425514 70.8444 4.57756 4.79213 0.52849 0.62198 24289
0 0  -1.97311 3.18604 66.4717 1.53706 0.523937 70.8866 4.72349 4.8021 0.529737 0.630297 24344
0 0  -1.98273 3.1888 66.491 1.50991 0.54656 70.8973 4.68176 4.82885 0.5403 0.63202 24395
0 0  -1.91651 3.24318 66.4391 1.52288 0.543399 70.8872 4.61875 4.86381 0.542593 0.631884 24447
0 0  -1.95975 3.16583 66.4272 1.49388 0.57184 70.896 4.7138 4.89004 0.54088 0.630207 24499
0 0  -1.98501 3.11888 66.4191 1.45458 0.603858 70.9125 4.79453 4.9078 0.542922 0.6326 24552
0 0  -2.51919 2.87786 67.1377 2.29251 0.50308 70.2598 4.78873 4.94405 0.545224 0.633709 24605
0 0  -2.54089 2.88481 67.1908 2.20487 0.51304 70.3222 4.84874 4.95623 0.486195 0.66299 24658
0 0  -2.53217 2.88787 67.1764 2.14136 0.552596 70.3488 4.83077 4.95713 0.490869 0.662489 24710
0 0  -2.53311 2.84828 67.1314 2.09091 0.597726 70.3622 4.85201 4.94633 0.496192 0.661886 24762
0 0  -2.53993 2.83867 67.1341 2.06412 0.607951 70.3778 4.78766 4.92795 0.499085 0.662677 24814
0 0  -2.53526 2.84862 67.1362 2.04265 0.604654 70.3971 4.83315 4.94123 0.50104 0.662823 24867
0 0  -2.54392 2.86096 67.1686 2.04229 0.592303 70.4048 4.8187 4.92934 0.50254 0.662343 24918
0 0  -2.55279 2.88709 67.2184 2.02986 0.588241 70.4174 4.83493 4.92957 0.502711 0.662055 24971
0 0  -2.31417 3.08489 66.974 1.86074 0.470417 70.6316 4.7415 4.93313 0.503879 0.661506 25021
0 0  -2.32639 3.07715 66.9886 1.81714 0.479532 70.6635 4.7204 4.94578 0.518001 0.649144 25074
0 0  -2.32117 3.08155 66.9837 1.80907 0.480691 70.6698 4.72687 4.90344 0.521651 0.647267 25130
0 0  -2.31531 3.08375 66.9749 1.75849 0.483183 70.7125 4.70995 4.90994 0.522339 0.646839 25184
0 0  -2.08735 3.20582 66.6926 1.52053 0.488729 70.9247 4.68526 4.864 0.525469 0.645821 25237
0 0  -2.09436 3.22034 66.7218 1.53176 0.469053 70.9271 4.65892 4.8544 0.542471 0.632195 25289
0 0  -2.08962 3.25343 66.7517 1.54963 0.436587 70.9318 4.67447 4.81955 0.5418 0.631694 25340
0 0  -2.15461 3.26007 66.8791 1.64612 0.396328 70.8694 4.69502 4.81522 0.540873 0.630409 25390
0 0  -2.15107 3.25649 66.8682 1.63513 0.388264 70.8847 4.71686 4.80954 0.535255 0.632064 25444
0 0  -2.15321 3.26442 66.8817 1.62974 0.383817 70.8926 4.71936 4.82037 0.534985 0.632709 25497
0 0  -2.1612 3.26862 66.9017 1.63017 0.384269 70.8919 4.71724 4.83967 0.535543 0.632133 25548
0 0  -2.16038 3.2721 66.9044 1.62487 0.390463 70.8927 4.7227 4.82993 0.535329 0.632287 25598
0 0  -2.15687 3.2722 66.8979 1.62594 0.38835 70.8931 4.73174 4.83614 0.53563 0.632206 25649
0 0  -2.23965 3.11778 66.8703 1.61562 0.54252 70.8026 4.75819 4.86344 0.535653 0.632445 25702
0 0  -2.24334 3.12055 66.8805 1.61865 0.529325 70.8082 4.76208 4.86296 0.535485 0.640679 25754
0 0  -2.24086 3.12124 66.8766 1.61764 0.53624 70.8047 4.77772 4.86735 0.535292 0.641606 25807
0 0  -2.24508 3.11533 66.8777 1.61585 0.531759 70.8092 4.80597 4.87193 0.53528 0.641676 25859
0 0  -2.18581 3.15372 66.8116 1.54573 0.520252 70.8809 4.77216 4.89939 0.540123 0.637742 25915
0 0  -2.19442 3.15718 66.8316 1.53792 0.52871 70.8827 4.8183 4.89341 0.540586 0.637252 25970
0 0  -2.11287 3.18336 66.7127 1.60173 0.492631 70.8472 4.79193 4.85357 0.540756 0.637385 26020
0 0  -1.57937 3.35159 66.0221 0 0 0 4.80571 0 0.539297 0.63695 26071
0 0  -1.76614 2.97708 65.9286 0 0 0 3.44701 0 1.01359 0.813453 26129
0 0  -1.9064 3.30295 66.4883 2.0881 -0.247611 70.9289 4.68633 4.79252 0.712497 0.638867 26183
0 0  -2.05692 3.24529 66.6836 1.88806 0.265817 70.7405 4.76617 4.86027 0.514363 0.631372 26234
0 0  -2.14598 3.19379 66.7848 1.8176 0.338536 70.7539 4.71747 4.83138 0.51329 0.63464 26287
0 0  -2.19498 3.18387 66.864 1.76465 0.39817 70.7617 4.73518 4.80516 0.521753 0.637719 26339
0 0  -2.22699 3.16284 66.8994 1.72703 0.423013 70.779 4.69206 4.76005 0.525587 0.639144 26392
0 0  -2.23767 3.16742 66.9251 1.72186 0.42039 70.7853 4.71458 4.77209 0.527782 0.639596 26442
0 0  -2.26314 3.15732 66.9618 1.70769 0.425936 70.7944 4.74062 4.75142 0.529153 0.640339 26493
0 0  -2.08867 3.37286 66.8927 1.70132 0.189348 70.9587 4.74707 4.7343 0.529794 0.640349 26543
0 0  -2.06759 3.43131 66.9256 1.65677 0.191227 70.9984 4.69373 4.74663 0.531809 0.622582 26595
0 0  -2.06614 3.44469 66.9396 1.65751 0.204974 70.9882 4.69038 4.71029 0.532893 0.621859 26646
0 0  -2.07584 3.43265 66.9427 1.66044 0.208967 70.9827 4.64957 4.70111 0.533077 0.622246 26696
0 0  -2.0896 3.4359 66.9727 1.65719 0.203392 70.9896 4.612 4.65316 0.533204 0.62251 26751
0 0  -2.15667 3.38964 67.0427 1.72547 0.211228 70.9216 4.59843 4.62634 0.533109 0.623058 26802
0 0  -2.17239 3.37908 67.0598 1.71753 0.196706 70.9388 4.58551 4.60783 0.529173 0.627804 26852
0 0  -2.15553 3.3932 67.045 1.716 0.195107 70.9413 4.56213 4.5802 0.530308 0.627228 26905
0 0  -2.16168 3.39329 67.057 1.72514 0.194225 70.9336 4.59439 4.57006 0.529641 0.626574 26959
0 0  -2.16952 3.39103 67.0694 1.71817 0.18999 70.9429 4.6038 4.57921 0.529278 0.627088 27011
0 0  -1.9389 3.48764 66.76 1.45026 0.204305 71.1854 4.57452 4.54147 0.530251 0.626649 27066
0 0  -1.95125 3.48472 66.7785 1.45484 0.196143 71.1868 4.56422 4.55714 0.547331 0.609751 27117
0 0  -2.11966 3.45481 67.0543 1.75825 0.130056 70.9481 4.57387 4.56117 0.54704 0.610146 27170
0 0  -2.13584 3.4611 67.0938 1.7466 0.131646 70.9576 4.58914 4.54456 0.547092 0.610304 27224
0 0  -2.15036 3.4546 67.1138 1.74058 0.136324 70.9598 4.56272 4.52259 0.527551 0.624258 27277
0 0  -2.1579 3.44762 67.1195 1.73868 0.131588 70.9648 4.54952 4.51416 0.527885 0.624185 27326
0 0  -1.9412 3.47432 66.7479 1.60405 0.150331 71.0763 4.51691 4.50057 0.52829 0.624374 27377
0 0  -1.81119 3.53638 66.596 1.26947 0.219946 71.3546 4.43796 4.46931 0.559311 0.603473 27432
0 0  -1.81907 3.54802 66.6233 1.27992 0.223092 71.3417 4.43831 4.4648 0.559484 0.597019 27483
0 0  -1.83354 3.54632 66.6461 1.27687 0.220949 71.3463 4.40674 4.47307 0.558217 0.598272 27535
0 0  -1.76399 3.56653 66.5519 1.24242 0.236501 71.3703 4.41709 4.47231 0.558418 0.598966 27585
0 0  -1.49601 3.64411 66.2121 0.892885 0.325096 71.6803 4.3904 4.45354 0.570266 0.589507 27636
0 0  -1.51513 3.6461 66.2437 0.89475 0.323907 71.6791 4.41029 4.47863 0.582549 0.571 27688
0 0  -1.51642 3.64681 66.2465 0.897035 0.319812 71.6795 4.45913 4.51911 0.58292 0.570327 27742
0 0  -1.50758 3.65912 66.2468 0.873435 0.330686 71.698 4.49874 4.55729 0.58363 0.570488 27794
0 0  -1.40485 3.67537 66.1096 0.765349 0.383444 71.7819 4.50808 4.54562 0.584582 0.56958 27850
0 0  -2.09796 3.2622 66.7771 3.36012 -0.137682 69.9171 4.50688 4.5907 0.590773 0.559931 27901
0 0  -3.30844 2.49472 68.6219 0 0 0 4.44047 0 0.511259 0.629551 27952
0 0  -3.37247 2.3678 68.6287 4.28738 0.29823 69.1492 4.5613 4.58897 0.34834 0.684327 28005
0 0  -3.3092 2.49002 68.6168 3.26036 0.512764 69.5879 4.67366 4.66845 0.347963 0.681713 28056
0 0  -3.08624 2.63477 68.1678 2.81327 0.600242 69.827 4.73902 4.66223 0.418582 0.679272 28106
0 0  -3.30219 2.33129 68.3532 2.82766 0.920468 69.6455 4.78361 4.70134 0.44324 0.677217 28157
0 0  -3.12742 2.47736 68.0594 2.55676 0.955124 69.8126 4.8073 4.73305 0.437277 0.683165 28208
0 0  -3.03477 2.53647 67.8936 2.38281 0.979742 69.9247 4.77428 4.72429 0.453267 0.68269 28259
0 0  -2.91317 2.75937 67.8835 2.30667 0.79652 70.0799 4.80224 4.78933 0.470119 0.681688 28311
0 0  -2.82557 2.80986 67.7345 2.20129 0.816498 70.1493 4.79382 4.79093 0.475432 0.675862 28361
0 0  -2.74937 2.84776 67.6033 2.13538 0.832383 70.1918 4.7706 4.80202 0.48716 0.673501 28411
0 0  -2.74998 2.85612 67.6157 2.09767 0.827915 70.224 4.76081 4.78672 0.49262 0.671524 28465
0 0  -2.75938 2.87548 67.6634 2.11464 0.809659 70.2208 4.73662 4.76725 0.494026 0.671309 28519
0 0  -2.74987 2.91042 67.6877 2.11139 0.785328 70.237 4.72841 4.75044 0.493264 0.670752 28571
0 0  -2.73225 2.9363 67.6808 2.09038 0.761672 70.2671 4.72672 4.7427 0.494547 0.669654 28630
0 0  -2.72275 2.95001 67.6768 2.0754 0.757611 70.2814 4.71101 4.75429 0.496206 0.668789 28683
0 0  -2.72817 2.96209 67.7062 2.08192 0.740876 70.2858 4.71045 4.72643 0.497307 0.667916 28735
0 0  -2.71256 2.98068 67.6944 2.09018 0.703789 70.3005 4.70209 4.73429 0.497164 0.667792 28787
0 0  -2.74853 2.97684 67.7756 2.10445 0.69841 70.2923 4.69487 4.73899 0.49762 0.666848 28838
0 0  -2.76249 3.00282 67.8465 2.11665 0.699387 70.282 4.68489 4.76446 0.496668 0.666601 28892
0 0  -2.78119 2.98098 67.8619 2.13844 0.691992 70.269 4.72211 4.78208 0.496475 0.666911 28945
0 0  -2.82045 2.96341 67.9357 2.15904 0.682729 70.2581 4.73649 4.79422 0.494236 0.667766 29000
0 0  -2.88296 2.91827 68.0318 2.23334 0.673198 70.2056 4.73657 4.78958 0.492136 0.668957 29050
0 0  -2.06435 3.37403 66.8491 1.47799 0.545148 70.928 4.71107 4.82677 0.493705 0.668286 29100
0 0  -2.20278 3.34723 67.0787 1.54325 0.5378 70.8719 4.64991 4.83775 0.543843 0.628065 29152
0 0  -1.93299 3.26709 66.4932 1.85262 0.49248 70.6247 4.64284 4.81363 0.538171 0.635849 29207
0 0  0 0 0 0 0 0 0 0 0.52692 0.638105 29258
0 0  -0.166982 3.71261 64.637 0.341803 -0.591364 73.2251 4.15332 4.80654 0.477501 0.627302 29312
0 0  -0.998947 3.62499 65.4982 0.61674 0.73936 71.6991 4.67136 4.76772 0.189756 0.823561 29365
0 0  -1.30566 3.52936 65.8108 0.812794 0.671238 71.5233 4.71992 4.89383 0.600491 0.557935 29416
0 0  -1.56184 3.43135 66.0795 0.967495 0.637805 71.3779 4.76182 4.91956 0.593114 0.572863 29467
0 0  -1.78958 3.32442 66.3194 1.10182 0.637101 71.2379 4.75454 4.9488 0.580339 0.597266 29518
0 0  -1.90619 3.22503 66.402 1.0724 0.751597 71.1937 4.73216 4.9941 0.575044 0.6076 29571
0 0  -1.94449 2.80608 66.039 0.857052 1.21096 71.1375 4.77657 4.92551 0.574114 0.622812 29622
0 0  -2.06444 2.74729 66.1738 0.986541 1.17222 71.0264 4.74992 4.96751 0.580414 0.652936 29675
0 0  -2.10027 2.7015 66.1883 1.06108 1.12563 70.9781 4.78896 4.96007 0.575615 0.655493 29729
0 0  -1.90258 2.66539 65.8456 1.12143 1.0783 70.9455 4.74966 4.94861 0.570462 0.658406 29779
0 0  2.20763 3.17623 62.5001 -1.92761 2.1593 75.0688 4.74319 5.02166 0.56411 0.653788 29836
0 0  1.81451 3.11298 62.6756 -1.91225 2.46197 74.769 4.76012 5.0584 0.444441 0.239208 29889
0 0  0.670368 2.9447 63.3226 -1.40928 2.16784 73.8152 4.64794 4.8012 0.660225 0.13779 29940
0 0  -0.0170766 2.82528 63.8038 -0.972107 1.97587 73.1208 4.62369 4.74616 0.737399 0.281594 30000
0 0  -0.646796 2.65418 64.2846 -0.658549 1.85716 72.6817 4.60536 4.68999 0.735733 0.459221 30050
0 0  -0.834917 2.57934 64.4286 -0.429332 1.76645 72.393 4.53043 4.64613 0.741682 0.485939 30104
0 0  -0.997999 2.50919 63.9952 -0.323012 1.73521 72.26 4.35459 4.57482 0.697901 0.594968 30154
0 0  -0.67605 2.8039 63.8635 -0.479327 1.51923 72.6232 4.25398 4.49987 0.6834 0.622733 30210
0 0  -0.825266 2.81976 64.034 -0.39965 1.48531 72.5267 4.15499 4.41613 0.680473 0.607305 30264
0 0  -1.02292 2.72954 64.1852 -0.322024 1.50111 72.4035 4.09377 4.3677 0.690589 0.56422 30318
0 0  -1.2697 2.66927 64.4287 0.0215944 1.40955 71.9924 4.03444 4.31674 0.68118 0.595354 30372
0 0  -1.50246 2.6074 64.6715 0.106658 1.38654 71.8974 4.02906 4.30703 0.678181 0.604931 30426
0 0  -1.57623 2.5698 64.7377 0.166203 1.39965 71.8146 3.99865 4.29006 0.646505 0.632044 30483
0 0  -1.65422 2.52271 64.8038 0.181173 1.40109 71.7951 4.00285 4.28609 0.643576 0.638947 30537
0 0  -1.54414 2.90602 64.9778 0.327296 0.966125 71.8917 4.01002 4.29185 0.637245 0.646031 30589
0 0  -1.61782 2.87028 65.0475 0.386425 0.972098 71.8153 4.02241 4.30917 0.63311 0.600837 30640
0 0  -1.72144 2.81666 65.1458 0.473963 0.991768 71.6975 4.07013 4.2952 0.62612 0.609803 30692
0 0  -1.78426 2.78696 65.2098 0.531588 0.991202 71.6303 4.09192 4.31179 0.619287 0.619352 30747
0 0  -1.81048 2.75589 65.2202 0.532848 1.00601 71.6193 4.06909 4.29074 0.617656 0.623653 30801
0 0  -1.80655 2.75709 65.2155 0.507551 1.00776 71.6476 4.0768 4.27341 0.615843 0.627177 30853
0 0  -1.74839 3.08972 65.4419 0.804489 0.51833 71.639 4.01018 4.254 0.616672 0.62778 30907
0 0  -1.7281 3.14798 65.4692 0.787043 0.448932 71.7087 4.02063 4.26964 0.596391 0.596356 30961
0 0  -1.7276 3.13657 65.457 0.710648 0.506549 71.7546 4.02863 4.22749 0.59644 0.58816 31014
0 0  -1.70098 3.1502 65.4307 0.61071 0.556184 71.8356 4.05011 4.25638 0.603806 0.587896 31066
0 0  -2.10579 2.94345 65.8642 1.46825 0.50157 70.9655 3.9555 4.15796 0.611619 0.582652 31118
0 0  -3.34761 2.09714 67.5624 0 0 0 4.05925 0 0.612043 0.577231 31170
0 0  -4.00768 1.01525 68.3161 4.71999 0.849589 68.6752 4.10258 4.24063 1.01359 0.813453 31221
0 0  -3.37016 1.6588 67.1158 3.07169 0.99063 69.4534 4.14298 4.34856 0.29962 0.658924 31274
0 0  -2.50817 2.21731 65.8555 1.5276 1.21067 70.4925 4.16744 4.33574 0.45113 0.687947 31325
0 0  -1.92624 2.54075 65.2017 0.728092 1.30169 71.2223 4.17759 4.36391 0.496741 0.687074 31378
0 0  -1.63168 2.73169 64.946 0.361024 1.36699 71.5979 4.2316 4.43267 0.597877 0.660211 31432
0 0  -1.56961 2.84623 64.96 0.26122 1.37342 71.7135 4.26013 4.42893 0.62939 0.634096 31483
0 0  -2.17896 2.70205 65.7449 1.08596 1.12827 70.9518 4.36012 4.58766 0.633107 0.627748 31538
0 0  -2.14593 2.77865 65.7648 1.045 1.09081 71.0143 4.3886 4.61124 0.566148 0.660478 31589
0 0  -2.0872 2.84684 65.7351 0.995847 1.06274 71.0806 4.39229 4.63937 0.569838 0.657157 31642
0 0  -1.96457 2.93359 65.6225 0.882369 1.03784 71.2131 4.39765 4.68484 0.575702 0.650299 31693
0 0  -1.83661 3.02304 65.5105 0.763245 1.01325 71.3557 4.42332 4.71163 0.58752 0.638864 31749
0 0  -1.71599 3.0921 65.3957 0.614324 1.02144 71.516 4.40961 4.70853 0.596093 0.62764 31803
0 0  -1.61001 3.2744 65.4202 0.628217 0.854978 71.6079 4.40941 4.66228 0.606749 0.614154 31856
0 0  -1.59084 3.29395 65.4118 0.573253 0.869957 71.6613 4.37031 4.65807 0.607611 0.598365 31910
0 0  -1.59113 3.31914 65.4379 0.569744 0.858675 71.6729 4.34333 4.64733 0.612228 0.591996 31964
0 0  -1.36842 3.4057 65.2068 0.687213 0.796287 71.5797 4.3048 4.51902 0.612115 0.591917 32017
0 0  -2.11022 3.09133 66.0296 0 0 0 4.34318 0 0.600375 0.583851 32068
0 0  -3.18307 2.15449 67.1972 3.60336 0.674954 69.3006 4.39595 4.78406 0.422996 0.670112 32120
0 0  -3.28517 2.21454 67.5406 3.0087 0.92771 69.5245 4.41727 4.66551 0.392814 0.680069 32174
0 0  -3.14825 2.32312 67.3146 2.58713 0.982474 69.7771 4.45729 4.67029 0.428648 0.683146 32225
0 0  -3.3491 2.4888 68.1342 3.06062 0.669181 69.6268 4.53776 4.70469 0.445948 0.683149 32283
0 0  -3.16882 2.61743 67.7765 2.69685 0.707607 69.8471 4.4813 4.68786 0.432025 0.68064 32335
0 0  -3.05323 2.69285 67.5621 2.46603 0.7452 69.9902 4.47998 4.65774 0.455671 0.678997 32388
0 0  -2.91408 2.80468 67.355 2.40249 0.60687 70.1153 4.46144 4.61172 0.466107 0.677672 32441
0 0  -2.83202 3.01943 67.4543 2.34918 0.495606 70.2209 4.38523 4.63377 0.477502 0.669065 32491
0 0  -2.80357 3.05833 67.439 2.29507 0.47807 70.2729 4.32702 4.61735 0.481085 0.667056 32546
0 0  -2.79373 3.14202 67.541 2.2768 0.438542 70.3111 4.36844 4.57387 0.487877 0.663724 32601
0 0  -2.7684 3.19885 67.5633 2.24341 0.391211 70.3663 4.40604 4.59592 0.489371 0.662438 32656
0 0  -2.73521 3.23414 67.5317 2.22646 0.357932 70.4005 4.43525 4.61747 0.491587 0.65954 32710
0 0  -2.67248 3.30944 67.4881 2.1797 0.302085 70.4731 4.37582 4.61691 0.492403 0.658322 32767
0 0  -2.62553 3.34791 67.4292 2.1358 0.265017 70.5326 4.49021 4.70984 0.499272 0.651809 32820
0 0  -2.56433 3.39567 67.3516 2.07556 0.235331 70.6015 4.54784 4.74728 0.500849 0.650037 32877
0 0  -2.095 3.29695 66.237 1.15591 0.747032 71.1119 4.48243 4.91649 0.505548 0.645931 32936
0 0  -0.947404 2.85271 64.1945 -0.219779 1.85937 72.0468 4.5513 4.82432 0.565973 0.617693 32988
0 0  -1.19802 2.8673 64.4995 -0.0724726 1.78569 71.8935 4.58158 4.81864 0.669026 0.618236 33039
0 0  -1.30345 2.85022 64.6156 -0.00283351 1.76494 71.8158 4.5679 4.83183 0.664131 0.627155 33092
0 0  -1.54855 2.80272 64.8938 0.225603 1.69162 71.5746 4.55769 4.82428 0.642716 0.642137 33143
0 0  -1.68887 2.75273 65.0434 0.417327 1.63473 71.3816 4.56908 4.79691 0.633638 0.646336 33197
0 0  -1.80541 2.74552 65.2035 0.578876 1.54792 71.2477 4.55653 4.77962 0.608453 0.660149 33250
0 0  -1.85903 2.80711 65.3386 0.741645 1.42372 71.1396 4.58844 4.74615 0.599614 0.661053 33304
0 0  -1.8422 3.04115 65.5371 0.841367 1.19351 71.1641 4.58449 5.03061 0.599185 0.661418 33358
0 0  -1.94642 3.02374 65.684 1.08079 0.981156 71.0431 4.57919 4.7097 0.578326 0.635012 33410
0 0  -2.02288 2.98106 65.7647 1.16179 0.967113 70.9709 4.60334 4.70994 0.568501 0.640544 33464
0 0  -2.09228 2.9527 65.851 1.24477 0.954493 70.8974 4.60824 4.70598 0.565041 0.643239 33516
0 0  -2.13799 2.93707 65.9124 1.2921 0.944101 70.8581 4.60224 4.69161 0.557224 0.647848 33566
0 0  -2.16102 2.9305 65.9451 1.34712 0.912879 70.8243 4.60658 4.68838 0.554708 0.649161 33618
0 0  -2.16423 2.93337 65.9537 1.37386 0.89977 70.8069 4.57627 4.69442 0.550204 0.650643 33671
0 0  -2.10104 3.04194 65.9601 1.424 0.767797 70.8391 4.60208 4.69104 0.548624 0.650327 33724
0 0  -2.1047 3.08849 66.0169 1.44994 0.69489 70.8596 4.62167 4.68128 0.5466 0.64478 33775
0 0  -2.1145 3.08074 66.0255 1.45822 0.684689 70.8582 4.65415 4.69694 0.545854 0.640146 33828
0 0  -2.10714 3.09302 66.0261 1.45889 0.683729 70.8582 4.6575 4.7033 0.544989 0.640101 33879
0 0  -2.10692 3.09653 66.0296 1.45634 0.675248 70.8659 4.66485 4.70941 0.545089 0.639822 33931
0 0  -2.12143 3.09133 66.0492 1.45432 0.68479 70.8618 4.67473 4.73489 0.545395 0.639283 33984
0 0  -2.11644 3.0961 66.0457 1.45961 0.672352 70.8646 4.68502 4.76541 0.545597 0.639844 34038
0 0  -2.05145 2.98511 63.8989 1.46738 0.678933 70.8533 4.52544 4.80048 0.54525 0.63987 34089
0 0  -2.026 3.01337 63.886 1.48383 0.61715 70.8766 4.58138 4.83014 0.544735 0.640864 34141
0 0  -1.99223 3.0937 63.9148 1.48193 0.555736 70.9175 4.59895 4.86244 0.54433 0.641558 34194
0 0  -2.00118 3.07491 63.9097 1.49608 0.586759 70.8845 4.62855 4.84341 0.544453 0.632821 34246
0 0  -2.00405 3.07134 63.9107 1.50169 0.573908 70.8874 4.64768 4.88912 0.543693 0.635091 34306
0 0  -2.00078 3.07779 63.9121 1.49498 0.578873 70.8905 4.65562 4.9289 0.543414 0.634764 34357
0 0  -1.99958 3.07287 63.9049 1.50663 0.574016 70.8827 4.68026 4.95653 0.542809 0.634906 34408
0 0  -2.00284 3.07465 63.9122 1.51099 0.562061 70.8863 4.66406 4.94981 0.542896 0.635044 34460
0 0  -2.00169 3.07521 63.9109 1.51881 0.557826 70.8818 4.66384 4.95245 0.542161 0.635313 34512
0 0  -2.01263 3.08061 63.935 1.52639 0.552226 70.8783 4.68153 4.9568 0.541799 0.634882 34567
0 0  -2.05796 3.06012 63.9898 1.56979 0.539464 70.8464 4.75375 4.97384 0.541387 0.635075 34620
0 0  -2.11197 3.0287 64.0487 1.68596 0.541565 70.7399 4.70514 4.99149 0.53842 0.637323 34676
0 0  -2.26624 2.89951 64.1819 1.92084 0.51385 70.5533 4.78215 5.00357 0.52389 0.646543 34729
0 0  -1.18587 3.15776 62.8095 0.607496 0.833301 71.6461 4.73307 4.93813 0.515506 0.650704 34779
0 0  -1.36084 3.12759 63.0089 0.73563 0.777618 71.5376 4.65376 4.95969 0.599135 0.585415 34835
0 0  -1.62293 3.03573 63.2852 0.990452 0.731348 71.2918 4.66788 4.98176 0.597902 0.593594 34892
0 0  -1.66262 2.98611 63.2954 0.869264 0.773839 71.3931 4.62483 4.88448 0.576315 0.616229 34946
0 0  -0.348283 2.9454 61.7107 -0.429143 1.55875 72.5223 4.49592 4.70986 0.620533 0.588279 34998
0 0  -1.54367 2.87606 63.0279 0.878397 0.962681 71.2632 4.39843 4.68012 0.687973 0.525766 35049
0 0  -1.66476 2.85169 63.1744 0.895303 0.92595 71.2681 4.28984 4.60945 0.58925 0.624298 35102
0 0  -1.28671 2.65984 62.5158 1.20608 0.638605 71.1312 3.91145 4.81873 0.585898 0.627474 35153
0 0  0 0 0 0 0 0 0 0 1.01359 0.813453 35204
0 0  -3.22893 1.07917 64.36 0 0 0 4.52623 0 0.16817 0.745369 35257
0 0  -4.41434 0.538008 67.7031 6.38314 1.22399 67.9789 4.33481 4.52631 1.01359 0.813453 35311
0 0  -4.39803 0.803717 68.2267 5.3444 1.2906 68.2471 4.36186 4.51931 0.0872453 0.573919 35361
0 0  -3.98574 1.16854 66.5289 4.40878 1.31486 68.5998 4.00732 4.42145 0.282363 0.644652 35413
0 0  -2.45852 2.05821 63.7085 1.78088 1.15189 70.3057 3.99209 4.30774 0.29585 0.653269 35463
0 0  -1.03844 2.97346 62.4707 0.196126 1.16103 71.9266 3.97217 4.29024 0.444683 0.682371 35517
0 0  -1.34233 2.95941 62.8338 0.375395 1.14018 71.7195 3.9803 4.34327 0.636924 0.588888 35572
0 0  -1.52537 2.937 63.0573 0.519794 1.11111 71.5679 4.03432 4.39839 0.632419 0.596604 35625
0 0  -1.72805 3.05211 63.455 0.956603 0.754364 71.3125 4.13063 4.45931 0.609917 0.619532 35679
0 0  -1.83632 2.98907 63.5573 1.04532 0.778055 71.2046 4.18717 4.534 0.599132 0.62589 35735
0 0  -1.90104 2.90834 63.5783 1.08521 0.806164 71.146 4.21302 4.50606 0.576045 0.625664 35796
0 0  -1.89523 2.97229 63.6323 1.14962 0.712824 71.14 4.15748 4.50089 0.570777 0.633187 35849
0 0  -1.88992 3.05163 63.704 1.23638 0.628229 71.1077 4.12349 4.46854 0.569393 0.631583 35903
0 0  -3.96203 0.891339 66.0983 4.50663 1.86263 68.3434 4.0569 4.51796 0.562666 0.62667 35957
0 0  -4.34146 0.481604 67.1648 4.67737 2.02181 68.2176 4.24221 4.59272 0.104727 0.556235 36013
0 0  -4.32154 0.070696 66.5738 3.90297 2.03413 68.556 4.13766 4.53998 0.102089 0.560392 36073
0 0  -3.79966 0.901984 65.5981 3.2911 2.08271 68.86 4.22002 4.56153 0.323216 0.648875 36129
0 0  -3.62222 1.0474 65.2452 3.02055 2.1026 69.0101 4.2684 4.59071 0.362634 0.668134 36180
0 0  -2.98603 1.19514 63.9679 3.23678 1.89441 68.9602 4.15986 4.50179 0.376705 0.674641 36232
0 0  -2.93621 1.55483 64.1514 0 0 0 4.10398 0 0.374613 0.675111 36283
0 0  -3.45677 1.19978 64.9676 0 0 0 4.15281 0 1.01359 0.813453 36338
0 0  -3.46449 1.28105 65.0607 3.47604 1.70178 68.9008 4.3137 4.5149 0.132758 0.634792 36388
0 0  -3.48076 1.31514 65.1335 3.31569 1.78696 68.9566 4.32171 4.61662 0.317138 0.501299 36440
0 0  -3.44792 1.3739 65.1078 3.14068 1.81362 69.0473 4.27087 4.57601 0.376978 0.676416 36493
0 0  -3.40476 1.40751 65.0337 3.04883 1.8173 69.1006 4.27402 4.57618 0.385318 0.679183 36548
0 0  -1.67624 2.69855 63.0556 0.945828 1.20514 71.0491 4.15064 4.48742 0.389662 0.680596 36598
0 0  -0.960177 3.20235 62.5728 0.279636 1.21503 71.7883 4.18413 4.54137 0.576955 0.630521 36656
0 0  -1.04861 3.17246 62.6527 0.346013 1.23367 71.6963 4.19334 4.52643 0.630725 0.562901 36710
0 0  -1.2777 3.04883 62.8292 0.431563 1.23156 71.5962 4.25152 4.56305 0.626516 0.587318 36765
0 0  -0.893106 2.84287 62.1994 -0.167654 1.74854 72.0396 4.38753 4.59682 0.650359 0.604217 36817
0 0  -1.09626 2.78131 62.3834 0.029927 1.68777 71.9414 4.35417 4.61229 0.670207 0.597911 36869
0 0  -1.33179 2.72143 62.6207 0.199212 1.66949 71.7425 4.39452 4.59168 0.64484 0.630083 36920
0 0  -1.55076 2.75331 62.9309 0.492797 1.45884 71.5169 4.34534 4.64582 0.634196 0.639503 36971
0 0  -1.65792 2.68362 63.0174 0.598957 1.4341 71.4123 4.35405 4.65606 0.610433 0.644938 37021
0 0  -1.68312 2.7977 63.152 0.841273 1.10725 71.339 4.41836 4.69593 0.602715 0.65102 37073
0 0  -1.64296 3.17053 63.4456 0.990908 0.740797 71.4091 4.39027 4.70753 0.590761 0.646205 37125
0 0  -1.72032 3.09541 63.4861 1.04833 0.759537 71.3374 4.34754 4.68803 0.581914 0.607623 37178
0 0  -1.79881 3.07344 63.5835 1.12556 0.762249 71.2568 4.34555 4.68381 0.575317 0.61925 37229
0 0  -1.94223 2.98087 63.7155 1.21567 0.780951 71.1553 4.32304 4.68698 0.569483 0.624909 37279
0 0  -2.07981 2.88483 63.8427 1.32034 0.839094 71.0181 4.35217 4.69923 0.561078 0.636335 37335
0 0  -2.13605 2.83837 63.8898 1.38459 0.851011 70.9501 4.34505 4.70484 0.55524 0.645813 37388
0 0  -2.16431 2.84133 63.9409 1.43708 0.819301 70.92 4.40984 4.72761 0.5498 0.649719 37438
0 0  -2.14818 2.89004 63.9637 1.52908 0.723075 70.8934 4.37455 4.71429 0.544875 0.651302 37491
0 0  -1.54255 2.88719 63.0363 1.07406 0.88728 71.231 4.30369 4.84335 0.54214 0.649447 37545
0 0  -0.935887 2.70286 62.14 -0.104578 1.69751 72.1092 4.35468 4.71347 0.571309 0.627471 37598
0 0  -1.11708 2.75509 62.3872 0.0355771 1.58801 71.9912 4.36466 4.68617 0.656899 0.618033 37652
0 0  -1.1963 2.72537 62.4579 0.0898842 1.57272 71.9315 4.36384 4.63489 0.65212 0.62078 37713
0 0  -1.2036 2.72251 62.4644 0.18362 1.5167 71.8477 4.33013 4.57722 0.644809 0.626617 37764
0 0  -8.00789 1.05623 62.075 0 0 0 2 0 0.615389 0.624461 37818
0 0  -1.01804 3.05474 62.5146 0 0 0 2.94454 0 1.01347 0.813475 37870
0 0  -0.817824 3.5181 62.6899 0.782453 0.610518 71.7225 4.27338 3.94287 1.01347 0.813475 37923
0 0  -1.04142 3.43932 62.8883 0.639569 0.523558 71.9486 4.29046 4.48539 0.579738 0.5563 37975
0 0  -1.12709 3.36495 62.9261 0.509222 0.665086 72.0019 4.31118 4.53952 0.598298 0.552502 38029
0 0  -1.15642 3.28737 62.8907 0.407833 0.767986 72.0524 4.32289 4.55673 0.613862 0.557038 38083
0 0  -1.18232 3.26072 62.899 0.378322 0.805328 72.0625 4.33661 4.60407 0.618578 0.559059 38140
0 0  -1.20596 3.25034 62.9197 0.35884 0.849312 72.056 4.35659 4.67795 0.623816 0.561728 38196
0 0  -1.16195 3.23705 62.8512 0.306837 0.880764 72.0989 4.35011 4.66615 0.628283 0.564117 38250
0 0  -1.13394 3.25287 62.8303 0.276921 0.866103 72.1468 4.33776 4.65869 0.630278 0.563143 38300
0 0  -1.1052 3.27496 62.8145 0.275624 0.846484 72.1622 4.31175 4.65167 0.631165 0.559007 38350
0 0  -1.10953 3.29683 62.8401 0.294151 0.831791 72.1491 4.28651 4.64556 0.631186 0.553592 38404
0 0  0.289146 3.45023 61.5122 -0.823074 1.34678 73.4287 4.27843 4.65409 0.630219 0.553034 38456
0 0  0.384322 3.46018 61.4387 -0.954608 1.42086 73.6073 4.29786 4.60464 0.676177 0.430628 38511
0 0  0.366655 3.46829 61.46 -0.914252 1.41939 73.5349 4.28401 4.62412 0.6841 0.357 38565
0 0  0.347553 3.50648 61.5064 -0.483663 1.30102 72.9033 4.31868 4.21749 0.683191 0.361575 38617
0 0  0 0 0 0 0 0 0 0 0.654023 0.41522 38670
0 0  0 0 0 0 0 0 0 0 1.01347 0.813475 38722
0 0  -2.17619 2.51143 63.6402 1.82605 -0.0341188 71.1273 4.10691 4.54013 0.390504 0.680868 38772
0 0  -2.34975 2.4351 63.8593 2.05241 0.961193 70.3113 4.2561 4.63114 0.473315 0.676869 38823
0 0  -2.31923 2.45724 63.8278 1.75444 1.09441 70.4833 4.21453 4.58236 0.489482 0.674024 38874
0 0  -2.23529 2.50827 63.7343 1.51526 1.18174 70.6436 4.24624 4.55121 0.515317 0.674734 38928
0 0  -2.17558 2.27938 59.3492 1.74386 1.23044 70.4206 3.91587 4.53674 0.52544 0.674139 38979
0 0  -2.5356 2.11324 59.8048 2.18965 1.1748 70.0935 4.02305 4.67175 0.540652 0.669883 39029
0 0  -2.38207 2.20871 59.6248 1.87805 1.22807 70.3111 4.04763 4.68119 0.481806 0.684751 39080
0 0  -2.48329 2.17995 59.7738 2.94379 0.989334 69.6601 4.02854 4.70934 0.503038 0.682371 39133
0 0  -3.27723 1.96143 61.2353 3.69873 0.789789 69.3148 4.25633 4.84711 0.370398 0.681639 39187
0 0  -3.18935 2.02169 61.0823 3.34884 0.842558 69.4853 4.28796 4.88153 0.384435 0.681999 39237
0 0  -3.01573 2.11275 60.7717 3.04324 0.85646 69.6642 4.29859 4.89386 0.408777 0.683113 39291
0 0  -2.84311 2.21627 60.5056 2.71338 0.895729 69.8601 4.33907 4.89928 0.425796 0.683188 39343
0 0  -2.72472 2.27797 60.3266 2.52214 0.905908 69.9879 4.3456 4.90109 0.450341 0.682197 39392
0 0  -3.1246 1.16273 60.1038 2.23479 2.06496 69.6663 4.30185 5.17885 0.458814 0.681465 39443
0 0  -3.00539 1.07361 59.8047 2.15048 2.44333 69.5898 4.18078 4.82392 0.417783 0.695772 39497
0 0  -2.93168 1.21918 59.7753 2.13402 2.3409 69.6373 4.12496 4.77662 0.42129 0.696489 39551
0 0  -2.86069 1.31215 59.7156 2.04225 2.25331 69.7363 4.06998 4.6928 0.43326 0.699233 39602
0 0  -2.97988 1.25114 59.8902 2.31748 2.22023 69.5497 3.97999 4.65182 0.437238 0.700079 39654
0 0  -3.00092 1.24232 59.9235 2.33444 2.19777 69.546 4.03055 4.67356 0.445498 0.702024 39704
0 0  -2.90919 1.3741 59.8533 2.30354 2.06827 69.6161 4.04637 4.63966 0.427178 0.695757 39761
0 0  -2.87322 1.45252 59.8488 2.31687 1.98574 69.6386 3.95854 4.6478 0.430608 0.695985 39813
0 0  -2.83939 1.53568 59.8536 2.34663 1.90367 69.6502 4.02112 4.64564 0.435619 0.695408 39866
0 0  -2.72881 1.61595 59.7175 2.32999 1.83334 69.6905 3.96514 4.64679 0.437475 0.694832 39917
0 0  -2.37959 1.82843 59.2966 1.78913 1.84847 70.0925 4.01131 4.66793 0.436286 0.693788 39968
0 0  -2.45034 1.8045 59.3924 1.84179 1.83826 70.0548 3.9797 4.6579 0.482169 0.698434 40022
0 0  -2.46941 1.77775 59.4023 1.85032 1.86581 70.0364 3.98697 4.66762 0.478215 0.698595 40073
0 0  -2.46848 1.76872 59.3935 1.83286 1.87493 70.0464 4.00442 4.67615 0.47769 0.698758 40128
0 0  -2.45659 1.78109 59.3839 1.82254 1.87735 70.0535 4.01588 4.67912 0.477916 0.699512 40179
0 0  -2.33784 1.82084 59.2241 1.5535 1.93636 70.249 4.00744 4.67405 0.478549 0.699424 40233
0 0  -2.18017 1.88688 59.0326 1.42705 1.94375 70.3541 4.01058 4.66965 0.497142 0.702573 40284
0 0  -2.17387 1.88607 59.0225 1.41867 1.92725 70.3685 4.04636 4.67412 0.505503 0.702113 40337
0 0  -2.17387 1.88607 59.0225 1.41867 1.92725 70.3685 4.04636 4.67412 0.505503 0.702113 40391
0 0  -2.17387 1.88607 59.0225 1.41867 1.92725 70.3685 4.04636 4.67412 0.505503 0.702113 40445
0 0  -2.17387 1.88607 59.0225 1.41867 1.92725 70.3685 4.04636 4.67412 0.505503 0.702113 40497
0 0  -2.17387 1.88607 59.0225 1.41867 1.92725 70.3685 4.04636 4.67412 0.505503 0.702113 40550
0 0  -2.17387 1.88607 59.0225 1.41867 1.92725 70.3685 4.04636 4.67412 0.505503 0.702113 40602
0 0  -2.17387 1.88607 59.0225 1.41867 1.92725 70.3685 4.04636 4.67412 0.505503 0.702113 40654
0 0  -2.17387 1.88607 59.0225 1.41867 1.92725 70.3685 4.04636 4.67412 0.505503 0.702113 40705
0 0  -2.17387 1.88607 59.0225 1.41867 1.92725 70.3685 4.04636 4.67412 0.505503 0.702113 40761
0 0  -2.17387 1.88607 59.0225 1.41867 1.92725 70.3685 4.04636 4.67412 0.505503 0.702113 40812
0 0  -2.17387 1.88607 59.0225 1.41867 1.92725 70.3685 4.04636 4.67412 0.505503 0.702113 40863
0 0  -2.17387 1.88607 59.0225 1.41867 1.92725 70.3685 4.04636 4.67412 0.505503 0.702113 40917
0 0  -2.17387 1.88607 59.0225 1.41867 1.92725 70.3685 4.04636 4.67412 0.505503 0.702113 40967
0 0  -2.17387 1.88607 59.0225 1.41867 1.92725 70.3685 4.04636 4.67412 0.505503 0.702113 41020
0 0  -2.17387 1.88607 59.0225 1.41867 1.92725 70.3685 4.04636 4.67412 0.505503 0.702113 41069
0 0  -2.17387 1.88607 59.0225 1.41867 1.92725 70.3685 4.04636 4.67412 0.505503 0.702113 41121
0 0  -2.17387 1.88607 59.0225 1.41867 1.92725 70.3685 4.04636 4.67412 0.505503 0.702113 41174
0 0  -2.17387 1.88607 59.0225 1.41867 1.92725 70.3685 4.04636 4.67412 0.505503 0.702113 41227
0 0  -2.17387 1.88607 59.0225 1.41867 1.92725 70.3685 4.04636 4.67412 0.505503 0.702113 41276
0 0  -2.17387 1.88607 59.0225 1.41867 1.92725 70.3685 4.04636 4.67412 0.505503 0.702113 41329
0 0  -2.17387 1.88607 59.0225 1.41867 1.92725 70.3685 4.04636 4.67412 0.505503 0.702113 41382
0 0  -2.17387 1.88607 59.0225 1.41867 1.92725 70.3685 4.04636 4.67412 0.505503 0.702113 41435
0 0  -2.17387 1.88607 59.0225 1.41867 1.92725 70.3685 4.04636 4.67412 0.505503 0.702113 41486
0 0  -2.17387 1.88607 59.0225 1.41867 1.92725 70.3685 4.04636 4.67412 0.505503 0.702113 41539
0 0  -2.17387 1.88607 59.0225 1.41867 1.92725 70.3685 4.04636 4.67412 0.505503 0.702113 41591
0 0  -2.17387 1.88607 59.0225 1.41867 1.92725 70.3685 4.04636 4.67412 0.505503 0.702113 41645
0 0  -2.17387 1.88607 59.0225 1.41867 1.92725 70.3685 4.04636 4.67412 0.505503 0.702113 41696
0 0  -2.17387 1.88607 59.0225 1.41867 1.92725 70.3685 4.04636 4.67412 0.505503 0.702113 41747
0 0  -2.17387 1.88607 59.0225 1.41867 1.92725 70.3685 4.04636 4.67412 0.505503 0.702113 41798
0 0  -2.17387 1.88607 59.0225 1.41867 1.92725 70.3685 4.04636 4.67412 0.505503 0.702113 41850
0 0  -2.17387 1.88607 59.0225 1.41867 1.92725 70.3685 4.04636 4.67412 0.505503 0.702113 41904
0 0  -2.17387 1.88607 59.0225 1.41867 1.92725 70.3685 4.04636 4.67412 0.505503 0.702113 41958
0 0  -2.17387 1.88607 59.0225 1.41867 1.92725 70.3685 4.04636 4.67412 0.505503 0.702113 42009
0 0  -2.17387 1.88607 59.0225 1.41867 1.92725 70.3685 4.04636 4.67412 0.505503 0.702113 42063
0 0  -2.17387 1.88607 59.0225 1.41867 1.92725 70.3685 4.04636 4.67412 0.505503 0.702113 42114
0 0  -2.17387 1.88607 59.0225 1.41867 1.92725 70.3685 4.04636 4.67412 0.505503 0.702113 42166
0 0  -2.17387 1.88607 59.0225 1.41867 1.92725 70.3685 4.04636 4.67412 0.505503 0.702113 42219
0 0  -2.17387 1.88607 59.0225 1.41867 1.92725 70.3685 4.04636 4.67412 0.505503 0.702113 42270
0 0  -2.17387 1.88607 59.0225 1.41867 1.92725 70.3685 4.04636 4.67412 0.505503 0.702113 42322
0 0  -2.17387 1.88607 59.0225 1.41867 1.92725 70.3685 4.04636 4.67412 0.505503 0.702113 42373
0 0  -2.17387 1.88607 59.0225 1.41867 1.92725 70.3685 4.04636 4.67412 0.505503 0.702113 42424
0 0  -2.17387 1.88607 59.0225 1.41867 1.92725 70.3685 4.04636 4.67412 0.505503 0.702113 42477
0 0  -2.17387 1.88607 59.0225 1.41867 1.92725 70.3685 4.04636 4.67412 0.505503 0.702113 42527
0 0  -2.17387 1.88607 59.0225 1.41867 1.92725 70.3685 4.04636 4.67412 0.505503 0.702113 42581
0 0  -2.17387 1.88607 59.0225 1.41867 1.92725 70.3685 4.04636 4.67412 0.505503 0.702113 42635
0 0  -2.17387 1.88607 59.0225 1.41867 1.92725 70.3685 4.04636 4.67412 0.505503 0.702113 42687
0 0  -2.17387 1.88607 59.0225 1.41867 1.92725 70.3685 4.04636 4.67412 0.505503 0.702113 42740
0 0  -2.17387 1.88607 59.0225 1.41867 1.92725 70.3685 4.04636 4.67412 0.505503 0.702113 42791
0 0  -2.17387 1.88607 59.0225 1.41867 1.92725 70.3685 4.04636 4.67412 0.505503 0.702113 42841
0 0  -2.17387 1.88607 59.0225 1.41867 1.92725 70.3685 4.04636 4.67412 0.505503 0.702113 42894
0 0  -2.17387 1.88607 59.0225 1.41867 1.92725 70.3685 4.04636 4.67412 0.505503 0.702113 42946
0 0  -2.17387 1.88607 59.0225 1.41867 1.92725 70.3685 4.04636 4.67412 0.505503 0.702113 42998
0 0  -2.17387 1.88607 59.0225 1.41867 1.92725 70.3685 4.04636 4.67412 0.505503 0.702113 43051
0 0  -2.17387 1.88607 59.0225 1.41867 1.92725 70.3685 4.04636 4.67412 0.505503 0.702113 43103
0 0  -2.17387 1.88607 59.0225 1.41867 1.92725 70.3685 4.04636 4.67412 0.505503 0.702113 43157
0 0  -2.17387 1.88607 59.0225 1.41867 1.92725 70.3685 4.04636 4.67412 0.505503 0.702113 43210
0 0  -2.17387 1.88607 59.0225 1.41867 1.92725 70.3685 4.04636 4.67412 0.505503 0.702113 43261
0 0  -2.17387 1.88607 59.0225 1.41867 1.92725 70.3685 4.04636 4.67412 0.505503 0.702113 43313
0 0  -2.17387 1.88607 59.0225 1.41867 1.92725 70.3685 4.04636 4.67412 0.505503 0.702113 43366
0 0  -2.17387 1.88607 59.0225 1.41867 1.92725 70.3685 4.04636 4.67412 0.505503 0.702113 43417
0 0  -2.17387 1.88607 59.0225 1.41867 1.92725 70.3685 4.04636 4.67412 0.505503 0.702113 43470
0 0  -2.17387 1.88607 59.0225 1.41867 1.92725 70.3685 4.04636 4.67412 0.505503 0.702113 43520
0 0  -2.17387 1.88607 59.0225 1.41867 1.92725 70.3685 4.04636 4.67412 0.505503 0.702113 43573
0 0  -2.17387 1.88607 59.0225 1.41867 1.92725 70.3685 4.04636 4.67412 0.505503 0.702113 43626
0 0  -2.17387 1.88607 59.0225 1.41867 1.92725 70.3685 4.04636 4.67412 0.505503 0.702113 43678
0 0  -2.17387 1.88607 59.0225 1.41867 1.92725 70.3685 4.04636 4.67412 0.505503 0.702113 43731
0 0  -2.17387 1.88607 59.0225 1.41867 1.92725 70.3685 4.04636 4.67412 0.505503 0.702113 43784
0 0  -2.17387 1.88607 59.0225 1.41867 1.92725 70.3685 4.04636 4.67412 0.505503 0.702113 43834
0 0  -2.17387 1.88607 59.0225 1.41867 1.92725 70.3685 4.04636 4.67412 0.505503 0.702113 43885
0 0  -2.17387 1.88607 59.0225 1.41867 1.92725 70.3685 4.04636 4.67412 0.505503 0.702113 43935
0 0  -2.17387 1.88607 59.0225 1.41867 1.92725 70.3685 4.04636 4.67412 0.505503 0.702113 43986
0 0  -2.17387 1.88607 59.0225 1.41867 1.92725 70.3685 4.04636 4.67412 0.505503 0.702113 44037
0 0  -2.17387 1.88607 59.0225 1.41867 1.92725 70.3685 4.04636 4.67412 0.505503 0.702113 44088
0 0  -2.17387 1.88607 59.0225 1.41867 1.92725 70.3685 4.04636 4.67412 0.505503 0.702113 44141
0 0  -2.17387 1.88607 59.0225 1.41867 1.92725 70.3685 4.04636 4.67412 0.505503 0.702113 44194
0 0  -2.17387 1.88607 59.0225 1.41867 1.92725 70.3685 4.04636 4.67412 0.505503 0.702113 44243
0 0  -2.17387 1.88607 59.0225 1.41867 1.92725 70.3685 4.04636 4.67412 0.505503 0.702113 44295
0 0  -2.17387 1.88607 59.0225 1.41867 1.92725 70.3685 4.04636 4.67412 0.505503 0.702113 44349
0 0  -2.17387 1.88607 59.0225 1.41867 1.92725 70.3685 4.04636 4.67412 0.505503 0.702113 44398
0 0  -2.17387 1.88607 59.0225 1.41867 1.92725 70.3685 4.04636 4.67412 0.505503 0.702113 44450
0 0  -2.17387 1.88607 59.0225 1.41867 1.92725 70.3685 4.04636 4.67412 0.505503 0.702113 44504
0 0  -2.17387 1.88607 59.0225 1.41867 1.92725 70.3685 4.04636 4.67412 0.505503 0.702113 44556
0 0  -2.17387 1.88607 59.0225 1.41867 1.92725 70.3685 4.04636 4.67412 0.505503 0.702113 44610
0 0  -2.17387 1.88607 59.0225 1.41867 1.92725 70.3685 4.04636 4.67412 0.505503 0.702113 44662
0 0  -2.17387 1.88607 59.0225 1.41867 1.92725 70.3685 4.04636 4.67412 0.505503 0.702113 44714
0 0  -2.17387 1.88607 59.0225 1.41867 1.92725 70.3685 4.04636 4.67412 0.505503 0.702113 44764
0 0  -2.17387 1.88607 59.0225 1.41867 1.92725 70.3685 4.04636 4.67412 0.505503 0.702113 44818
0 0  -2.17387 1.88607 59.0225 1.41867 1.92725 70.3685 4.04636 4.67412 0.505503 0.702113 44869
0 0  -2.17387 1.88607 59.0225 1.41867 1.92725 70.3685 4.04636 4.67412 0.505503 0.702113 44923
0 0  -2.17387 1.88607 59.0225 1.41867 1.92725 70.3685 4.04636 4.67412 0.505503 0.702113 44972
0 0  -2.17387 1.88607 59.0225 1.41867 1.92725 70.3685 4.04636 4.67412 0.505503 0.702113 45024
0 0  -2.17387 1.88607 59.0225 1.41867 1.92725 70.3685 4.04636 4.67412 0.505503 0.702113 45080
0 0  -2.17387 1.88607 59.0225 1.41867 1.92725 70.3685 4.04636 4.67412 0.505503 0.702113 45132
0 0  -2.17387 1.88607 59.0225 1.41867 1.92725 70.3685 4.04636 4.67412 0.505503 0.702113 45184
0 0  -2.17387 1.88607 59.0225 1.41867 1.92725 70.3685 4.04636 4.67412 0.505503 0.702113 45237
0 0  -2.17387 1.88607 59.0225 1.41867 1.92725 70.3685 4.04636 4.67412 0.505503 0.702113 45288
0 0  -2.17387 1.88607 59.0225 1.41867 1.92725 70.3685 4.04636 4.67412 0.505503 0.702113 45341
0 0  -2.17387 1.88607 59.0225 1.41867 1.92725 70.3685 4.04636 4.67412 0.505503 0.702113 45392
0 0  -2.17387 1.88607 59.0225 1.41867 1.92725 70.3685 4.04636 4.67412 0.505503 0.702113 45445
0 0  -2.17387 1.88607 59.0225 1.41867 1.92725 70.3685 4.04636 4.67412 0.505503 0.702113 45498
0 0  -2.17387 1.88607 59.0225 1.41867 1.92725 70.3685 4.04636 4.67412 0.505503 0.702113 45550
0 0  -2.17387 1.88607 59.0225 1.41867 1.92725 70.3685 4.04636 4.67412 0.505503 0.702113 45601
0 0  -2.17387 1.88607 59.0225 1.41867 1.92725 70.3685 4.04636 4.67412 0.505503 0.702113 45651
0 0  -2.17387 1.88607 59.0225 1.41867 1.92725 70.3685 4.04636 4.67412 0.505503 0.702113 45706
0 0  -2.17387 1.88607 59.0225 1.41867 1.92725 70.3685 4.04636 4.67412 0.505503 0.702113 45755
0 0  -2.17387 1.88607 59.0225 1.41867 1.92725 70.3685 4.04636 4.67412 0.505503 0.702113 45806
0 0  -2.17387 1.88607 59.0225 1.41867 1.92725 70.3685 4.04636 4.67412 0.505503 0.702113 45858
0 0  -2.17387 1.88607 59.0225 1.41867 1.92725 70.3685 4.04636 4.67412 0.505503 0.702113 45912
0 0  -2.17387 1.88607 59.0225 1.41867 1.92725 70.3685 4.04636 4.67412 0.505503 0.702113 45962
0 0  -2.17387 1.88607 59.0225 1.41867 1.92725 70.3685 4.04636 4.67412 0.505503 0.702113 46015
0 0  -2.17387 1.88607 59.0225 1.41867 1.92725 70.3685 4.04636 4.67412 0.505503 0.702113 46066
0 0  -2.17387 1.88607 59.0225 1.41867 1.92725 70.3685 4.04636 4.67412 0.505503 0.702113 46119
0 0  -2.17387 1.88607 59.0225 1.41867 1.92725 70.3685 4.04636 4.67412 0.505503 0.702113 46172
0 0  -2.17387 1.88607 59.0225 1.41867 1.92725 70.3685 4.04636 4.67412 0.505503 0.702113 46225
0 0  -2.17387 1.88607 59.0225 1.41867 1.92725 70.3685 4.04636 4.67412 0.505503 0.702113 46277
0 0  -2.17387 1.88607 59.0225 1.41867 1.92725 70.3685 4.04636 4.67412 0.505503 0.702113 46328
0 0  -2.17387 1.88607 59.0225 1.41867 1.92725 70.3685 4.04636 4.67412 0.505503 0.702113 46381
0 0  -2.17387 1.88607 59.0225 1.41867 1.92725 70.3685 4.04636 4.67412 0.505503 0.702113 46432
0 0  -2.17387 1.88607 59.0225 1.41867 1.92725 70.3685 4.04636 4.67412 0.505503 0.702113 46486
0 0  -2.17387 1.88607 59.0225 1.41867 1.92725 70.3685 4.04636 4.67412 0.505503 0.702113 46538
0 0  -2.17387 1.88607 59.0225 1.41867 1.92725 70.3685 4.04636 4.67412 0.505503 0.702113 46587
0 0  -2.17387 1.88607 59.0225 1.41867 1.92725 70.3685 4.04636 4.67412 0.505503 0.702113 46641
0 0  -2.17387 1.88607 59.0225 1.41867 1.92725 70.3685 4.04636 4.67412 0.505503 0.702113 46692
0 0  -2.17387 1.88607 59.0225 1.41867 1.92725 70.3685 4.04636 4.67412 0.505503 0.702113 46745
0 0  -2.17387 1.88607 59.0225 1.41867 1.92725 70.3685 4.04636 4.67412 0.505503 0.702113 46798
0 0  -2.17387 1.88607 59.0225 1.41867 1.92725 70.3685 4.04636 4.67412 0.505503 0.702113 46849
0 0  -2.17387 1.88607 59.0225 1.41867 1.92725 70.3685 4.04636 4.67412 0.505503 0.702113 46899
0 0  -2.17387 1.88607 59.0225 1.41867 1.92725 70.3685 4.04636 4.67412 0.505503 0.702113 46953
0 0  -2.17387 1.88607 59.0225 1.41867 1.92725 70.3685 4.04636 4.67412 0.505503 0.702113 47005
0 0  -2.17387 1.88607 59.0225 1.41867 1.92725 70.3685 4.04636 4.67412 0.505503 0.702113 47056
0 0  -2.17387 1.88607 59.0225 1.41867 1.92725 70.3685 4.04636 4.67412 0.505503 0.702113 47106
0 0  -2.17387 1.88607 59.0225 1.41867 1.92725 70.3685 4.04636 4.67412 0.505503 0.702113 47158
0 0  -2.17387 1.88607 59.0225 1.41867 1.92725 70.3685 4.04636 4.67412 0.505503 0.702113 47210
0 0  -2.17387 1.88607 59.0225 1.41867 1.92725 70.3685 4.04636 4.67412 0.505503 0.702113 47264
0 0  -2.17387 1.88607 59.0225 1.41867 1.92725 70.3685 4.04636 4.67412 0.505503 0.702113 47314
0 0  -2.17387 1.88607 59.0225 1.41867 1.92725 70.3685 4.04636 4.67412 0.505503 0.702113 47366
0 0  -2.17387 1.88607 59.0225 1.41867 1.92725 70.3685 4.04636 4.67412 0.505503 0.702113 47418
0 0  -2.17387 1.88607 59.0225 1.41867 1.92725 70.3685 4.04636 4.67412 0.505503 0.702113 47469
0 0  -2.17387 1.88607 59.0225 1.41867 1.92725 70.3685 4.04636 4.67412 0.505503 0.702113 47520
0 0  -2.17387 1.88607 59.0225 1.41867 1.92725 70.3685 4.04636 4.67412 0.505503 0.702113 47572
0 0  -2.17387 1.88607 59.0225 1.41867 1.92725 70.3685 4.04636 4.67412 0.505503 0.702113 47625
0 0  -2.17387 1.88607 59.0225 1.41867 1.92725 70.3685 4.04636 4.67412 0.505503 0.702113 47677
0 0  -2.17387 1.88607 59.0225 1.41867 1.92725 70.3685 4.04636 4.67412 0.505503 0.702113 47729
0 0  -2.17387 1.88607 59.0225 1.41867 1.92725 70.3685 4.04636 4.67412 0.505503 0.702113 47780
0 0  -2.17387 1.88607 59.0225 1.41867 1.92725 70.3685 4.04636 4.67412 0.505503 0.702113 47831
0 0  -2.17387 1.88607 59.0225 1.41867 1.92725 70.3685 4.04636 4.67412 0.505503 0.702113 47884
0 0  -2.17387 1.88607 59.0225 1.41867 1.92725 70.3685 4.04636 4.67412 0.505503 0.702113 47935
0 0  -2.17387 1.88607 59.0225 1.41867 1.92725 70.3685 4.04636 4.67412 0.505503 0.702113 47989
0 0  -2.17387 1.88607 59.0225 1.41867 1.92725 70.3685 4.04636 4.67412 0.505503 0.702113 48041
0 0  -2.17387 1.88607 59.0225 1.41867 1.92725 70.3685 4.04636 4.67412 0.505503 0.702113 48095
0 0  -2.17387 1.88607 59.0225 1.41867 1.92725 70.3685 4.04636 4.67412 0.505503 0.702113 48148
0 0  -2.17387 1.88607 59.0225 1.41867 1.92725 70.3685 4.04636 4.67412 0.505503 0.702113 48201
0 0  -2.17387 1.88607 59.0225 1.41867 1.92725 70.3685 4.04636 4.67412 0.505503 0.702113 48254
0 0  -2.17387 1.88607 59.0225 1.41867 1.92725 70.3685 4.04636 4.67412 0.505503 0.702113 48305
0 0  -2.17387 1.88607 59.0225 1.41867 1.92725 70.3685 4.04636 4.67412 0.505503 0.702113 48358
0 0  -2.17387 1.88607 59.0225 1.41867 1.92725 70.3685 4.04636 4.67412 0.505503 0.702113 48408
0 0  -2.17387 1.88607 59.0225 1.41867 1.92725 70.3685 4.04636 4.67412 0.505503 0.702113 48461
0 0  -2.17387 1.88607 59.0225 1.41867 1.92725 70.3685 4.04636 4.67412 0.505503 0.702113 48513
0 0  -2.17387 1.88607 59.0225 1.41867 1.92725 70.3685 4.04636 4.67412 0.505503 0.702113 48564
0 0  -2.17387 1.88607 59.0225 1.41867 1.92725 70.3685 4.04636 4.67412 0.505503 0.702113 48616
0 0  -2.17387 1.88607 59.0225 1.41867 1.92725 70.3685 4.04636 4.67412 0.505503 0.702113 48668
0 0  -2.17387 1.88607 59.0225 1.41867 1.92725 70.3685 4.04636 4.67412 0.505503 0.702113 48721
0 0  -2.17387 1.88607 59.0225 1.41867 1.92725 70.3685 4.04636 4.67412 0.505503 0.702113 48770
0 0  -2.17387 1.88607 59.0225 1.41867 1.92725 70.3685 4.04636 4.67412 0.505503 0.702113 48822
0 0  -2.17387 1.88607 59.0225 1.41867 1.92725 70.3685 4.04636 4.67412 0.505503 0.702113 48874
0 0  -2.17387 1.88607 59.0225 1.41867 1.92725 70.3685 4.04636 4.67412 0.505503 0.702113 48927
0 0  -2.17387 1.88607 59.0225 1.41867 1.92725 70.3685 4.04636 4.67412 0.505503 0.702113 48977
0 0  -2.17387 1.88607 59.0225 1.41867 1.92725 70.3685 4.04636 4.67412 0.505503 0.702113 49030
0 0  -2.17387 1.88607 59.0225 1.41867 1.92725 70.3685 4.04636 4.67412 0.505503 0.702113 49082
0 0  -2.17387 1.88607 59.0225 1.41867 1.92725 70.3685 4.04636 4.67412 0.505503 0.702113 49134
0 0  -2.17387 1.88607 59.0225 1.41867 1.92725 70.3685 4.04636 4.67412 0.505503 0.702113 49185
0 0  -2.17387 1.88607 59.0225 1.41867 1.92725 70.3685 4.04636 4.67412 0.505503 0.702113 49238
0 0  -2.17387 1.88607 59.0225 1.41867 1.92725 70.3685 4.04636 4.67412 0.505503 0.702113 49291
0 0  -2.17387 1.88607 59.0225 1.41867 1.92725 70.3685 4.04636 4.67412 0.505503 0.702113 49342
0 0  -2.17387 1.88607 59.0225 1.41867 1.92725 70.3685 4.04636 4.67412 0.505503 0.702113 49393
0 0  -2.17387 1.88607 59.0225 1.41867 1.92725 70.3685 4.04636 4.67412 0.505503 0.702113 49445
0 0  -2.17387 1.88607 59.0225 1.41867 1.92725 70.3685 4.04636 4.67412 0.505503 0.702113 49497
0 0  -2.17387 1.88607 59.0225 1.41867 1.92725 70.3685 4.04636 4.67412 0.505503 0.702113 49550
0 0  -2.17387 1.88607 59.0225 1.41867 1.92725 70.3685 4.04636 4.67412 0.505503 0.702113 49600
0 0  -2.17387 1.88607 59.0225 1.41867 1.92725 70.3685 4.04636 4.67412 0.505503 0.702113 49652
0 0  -2.17387 1.88607 59.0225 1.41867 1.92725 70.3685 4.04636 4.67412 0.505503 0.702113 49705
0 0  -2.17387 1.88607 59.0225 1.41867 1.92725 70.3685 4.04636 4.67412 0.505503 0.702113 49755
0 0  -2.17387 1.88607 59.0225 1.41867 1.92725 70.3685 4.04636 4.67412 0.505503 0.702113 49807
0 0  -2.17387 1.88607 59.0225 1.41867 1.92725 70.3685 4.04636 4.67412 0.505503 0.702113 49861
0 0  -2.17387 1.88607 59.0225 1.41867 1.92725 70.3685 4.04636 4.67412 0.505503 0.702113 49914
0 0  -2.17387 1.88607 59.0225 1.41867 1.92725 70.3685 4.04636 4.67412 0.505503 0.702113 49965
0 0  -2.17387 1.88607 59.0225 1.41867 1.92725 70.3685 4.04636 4.67412 0.505503 0.702113 50019
0 0  -2.17387 1.88607 59.0225 1.41867 1.92725 70.3685 4.04636 4.67412 0.505503 0.702113 50069
0 0  -2.17387 1.88607 59.0225 1.41867 1.92725 70.3685 4.04636 4.67412 0.505503 0.702113 50121
0 0  -2.17387 1.88607 59.0225 1.41867 1.92725 70.3685 4.04636 4.67412 0.505503 0.702113 50170
0 0  -2.17387 1.88607 59.0225 1.41867 1.92725 70.3685 4.04636 4.67412 0.505503 0.702113 50221
0 0  -2.17387 1.88607 59.0225 1.41867 1.92725 70.3685 4.04636 4.67412 0.505503 0.702113 50271
0 0  -2.17387 1.88607 59.0225 1.41867 1.92725 70.3685 4.04636 4.67412 0.505503 0.702113 50325
0 0  -2.17387 1.88607 59.0225 1.41867 1.92725 70.3685 4.04636 4.67412 0.505503 0.702113 50379
0 0  -2.17387 1.88607 59.0225 1.41867 1.92725 70.3685 4.04636 4.67412 0.505503 0.702113 50431
0 0  -2.17387 1.88607 59.0225 1.41867 1.92725 70.3685 4.04636 4.67412 0.505503 0.702113 50482
0 0  -2.17387 1.88607 59.0225 1.41867 1.92725 70.3685 4.04636 4.67412 0.505503 0.702113 50535
0 0  -2.17387 1.88607 59.0225 1.41867 1.92725 70.3685 4.04636 4.67412 0.505503 0.702113 50584
0 0  -2.17387 1.88607 59.0225 1.41867 1.92725 70.3685 4.04636 4.67412 0.505503 0.702113 50638
0 0  -2.17387 1.88607 59.0225 1.41867 1.92725 70.3685 4.04636 4.67412 0.505503 0.702113 50688
0 0  -2.17387 1.88607 59.0225 1.41867 1.92725 70.3685 4.04636 4.67412 0.505503 0.702113 50741
0 0  -2.17387 1.88607 59.0225 1.41867 1.92725 70.3685 4.04636 4.67412 0.505503 0.702113 50792
0 0  -2.17387 1.88607 59.0225 1.41867 1.92725 70.3685 4.04636 4.67412 0.505503 0.702113 50843
0 0  -2.17387 1.88607 59.0225 1.41867 1.92725 70.3685 4.04636 4.67412 0.505503 0.702113 50895
0 0  -2.17387 1.88607 59.0225 1.41867 1.92725 70.3685 4.04636 4.67412 0.505503 0.702113 50949
0 0  -2.17387 1.88607 59.0225 1.41867 1.92725 70.3685 4.04636 4.67412 0.505503 0.702113 51002
0 0  -2.17387 1.88607 59.0225 1.41867 1.92725 70.3685 4.04636 4.67412 0.505503 0.702113 51054
0 0  -2.17387 1.88607 59.0225 1.41867 1.92725 70.3685 4.04636 4.67412 0.505503 0.702113 51105
0 0  -2.17387 1.88607 59.0225 1.41867 1.92725 70.3685 4.04636 4.67412 0.505503 0.702113 51156
0 0  -2.17387 1.88607 59.0225 1.41867 1.92725 70.3685 4.04636 4.67412 0.505503 0.702113 51207
0 0  -2.17387 1.88607 59.0225 1.41867 1.92725 70.3685 4.04636 4.67412 0.505503 0.702113 51259
0 0  -2.17387 1.88607 59.0225 1.41867 1.92725 70.3685 4.04636 4.67412 0.505503 0.702113 51311
0 0  -2.17387 1.88607 59.0225 1.41867 1.92725 70.3685 4.04636 4.67412 0.505503 0.702113 51364
0 0  -2.17387 1.88607 59.0225 1.41867 1.92725 70.3685 4.04636 4.67412 0.505503 0.702113 51417
0 0  -2.17387 1.88607 59.0225 1.41867 1.92725 70.3685 4.04636 4.67412 0.505503 0.702113 51469
0 0  -2.17387 1.88607 59.0225 1.41867 1.92725 70.3685 4.04636 4.67412 0.505503 0.702113 51522
0 0  -2.17387 1.88607 59.0225 1.41867 1.92725 70.3685 4.04636 4.67412 0.505503 0.702113 51574
0 0  -2.17387 1.88607 59.0225 1.41867 1.92725 70.3685 4.04636 4.67412 0.505503 0.702113 51625
0 0  -2.17387 1.88607 59.0225 1.41867 1.92725 70.3685 4.04636 4.67412 0.505503 0.702113 51678
0 0  -2.17387 1.88607 59.0225 1.41867 1.92725 70.3685 4.04636 4.67412 0.505503 0.702113 51728
0 0  -2.17387 1.88607 59.0225 1.41867 1.92725 70.3685 4.04636 4.67412 0.505503 0.702113 51779
0 0  -2.17387 1.88607 59.0225 1.41867 1.92725 70.3685 4.04636 4.67412 0.505503 0.702113 51831
0 0  -2.17387 1.88607 59.0225 1.41867 1.92725 70.3685 4.04636 4.67412 0.505503 0.702113 51884
0 0  -2.17387 1.88607 59.0225 1.41867 1.92725 70.3685 4.04636 4.67412 0.505503 0.702113 51937
0 0  -2.17387 1.88607 59.0225 1.41867 1.92725 70.3685 4.04636 4.67412 0.505503 0.702113 51987
0 0  -2.17387 1.88607 59.0225 1.41867 1.92725 70.3685 4.04636 4.67412 0.505503 0.702113 52041
0 0  -2.17387 1.88607 59.0225 1.41867 1.92725 70.3685 4.04636 4.67412 0.505503 0.702113 52094
0 0  -2.17387 1.88607 59.0225 1.41867 1.92725 70.3685 4.04636 4.67412 0.505503 0.702113 52147
0 0  -2.17387 1.88607 59.0225 1.41867 1.92725 70.3685 4.04636 4.67412 0.505503 0.702113 52200
0 0  -2.17387 1.88607 59.0225 1.41867 1.92725 70.3685 4.04636 4.67412 0.505503 0.702113 52251
0 0  -2.17387 1.88607 59.0225 1.41867 1.92725 70.3685 4.04636 4.67412 0.505503 0.702113 52301
0 0  -2.17387 1.88607 59.0225 1.41867 1.92725 70.3685 4.04636 4.67412 0.505503 0.702113 52355
0 0  -2.17387 1.88607 59.0225 1.41867 1.92725 70.3685 4.04636 4.67412 0.505503 0.702113 52406
0 0  -2.17387 1.88607 59.0225 1.41867 1.92725 70.3685 4.04636 4.67412 0.505503 0.702113 52458
0 0  -2.17387 1.88607 59.0225 1.41867 1.92725 70.3685 4.04636 4.67412 0.505503 0.702113 52511
0 0  -2.17387 1.88607 59.0225 1.41867 1.92725 70.3685 4.04636 4.67412 0.505503 0.702113 52562
0 0  -2.17387 1.88607 59.0225 1.41867 1.92725 70.3685 4.04636 4.67412 0.505503 0.702113 52615
0 0  -2.17387 1.88607 59.0225 1.41867 1.92725 70.3685 4.04636 4.67412 0.505503 0.702113 52667
0 0  -2.17387 1.88607 59.0225 1.41867 1.92725 70.3685 4.04636 4.67412 0.505503 0.702113 52721
0 0  -2.17387 1.88607 59.0225 1.41867 1.92725 70.3685 4.04636 4.67412 0.505503 0.702113 52772
0 0  -2.17387 1.88607 59.0225 1.41867 1.92725 70.3685 4.04636 4.67412 0.505503 0.702113 52824
0 0  -2.17387 1.88607 59.0225 1.41867 1.92725 70.3685 4.04636 4.67412 0.505503 0.702113 52874
0 0  -2.17387 1.88607 59.0225 1.41867 1.92725 70.3685 4.04636 4.67412 0.505503 0.702113 52927
0 0  -2.17387 1.88607 59.0225 1.41867 1.92725 70.3685 4.04636 4.67412 0.505503 0.702113 52979
0 0  -2.17387 1.88607 59.0225 1.41867 1.92725 70.3685 4.04636 4.67412 0.505503 0.702113 53032
0 0  -2.17387 1.88607 59.0225 1.41867 1.92725 70.3685 4.04636 4.67412 0.505503 0.702113 53081
0 0  -2.17387 1.88607 59.0225 1.41867 1.92725 70.3685 4.04636 4.67412 0.505503 0.702113 53132
0 0  -2.17387 1.88607 59.0225 1.41867 1.92725 70.3685 4.04636 4.67412 0.505503 0.702113 53184
0 0  -2.17387 1.88607 59.0225 1.41867 1.92725 70.3685 4.04636 4.67412 0.505503 0.702113 53235
0 0  -2.17387 1.88607 59.0225 1.41867 1.92725 70.3685 4.04636 4.67412 0.505503 0.702113 53287
0 0  -2.17387 1.88607 59.0225 1.41867 1.92725 70.3685 4.04636 4.67412 0.505503 0.702113 53339
0 0  -2.17387 1.88607 59.0225 1.41867 1.92725 70.3685 4.04636 4.67412 0.505503 0.702113 53392
0 0  -2.17387 1.88607 59.0225 1.41867 1.92725 70.3685 4.04636 4.67412 0.505503 0.702113 53445
0 0  -2.17387 1.88607 59.0225 1.41867 1.92725 70.3685 4.04636 4.67412 0.505503 0.702113 53497
0 0  -2.17387 1.88607 59.0225 1.41867 1.92725 70.3685 4.04636 4.67412 0.505503 0.702113 53558
0 0  -2.17387 1.88607 59.0225 1.41867 1.92725 70.3685 4.04636 4.67412 0.505503 0.702113 53610
0 0  -2.17387 1.88607 59.0225 1.41867 1.92725 70.3685 4.04636 4.67412 0.505503 0.702113 53663
0 0  -2.17387 1.88607 59.0225 1.41867 1.92725 70.3685 4.04636 4.67412 0.505503 0.702113 53715
0 0  -2.17387 1.88607 59.0225 1.41867 1.92725 70.3685 4.04636 4.67412 0.505503 0.702113 53767
0 0  -2.17387 1.88607 59.0225 1.41867 1.92725 70.3685 4.04636 4.67412 0.505503 0.702113 53820
0 0  -2.17387 1.88607 59.0225 1.41867 1.92725 70.3685 4.04636 4.67412 0.505503 0.702113 53871
0 0  -2.17387 1.88607 59.0225 1.41867 1.92725 70.3685 4.04636 4.67412 0.505503 0.702113 53922
0 0  -2.17387 1.88607 59.0225 1.41867 1.92725 70.3685 4.04636 4.67412 0.505503 0.702113 53972
0 0  -2.17387 1.88607 59.0225 1.41867 1.92725 70.3685 4.04636 4.67412 0.505503 0.702113 54024
0 0  -2.17387 1.88607 59.0225 1.41867 1.92725 70.3685 4.04636 4.67412 0.505503 0.702113 54075
0 0  -2.17387 1.88607 59.0225 1.41867 1.92725 70.3685 4.04636 4.67412 0.505503 0.702113 54128
0 0  -2.17387 1.88607 59.0225 1.41867 1.92725 70.3685 4.04636 4.67412 0.505503 0.702113 54181
0 0  -2.17387 1.88607 59.0225 1.41867 1.92725 70.3685 4.04636 4.67412 0.505503 0.702113 54234
0 0  -2.17387 1.88607 59.0225 1.41867 1.92725 70.3685 4.04636 4.67412 0.505503 0.702113 54288
0 0  -2.17387 1.88607 59.0225 1.41867 1.92725 70.3685 4.04636 4.67412 0.505503 0.702113 54337
0 0  -2.17387 1.88607 59.0225 1.41867 1.92725 70.3685 4.04636 4.67412 0.505503 0.702113 54389
0 0  -2.17387 1.88607 59.0225 1.41867 1.92725 70.3685 4.04636 4.67412 0.505503 0.702113 54442
0 0  -2.17387 1.88607 59.0225 1.41867 1.92725 70.3685 4.04636 4.67412 0.505503 0.702113 54495
0 0  -2.17387 1.88607 59.0225 1.41867 1.92725 70.3685 4.04636 4.67412 0.505503 0.702113 54548
0 0  -2.17387 1.88607 59.0225 1.41867 1.92725 70.3685 4.04636 4.67412 0.505503 0.702113 54601
0 0  -2.17387 1.88607 59.0225 1.41867 1.92725 70.3685 4.04636 4.67412 0.505503 0.702113 54651
0 0  -2.17387 1.88607 59.0225 1.41867 1.92725 70.3685 4.04636 4.67412 0.505503 0.702113 54704
0 0  -2.17387 1.88607 59.0225 1.41867 1.92725 70.3685 4.04636 4.67412 0.505503 0.702113 54755
0 0  -2.17387 1.88607 59.0225 1.41867 1.92725 70.3685 4.04636 4.67412 0.505503 0.702113 54806
0 0  -2.17387 1.88607 59.0225 1.41867 1.92725 70.3685 4.04636 4.67412 0.505503 0.702113 54857
0 0  -2.17387 1.88607 59.0225 1.41867 1.92725 70.3685 4.04636 4.67412 0.505503 0.702113 54909
0 0  -2.17387 1.88607 59.0225 1.41867 1.92725 70.3685 4.04636 4.67412 0.505503 0.702113 54961
0 0  -2.17387 1.88607 59.0225 1.41867 1.92725 70.3685 4.04636 4.67412 0.505503 0.702113 55013
0 0  -2.17387 1.88607 59.0225 1.41867 1.92725 70.3685 4.04636 4.67412 0.505503 0.702113 55065
0 0  -2.17387 1.88607 59.0225 1.41867 1.92725 70.3685 4.04636 4.67412 0.505503 0.702113 55118
0 0  -2.17387 1.88607 59.0225 1.41867 1.92725 70.3685 4.04636 4.67412 0.505503 0.702113 55171
0 0  -2.17387 1.88607 59.0225 1.41867 1.92725 70.3685 4.04636 4.67412 0.505503 0.702113 55224
0 0  -2.17387 1.88607 59.0225 1.41867 1.92725 70.3685 4.04636 4.67412 0.505503 0.702113 55274
0 0  -2.17387 1.88607 59.0225 1.41867 1.92725 70.3685 4.04636 4.67412 0.505503 0.702113 55328
0 0  -2.17387 1.88607 59.0225 1.41867 1.92725 70.3685 4.04636 4.67412 0.505503 0.702113 55381
0 0  -2.17387 1.88607 59.0225 1.41867 1.92725 70.3685 4.04636 4.67412 0.505503 0.702113 55433
0 0  -2.17387 1.88607 59.0225 1.41867 1.92725 70.3685 4.04636 4.67412 0.505503 0.702113 55484
0 0  -2.17387 1.88607 59.0225 1.41867 1.92725 70.3685 4.04636 4.67412 0.505503 0.702113 55535
0 0  -2.17387 1.88607 59.0225 1.41867 1.92725 70.3685 4.04636 4.67412 0.505503 0.702113 55586
0 0  -2.17387 1.88607 59.0225 1.41867 1.92725 70.3685 4.04636 4.67412 0.505503 0.702113 55637
0 0  -2.17387 1.88607 59.0225 1.41867 1.92725 70.3685 4.04636 4.67412 0.505503 0.702113 55689
0 0  -2.17387 1.88607 59.0225 1.41867 1.92725 70.3685 4.04636 4.67412 0.505503 0.702113 55740
0 0  -2.17387 1.88607 59.0225 1.41867 1.92725 70.3685 4.04636 4.67412 0.505503 0.702113 55792
0 0  -2.17387 1.88607 59.0225 1.41867 1.92725 70.3685 4.04636 4.67412 0.505503 0.702113 55844
0 0  -2.17387 1.88607 59.0225 1.41867 1.92725 70.3685 4.04636 4.67412 0.505503 0.702113 55896
0 0  -2.17387 1.88607 59.0225 1.41867 1.92725 70.3685 4.04636 4.67412 0.505503 0.702113 55947
0 0  -2.17387 1.88607 59.0225 1.41867 1.92725 70.3685 4.04636 4.67412 0.505503 0.702113 55998
0 0  -2.17387 1.88607 59.0225 1.41867 1.92725 70.3685 4.04636 4.67412 0.505503 0.702113 56049
0 0  -2.17387 1.88607 59.0225 1.41867 1.92725 70.3685 4.04636 4.67412 0.505503 0.702113 56099
0 0  -2.17387 1.88607 59.0225 1.41867 1.92725 70.3685 4.04636 4.67412 0.505503 0.702113 56149
0 0  -2.17387 1.88607 59.0225 1.41867 1.92725 70.3685 4.04636 4.67412 0.505503 0.702113 56201
0 0  -2.17387 1.88607 59.0225 1.41867 1.92725 70.3685 4.04636 4.67412 0.505503 0.702113 56252
0 0  -2.17387 1.88607 59.0225 1.41867 1.92725 70.3685 4.04636 4.67412 0.505503 0.702113 56304
0 0  -2.17387 1.88607 59.0225 1.41867 1.92725 70.3685 4.04636 4.67412 0.505503 0.702113 56355
0 0  -2.17387 1.88607 59.0225 1.41867 1.92725 70.3685 4.04636 4.67412 0.505503 0.702113 56406
0 0  -2.17387 1.88607 59.0225 1.41867 1.92725 70.3685 4.04636 4.67412 0.505503 0.702113 56457
0 0  -2.17387 1.88607 59.0225 1.41867 1.92725 70.3685 4.04636 4.67412 0.505503 0.702113 56509
0 0  -2.17387 1.88607 59.0225 1.41867 1.92725 70.3685 4.04636 4.67412 0.505503 0.702113 56560
0 0  -2.17387 1.88607 59.0225 1.41867 1.92725 70.3685 4.04636 4.67412 0.505503 0.702113 56611
0 0  -2.17387 1.88607 59.0225 1.41867 1.92725 70.3685 4.04636 4.67412 0.505503 0.702113 56662
0 0  -2.17387 1.88607 59.0225 1.41867 1.92725 70.3685 4.04636 4.67412 0.505503 0.702113 56713
0 0  -2.17387 1.88607 59.0225 1.41867 1.92725 70.3685 4.04636 4.67412 0.505503 0.702113 56765
