0 0 0.0023614 0.199269 0.446469 0.817662 0.00288039 0.00162547 0.0606965 0.173849 -11.1148 0 0 0 0 0 0 0 0 0 0 1425
0 0 0.0023524 0.198986 0.429933 1.09633 0.00267253 0.00163329 0.0669224 0.17461 -14.2337 0 0 0 0 0 0 0 0 0 0 1471
0 0 0.00242276 0.200344 0.431695 1.36275 0.00257551 0.00159593 0.0731465 0.170999 -16.5299 0 0 0 0 0 0 0 0 0 0 1524
0 0 0.00242276 0.200344 0.431695 1.36275 0.00257551 0.00159593 0.0731465 0.170999 -16.5299 0 0 0 0 0 0 0 0 0 0 1575
0 0 0.00251606 0.201856 0.434598 1.47522 0.0025712 0.00155576 0.0766083 0.167373 -17.2834 0 0 0 0 0 0 0 0 0 0 1626
0 0 0.00255362 0.202257 0.432777 0.779245 0.00299975 0.00154473 0.0614176 0.166382 -9.96845 0 0 0 0 0 0 0 0 0 0 1676
0 0 0.00267156 0.203494 0.43324 0.531843 0.00332797 0.00151198 0.0546281 0.163411 -5.51353 0 0 0 0 0 0 0 0 0 0 1726
0 0 0.00268289 0.203119 0.435983 0.495282 0.00336322 0.0015229 0.0527255 0.164528 -4.75761 0 0 0 0 0 0 0 0 0 0 1778
0 0 0.00294475 0.207082 0.44053 0.901046 0.00356265 0.00142486 0.0547398 0.154842 -4.01182 0 0 0 0 0 0 0 0 0 0 1830
0 0 0.00298007 0.207894 0.434324 1.2001 0.00349742 0.0014076 0.0578598 0.153312 -5.26901 0 0 0 0 0 0 0 0 0 0 1882
0 0 0.0029009 0.206775 0.436836 1.11085 0.00345678 0.00143689 0.0571233 0.156409 -5.44347 0 0 0 0 0 0 0 0 0 0 1931
0 0 0.00285515 0.206721 0.433888 1.06082 0.00340117 0.00144011 0.058843 0.157084 -6.28014 0 0 0 0 0 0 0 0 0 0 1983
0 0 0.0028611 0.207375 0.431766 1.11112 0.00345494 0.00142384 0.0593603 0.155461 -6.01008 0 0 0 0 0 0 0 0 0 0 2035
0 0 0.0028611 0.207375 0.431766 1.11112 0.00345494 0.00142384 0.0593603 0.155461 -6.01008 0 0 0 0 0 0 0 0 0 0 2087
0 0 0.00285557 0.20775 0.429993 1.02781 0.00400701 0.00141681 0.0479129 0.154546 0 0 0 0 0 0 0 0 0 0 0 2139
0 0 0.00285557 0.20775 0.429993 1.02781 0.00400701 0.00141681 0.0479129 0.154546 0 0 0 0 0 0 0 0 0 0 0 2191
0 0 0.0025378 0.20208 0.4317 0.912709 0.00401872 0.00156777 0.0389811 0.169457 0 0 0 0 0 0 0 0 0 0 0 2243
0 0 0.00234338 0.198772 0.431431 1.25744 0.00403707 0.00166128 0.0344627 0.178486 0 0 0 0 0 0 0 0 0 0 0 2298
0 0 0.00224638 0.197197 0.430888 1.80595 0.00422959 0.0017061 0.0305749 0.182583 0 0 0 0 0 0 0 0 0 0 0 2351
0 0 0.00227502 0.197971 0.430308 2.38708 0.00438587 0.00168085 0.0299154 0.179921 0 0 0 0 0 0 0 0 0 0 0 2404
0 0 0.00236339 0.19957 0.430721 2.34542 0.00444573 0.00163526 0.0307841 0.175129 0 0 0 0 0 0 0 0 0 0 0 2455
0 0 0.00244472 0.200968 0.43016 3.03165 0.00453423 0.00159507 0.0314243 0.170902 0 0 0 0 0 0 0 0 0 0 0 2505
0 0 0.00248539 0.201846 0.429593 2.62441 0.00458895 0.00156797 0.0319441 0.167959 0 0 0 0 0 0 0 0 0 0 0 2555
0 0 0.00248539 0.201846 0.429593 2.62441 0.00458895 0.00156797 0.0319441 0.167959 0 0 0 0 0 0 0 0 0 0 0 2609
0 0 0.00253699 0.20276 0.429438 1.98516 0.00468844 0.00154088 0.0320484 0.165036 0 0 0 0 0 0 0 0 0 0 0 2661
0 0 0.00269767 0.205523 0.429157 1.62987 0.00481678 0.00146702 0.0338741 0.157472 0 0 0 0 0 0 0 0 0 0 0 2713
0 0 0.00286969 0.208091 0.428214 1.71081 0.00492831 0.00140474 0.0356874 0.151291 0 0 0 0 0 0 0 0 0 0 0 2768
0 0 0.00288302 0.207695 0.428239 1.34107 0.00494766 0.00141612 0.0350838 0.152701 0 0 0 0 0 0 0 0 0 0 0 2819
0 0 0.00274529 0.205263 0.428386 0.920058 0.00487125 0.00147823 0.0331094 0.158891 0 0 0 0 0 0 0 0 0 0 0 2872
0 0 0.00258616 0.202575 0.427855 0.742297 0.00479841 0.00155091 0.0310117 0.166141 0 0 0 0 0 0 0 0 0 0 0 2925
0 0 0.00278252 0.206109 0.428401 0.854763 0.00494523 0.00146287 0.0332151 0.157443 0 0 0 0 0 0 0 0 0 0 0 2976
0 0 0.00278252 0.206109 0.428401 0.854763 0.00494523 0.00146287 0.0332151 0.157443 0 0 0 0 0 0 0 0 0 0 0 3028
0 0 0.0028218 0.207054 0.429361 0.659393 0.00500769 0.00143919 0.0336602 0.154992 0 0 0 0 0 0 0 0 0 0 0 3080
0 0 0.00283534 0.207021 0.433226 0.418623 0.00500378 0.00144047 0.0339449 0.155428 0 0 0 0 0 0 0 0 0 0 0 3130
0 0 0.00276282 0.205529 0.4349 0.281135 0.00484992 0.00147296 0.0340733 0.158572 0 0 0 0 0 0 0 0 0 0 0 3184
0 0 0.00306615 0.210958 0.435941 0.276752 0.0049809 0.00134419 0.0394791 0.146359 0 0 0 0 0 0 0 0 0 0 0 3237
0 0 0.00337536 0.21641 0.43489 0.256235 0.00516684 0.00122717 0.0447501 0.134724 0 0 0 0 0 0 0 0 0 0 0 3290
0 0 0.00343648 0.21751 0.431984 0.242289 0.00516036 0.00120729 0.0468658 0.133332 0 0 0 0 0 0 0 0 0 0 0 3341
0 0 0.00343648 0.21751 0.431984 0.242289 0.00516036 0.00120729 0.0468658 0.133332 0 0 0 0 0 0 0 0 0 0 0 3393
0 0 0.00291454 0.209989 0.42967 0.224403 0.00485656 0.00136685 0.0417339 0.150422 0 0 0 0 0 0 0 0 0 0 0 3444
0 0 0.00243619 0.201351 0.428492 0.207525 0.00456459 0.00158286 0.0338752 0.171359 0 0 0 0 0 0 0 0 0 0 0 3495
0 0 0.00234351 0.200031 0.428287 0.235917 0.00454123 0.00162264 0.0328613 0.175706 0 0 0 0 0 0 0 0 0 0 0 3546
0 0 0.00224221 0.19863 0.427899 0.299796 0.00459002 0.00166326 0.0319977 0.181169 0 0 0 0 0 0 0 0 0 0 0 3671
0 0 0.00220821 0.197681 0.428573 0.219074 0.00440029 0.00169147 0.0328711 0.183948 0 0 0 0 0 0 0 0 0 0 0 3723
0 0 0.00237906 0.198783 0.428 0.175489 0.00431141 0.00165564 0.0338949 0.178716 0 0 0 0 0 0 0 0 0 0 0 3777
0 0 0.00237906 0.198783 0.428 0.175489 0.00431141 0.00165564 0.0338949 0.178716 0 0 0 0 0 0 0 0 0 0 0 3830
0 0 0.0023993 0.19971 0.427486 0.174033 0.00435542 0.00162683 0.0342668 0.17551 0 0 0 0 0 0 0 0 0 0 0 3883
0 0 0.0025756 0.202996 0.427884 0.169684 0.00448744 0.00153826 0.0358083 0.166243 0 0 0 0 0 0 0 0 0 0 0 3935
0 0 0.00273375 0.20609 0.428123 0.197924 0.00468362 0.00145912 0.0381499 0.159406 0 0 0 0 0 0 0 0 0 0 0 3988
0 0 0.00274368 0.205719 0.427838 0.193383 0.00475417 0.00146748 0.0359822 0.15943 0 0 0 0 0 0 0 0 0 0 0 4039
0 0 0.00284622 0.206976 0.428445 0.201223 0.00486342 0.00143985 0.0352555 0.156066 0 0 0 0 0 0 0 0 0 0 0 4092
0 0 0.00292744 0.208223 0.428644 0.228216 0.00501085 0.00141424 0.0352719 0.154033 0 0 0 0 0 0 0 0 0 0 0 4145
0 0 0.00308852 0.211025 0.428413 0.252591 0.00515774 0.00135361 0.0368155 0.14809 0 0 0 0 0 0 0 0 0 0 0 4195
0 0 0.00356091 0.218476 0.42849 0.270117 0.00551906 0.00120103 0.0426712 0.133396 0 0 0 0 0 0 0 0 0 0 0 4249
0 0 0.00356091 0.218476 0.42849 0.270117 0.00551906 0.00120103 0.0426712 0.133396 0 0 0 0 0 0 0 0 0 0 0 4299
0 0 0.0045763 0.232225 0.42846 0.36483 0.00619524 0.000971033 0.0569567 0.111237 0 0 0 0 0 0 0 0 0 0 0 4352
0 0 0.00714089 0.25526 0.428059 0.421644 0.0072735 0.000697182 0.0825074 0.0817547 0 0 0 0 0 0 0 0 0 0 0 4404
0 0 0.0119829 0.286232 0.427835 0.524994 0.00894392 0.000466199 0.131489 0.0566657 0 0 0 0 0 0 0 0 0 0 0 4456
0 0 0.043617 0.379895 0.428186 1.34025 0.0148026 0.000172991 0.402251 0.0227969 0 0 0 0 0 0 0 0 0 0 0 4508
0 0 0.043617 0.379895 0.428186 1.34025 0.0148026 0.000172991 0.402251 0.0227969 0 0 0 0 0 0 0 0 0 0 0 4561
0 0 0.136073 0.487298 0.428764 3.05362 0.0235426 7.20674e-05 1.16514 0.0104503 -4.77374 0 0 0 0 0 0 0 0 0 0 4614
0 0 0.20085 0.53647 0.428893 4.38886 0.0283783 5.13755e-05 1.81352 0.00784781 -7.43398 0 0 0 0 0 0 0 0 0 0 4668
0 0 0.524122 0.67823 0.433533 11.1657 0.0436111 2.25518e-05 4.5867 0.00376014 -12.9459 0 0 0 0 0 0 0 0 0 0 4720
0 0 0.707279 0.7293 0.473929 16.9623 0.0496863 1.75153e-05 5.77244 0.00300433 -15.6814 0 0 0 0 0 0 0 0 0 0 4773
0 0 0.580068 0.707723 0.477928 13.2152 0.0472139 1.95078e-05 5.76167 0.00342453 -14.8677 0 0 0 0 0 0 0 0 0 0 4823
0 0 0.811511 0.762245 0.456271 15.6495 0.052163 1.51278e-05 8.16936 0.00277246 -15.4888 0 0 0 0 0 0 0 0 0 0 4876
0 0 0.731515 0.773853 0.467311 17.8495 0.0537705 1.4479e-05 11.3362 0.0029769 -18.1515 0 0 0 0 0 0 0 0 0 0 4931
0 0 0.645723 0.783399 0.455307 21.2098 0.0536232 1.39812e-05 15.9561 0.00327763 -21.5765 0 0 0 0 0 0 0 0 0 0 4985
0 0 0.653272 0.820322 0.459637 28.6314 0.05349 1.1959e-05 25.6565 0.00338728 -26.7289 0 0 0 0 0 0 0 0 0 0 5040
0 0 0.594144 0.809489 0.470759 34.1438 0.0403808 1.25616e-05 27.9615 0.00409353 -30.5259 0 0 0 0 0 0 0 0 0 0 5090
0 0 0.584202 0.820179 0.519965 44.6156 0.028805 1.19538e-05 35.3243 0.00494453 -36.8122 0 0 0 0 0 0 0 0 0 0 5142
0 0 0.584202 0.820179 0.519965 44.6156 0.028805 1.19538e-05 35.3243 0.00494453 -36.8122 0 0 0 0 0 0 0 0 0 0 5193
0 0 1.04098 0.850656 0.606788 59.371 0.0163333 1.06429e-05 26.514 0.00451953 -40.4395 0 0 0 0 0 0 0 0 0 0 5245
0 0 1.19353 0.862784 0.966578 64.3437 0.0127928 1.02157e-05 30.6338 0.00530364 -46.1254 0 0 0 0 0 0 0 0 0 0 5296
0 0 1.49038 0.83309 0.89674 65.8464 0.00648955 1.17354e-05 28.0913 0.0083847 -46.6285 0 0 0 0 0 0 0 0 0 0 5348
0 0 1.67494 0.800457 0.990403 72.3811 0.00366612 1.35775e-05 29.6107 0.0125273 -51.6955 0 0 0 0 0 0 0 0 0 0 5402
0 0 2.97467 0.816708 0.972014 84.4589 0.00253835 1.25578e-05 39.7415 0.0142647 -59.7601 0 0 0 0 0 0 0 0 0 0 5454
0 0 7.98441 0.832526 0.748449 91.0512 0.00203182 1.17912e-05 49.2504 0.0154226 -65.2236 0 0 0 0 0 0 0 0 0 0 5506
0 0 14.2035 0.779757 0.637158 90.628 0.00155459 1.46445e-05 50.6166 0.0219556 -66.3834 0 0 0 0 0 0 0 0 0 0 5558
0 0 23.7146 0.777919 0.596262 91.0157 0.00149323 1.46782e-05 49.8705 0.0218527 -66.5338 0 0 0 0 0 0 0 0 0 0 5611
0 0 34.2128 0.799759 0.551883 95.1723 0.00123662 1.33456e-05 53.4565 0.0198476 -71.8236 0 0 0 0 0 0 0 0 0 0 5663
0 0 20.3428 0.726887 0.522687 94.3271 0.00111424 1.84132e-05 60.8444 0.032257 -74.7854 0 0 0 0 0 0 0 0 0 0 5715
0 0 20.3428 0.726887 0.522687 94.3271 0.00111424 1.84132e-05 60.8444 0.032257 -74.7854 0 0 0 0 0 0 0 0 0 0 5769
0 0 23.4174 0.720223 0.52861 93.7532 0.00100162 1.88336e-05 46.6956 0.0275572 -71.3128 0 0 0 0 0 0 0 0 0 0 5821
0 0 17.7252 0.661581 0.4758 86.9342 0.000982106 2.50852e-05 29.2222 0.0314622 -62.3655 0 0 0 0 0 0 0 0 0 0 5873
0 0 18.1857 0.65179 0.485138 78.6719 0.00111729 2.64705e-05 17.4526 0.0270342 -54.1378 0 0 0 0 0 0 0 0 0 0 5925
0 0 9.18255 0.561507 0.476444 49.2772 0.00112869 4.47611e-05 5.63426 0.0346957 -40.6224 0 0 0 0 0 0 0 0 0 0 5976
0 0 3.32055 0.504887 0.464701 20.9395 0.00152014 6.41651e-05 2.63554 0.0390317 -27.6779 0 0 0 0 0 0 0 0 0 0 6027
0 0 1.10507 0.420192 0.457986 6.65547 0.00168163 0.000121835 0.992997 0.0577036 -16.877 0 0 0 0 0 0 0 0 0 0 6080
0 0 0.294229 0.356821 0.455561 2.40971 0.00214193 0.000214688 0.419554 0.0722503 -8.50825 0 0 0 0 0 0 0 0 0 0 6134
0 0 0.103798 0.301183 0.456203 0.962296 0.00245632 0.000387979 0.190865 0.0986918 -1.96768 0 0 0 0 0 0 0 0 0 0 6188
0 0 0.0472949 0.270527 0.455328 0.519388 0.00271839 0.000568264 0.112079 0.120262 0 0 0 0 0 0 0 0 0 0 0 6239
0 0 0.0257309 0.253005 0.448878 0.362178 0.00289039 0.000716018 0.0841155 0.135822 0 0 0 0 0 0 0 0 0 0 0 6290
0 0 0.0257309 0.253005 0.448878 0.362178 0.00289039 0.000716018 0.0841155 0.135822 0 0 0 0 0 0 0 0 0 0 0 6345
0 0 0.015719 0.243406 0.443572 0.281891 0.00364282 0.000818324 0.0693896 0.12973 0 0 0 0 0 0 0 0 0 0 0 6398
0 0 0.0125149 0.243703 0.433529 0.265168 0.00447228 0.000805033 0.0707697 0.11438 0 0 0 0 0 0 0 0 0 0 0 6448
0 0 0.0119045 0.246168 0.432022 0.261977 0.00513621 0.000777763 0.0737488 0.104853 0 0 0 0 0 0 0 0 0 0 0 6500
0 0 0.00857807 0.2309 0.432342 0.204894 0.00487506 0.000976795 0.059192 0.127273 0 0 0 0 0 0 0 0 0 0 0 6554
0 0 0.00722198 0.22846 0.431679 0.200145 0.00503367 0.001015 0.0565795 0.127291 0 0 0 0 0 0 0 0 0 0 0 6609
0 0 0.00583788 0.22481 0.434644 0.188392 0.00520663 0.00108279 0.057343 0.136236 0 0 0 0 0 0 0 0 0 0 0 6661
0 0 0.00543052 0.226176 0.435363 0.192919 0.00550976 0.00106141 0.0655974 0.137017 0 0 0 0 0 0 0 0 0 0 0 6712
0 0 0.00395298 0.222724 0.433031 0.182956 0.0057984 0.00111664 0.0793574 0.152367 0 0 0 0 0 0 0 0 0 0 0 6763
0 0 0.00395298 0.222724 0.433031 0.182956 0.0057984 0.00111664 0.0793574 0.152367 0 0 0 0 0 0 0 0 0 0 0 6815
0 0 0.0034808 0.21848 0.431695 0.182835 0.00534188 0.00119111 0.0664429 0.155045 0 0 0 0 0 0 0 0 0 0 0 6867
0 0 0.00298488 0.21432 0.430617 0.206675 0.00495197 0.00127229 0.0689408 0.167284 0 0 0 0 0 0 0 0 0 0 0 6922
0 0 0.0029272 0.214449 0.430056 0.230117 0.00483874 0.00126862 0.0714333 0.166347 0 0 0 0 0 0 0 0 0 0 0 6976
0 0 0.00345568 0.222286 0.427951 0.45808 0.00448713 0.00111483 0.101186 0.148669 -3.93044 0 0 0 0 0 0 0 0 0 0 7027
0 0 0.00497251 0.234467 0.427134 1.01815 0.00400991 0.000923641 0.119323 0.115791 -10.3706 0 0 0 0 0 0 0 0 0 0 7077
0 0 0.00528135 0.237296 0.426869 1.30191 0.00390195 0.000885271 0.129802 0.109717 -12.7231 0 0 0 0 0 0 0 0 0 0 7131
0 0 0.0110054 0.278184 0.426544 9.32377 0.00358631 0.000507735 0.385117 0.0654741 -31.6393 0 0 0 0 0 0 0 0 0 0 7185
0 0 0.0150043 0.298457 0.42661 14.3222 0.0038374 0.000396888 0.547951 0.0523226 -35.2999 0 0 0 0 0 0 0 0 0 0 7236
0 0 0.0171484 0.307298 0.427014 23.6929 0.00357192 0.000358704 0.728453 0.0476814 -41.487 0 0 0 0 0 0 0 0 0 0 7289
0 0 0.0216472 0.325527 0.428097 41.1221 0.00337043 0.000293572 1.18523 0.0412559 -49.468 0 0 0 0 0 0 0 0 0 0 7341
0 0 0.0216472 0.325527 0.428097 41.1221 0.00337043 0.000293572 1.18523 0.0412559 -49.468 0 0 0 0 0 0 0 0 0 0 7395
0 0 0.0270507 0.343134 0.430691 64.1224 0.00300216 0.000244646 1.94654 0.0363292 -58.9541 0 0 0 0 0 0 0 0 0 0 7445
0 0 0.0268963 0.345164 0.434489 65.0204 0.00287133 0.00024068 2.14139 0.0382557 -59.6775 0 0 0 0 0 0 0 0 0 0 7496
0 0 0.0285208 0.354477 0.446723 77.5726 0.00260328 0.000221863 2.91537 0.0370062 -66.3658 0 0 0 0 0 0 0 0 0 0 7550
0 0 0.0416357 0.390215 0.458416 85.1861 0.00296928 0.000160413 4.93596 0.0294926 -70.5191 0 0 0 0 0 0 0 0 0 0 7601
0 0 0.0416357 0.390215 0.458416 85.1861 0.00296928 0.000160413 4.93596 0.0294926 -70.5191 0 0 0 0 0 0 0 0 0 0 7652
0 0 0.0461475 0.410028 0.453467 88.1015 0.00302574 0.000136028 7.27757 0.0288372 -73.1111 0 0 0 0 0 0 0 0 0 0 7704
0 0 0.0440567 0.416435 0.457723 88.5869 0.00298796 0.000130428 9.13087 0.031513 -74.3515 0 0 0 0 0 0 0 0 0 0 7757
0 0 0.042171 0.414427 0.469668 88.2812 0.00295006 0.000133601 9.28775 0.0332423 -74.5326 0 0 0 0 0 0 0 0 0 0 7810
0 0 0.0726867 0.472938 0.464902 92.712 0.0035755 8.41507e-05 15.8819 0.0230867 -77.4818 0 0 0 0 0 0 0 0 0 0 7860
0 0 0.184785 0.563802 0.463664 96.5444 0.0035312 4.55069e-05 26.0522 0.0149073 -81.3379 0 0 0 0 0 0 0 0 0 0 7913
0 0 0.337374 0.609756 0.465054 97.2984 0.00346812 3.45967e-05 30.1672 0.0122978 -81.7917 0 0 0 0 0 0 0 0 0 0 7969
0 0 0.664457 0.601453 0.470339 96.8783 0.00309574 3.67401e-05 23.0458 0.0124437 -79.184 0 0 0 0 0 0 0 0 0 0 8023
0 0 3.26831 0.625456 0.460442 97.2201 0.00267319 3.15536e-05 25.5338 0.0121153 -79.3853 0 0 0 0 0 0 0 0 0 0 8073
0 0 8.38124 0.627728 0.453021 96.9549 0.00212554 3.08939e-05 23.1688 0.0131381 -77.7935 0 0 0 0 0 0 0 0 0 0 8128
0 0 21.353 0.669227 0.453238 97.3382 0.00193427 2.46413e-05 27.8901 0.0124622 -78.0571 0 0 0 0 0 0 0 0 0 0 8182
0 0 21.353 0.669227 0.453238 97.3382 0.00193427 2.46413e-05 27.8901 0.0124622 -78.0571 0 0 0 0 0 0 0 0 0 0 8233
0 0 33.9038 0.709363 0.453987 97.4743 0.00185507 1.99595e-05 33.3328 0.011941 -78.1897 0 0 0 0 0 0 0 0 0 0 8286
0 0 36.6612 0.692614 0.457138 96.2394 0.00160297 2.14043e-05 26.3558 0.0134467 -74.7255 0 0 0 0 0 0 0 0 0 0 8338
0 0 43.2802 0.717922 0.457391 96.1945 0.00149183 1.86853e-05 25.986 0.0129064 -75.6087 0 0 0 0 0 0 0 0 0 0 8392
0 0 41.9693 0.697575 0.468812 91.3381 0.00165701 2.05994e-05 16.8501 0.0137769 -68.1884 0 0 0 0 0 0 0 0 0 0 8443
0 0 40.9324 0.688513 0.494811 91.4496 0.00167562 2.15038e-05 17.1671 0.0136319 -66.6231 0 0 0 0 0 0 0 0 0 0 8505
0 0 33.0842 0.648705 0.511634 83.453 0.00152064 2.63488e-05 13.2709 0.01749 -57.1173 0 0 0 0 0 0 0 0 0 0 8560
0 0 18.0819 0.574314 0.483617 74.2158 0.00120342 4.05059e-05 8.59197 0.0265525 -52.3478 0 0 0 0 0 0 0 0 0 0 8609
0 0 9.01692 0.52552 0.489974 69.0019 0.0010871 5.52756e-05 6.751 0.0346491 -51.6369 0 0 0 0 0 0 0 0 0 0 8661
0 0 4.16002 0.505703 0.488048 61.2629 0.00104029 6.3401e-05 4.84616 0.0377701 -48.1043 0 0 0 0 0 0 0 0 0 0 8713
0 0 1.04283 0.464211 0.483823 51.9218 0.000820103 8.5644e-05 3.24237 0.0520728 -45.9946 0 0 0 0 0 0 0 0 0 0 8765
0 0 0.379406 0.439706 0.501628 51.298 0.000731829 0.000103442 2.83447 0.0620715 -47.488 0 0 0 0 0 0 0 0 0 0 8818
0 0 0.379406 0.439706 0.501628 51.298 0.000731829 0.000103442 2.83447 0.0620715 -47.488 0 0 0 0 0 0 0 0 0 0 8870
0 0 0.181502 0.448819 0.471897 55.5063 0.000803569 9.6438e-05 3.233 0.0560859 -48.9936 0 0 0 0 0 0 0 0 0 0 8919
0 0 0.0854981 0.42594 0.460267 48.8165 0.000833618 0.000116163 2.76189 0.0644283 -47.4063 0 0 0 0 0 0 0 0 0 0 8974
0 0 0.0753668 0.437789 0.443357 63.3774 0.000869905 0.000105452 3.82849 0.056501 -53.6315 0 0 0 0 0 0 0 0 0 0 9031
0 0 0.0805324 0.453611 0.439211 64.4788 0.00114812 9.31997e-05 4.31711 0.0456875 -54.0047 0 0 0 0 0 0 0 0 0 0 9082
0 0 0.113498 0.495515 0.437883 73.0994 0.00171942 6.83586e-05 6.33474 0.030039 -57.1923 0 0 0 0 0 0 0 0 0 0 9136
0 0 0.123388 0.504702 0.439451 79.8133 0.00231303 6.42564e-05 6.85891 0.0232356 -62.2442 0 0 0 0 0 0 0 0 0 0 9186
0 0 0.123388 0.504702 0.439451 79.8133 0.00231303 6.42564e-05 6.85891 0.0232356 -62.2442 0 0 0 0 0 0 0 0 0 0 9241
0 0 0.0907997 0.475219 0.436052 85.2064 0.00346482 7.88965e-05 8.558 0.0292269 -68.0736 0 0 0 0 0 0 0 0 0 0 9294
0 0 0.0907997 0.475219 0.436052 85.2064 0.00346482 7.88965e-05 8.558 0.0292269 -68.0736 0 0 0 0 0 0 0 0 0 0 9346
0 0 0.189183 0.504801 0.43467 88.5546 0.00733061 6.39e-05 6.12321 0.0270962 -68.3382 0 0 0 0 0 0 0 0 0 0 9399
0 0 0.189183 0.504801 0.43467 88.5546 0.00733061 6.39e-05 6.12321 0.0270962 -68.3382 0 0 0 0 0 0 0 0 0 0 9453
0 0 0.215427 0.511092 0.433226 90.865 0.00717655 6.1023e-05 6.0757 0.0257653 -70.4026 0 0 0 0 0 0 0 0 0 0 9503
0 0 0.166273 0.48743 0.431679 88.4901 0.00567233 7.18033e-05 4.93875 0.0307631 -70.1287 0 0 0 0 0 0 0 0 0 0 9555
0 0 0.100319 0.447364 0.4296 79.4534 0.00419243 9.65744e-05 3.95292 0.0398823 -63.4144 0 0 0 0 0 0 0 0 0 0 9608
0 0 0.116729 0.471669 0.4301 77.4961 0.00463157 8.02408e-05 4.98578 0.0337159 -61.0753 0 0 0 0 0 0 0 0 0 0 9659
0 0 0.0841234 0.462365 0.43024 68.9149 0.00269289 8.5921e-05 5.42373 0.0361564 -57.1079 0 0 0 0 0 0 0 0 0 0 9714
0 0 0.0651297 0.448704 0.430608 58.7648 0.00283266 9.54898e-05 5.38253 0.0389443 -53.3056 0 0 0 0 0 0 0 0 0 0 9766
0 0 0.0741024 0.469211 0.432201 52.5238 0.00346594 8.1841e-05 6.10313 0.0329939 -50.0403 0 0 0 0 0 0 0 0 0 0 9816
0 0 0.0741024 0.469211 0.432201 52.5238 0.00346594 8.1841e-05 6.10313 0.0329939 -50.0403 0 0 0 0 0 0 0 0 0 0 9867
0 0 0.0356226 0.419035 0.437037 30.9143 0.00362869 0.000122072 5.14317 0.0577688 -45.9947 0 0 0 0 0 0 0 0 0 0 9918
0 0 0.0191073 0.379645 0.435879 15.3058 0.00359107 0.000172532 4.19845 0.0899423 -39.8872 0 0 0 0 0 0 0 0 0 0 9971
0 0 0.00869759 0.342164 0.436251 6.65614 0.0038967 0.000248741 4.44731 0.157025 -35.009 0 0 0 0 0 0 0 0 0 0 10021
0 0 0.00402866 0.306155 0.438943 3.85778 0.00400263 0.00036814 4.00931 0.289216 -28.1141 0 0 0 0 0 0 0 0 0 0 10073
0 0 0.00250087 0.277989 0.441178 4.54295 0.00309568 0.000519032 2.98967 0.476737 -24.9307 0 0 0 0 0 0 0 0 0 0 10126
0 0 0.00178818 0.250413 0.437239 7.26446 0.00195409 0.000743061 1.42147 0.699804 -18.7229 0 0 0 0 0 0 0 0 0 0 10177
0 0 0.00118233 0.233167 0.436113 8.27697 0.00167555 0.000952639 1.24615 1.10049 -16.0687 0 0 0 0 0 0 0 0 0 0 10227
0 0 0.00118233 0.233167 0.436113 8.27697 0.00167555 0.000952639 1.24615 1.10049 -16.0687 0 0 0 0 0 0 0 0 0 0 10281
0 0 0.00132362 0.223881 0.433478 14.5515 0.00117575 0.00109549 0.522104 1.0938 -8.66306 0 0 0 0 0 0 0 0 0 0 10334
0 0 0.00151751 0.221232 0.43042 19.3638 0.00117894 0.0011354 0.344902 1.05052 -5.97587 0 0 0 0 0 0 0 0 0 0 10384
0 0 0.00209446 0.220307 0.428035 15.3597 0.00094096 0.00114635 0.168638 0.788051 -1.82304 0 0 0 0 0 0 0 0 0 0 10437
0 0 0.00232883 0.221332 0.427811 13.9727 0.00104373 0.00112804 0.14479 0.652078 -1.38084 0 0 0 0 0 0 0 0 0 0 10489
0 0 0.00308938 0.227662 0.428009 10.868 0.00156696 0.00102326 0.11532 0.439432 0 0 0 0 0 0 0 0 0 0 0 10540
0 0 0.00339324 0.221055 0.427417 8.20856 0.00204024 0.00113313 0.062474 0.325089 0 0 0 0 0 0 0 0 0 0 0 10591
0 0 0.00339324 0.221055 0.427417 8.20856 0.00204024 0.00113313 0.062474 0.325089 0 0 0 0 0 0 0 0 0 0 0 10644
0 0 0.00312959 0.216074 0.427555 4.40284 0.00299922 0.00122724 0.0494367 0.228637 0 0 0 0 0 0 0 0 0 0 0 10698
0 0 0.00315712 0.214538 0.42816 4.02317 0.00371185 0.00125992 0.0414483 0.18851 0 0 0 0 0 0 0 0 0 0 0 10750
0 0 0.00288304 0.208812 0.428678 2.97349 0.00381634 0.00138591 0.0358877 0.18696 0 0 0 0 0 0 0 0 0 0 0 10802
0 0 0.00259238 0.203097 0.430637 2.41911 0.0039815 0.00152866 0.0312988 0.190935 0 0 0 0 0 0 0 0 0 0 0 10851
0 0 0.00241058 0.199778 0.429272 3.13877 0.00408888 0.00162036 0.0288981 0.19164 0 0 0 0 0 0 0 0 0 0 0 10903
0 0 0.00227173 0.197153 0.428181 2.19232 0.00418569 0.00169692 0.0270644 0.193977 0 0 0 0 0 0 0 0 0 0 0 10956
0 0 0.00220899 0.196183 0.424507 1.28287 0.00429468 0.00172494 0.0260693 0.19241 0 0 0 0 0 0 0 0 0 0 0 11009
0 0 0.00215848 0.195461 0.421779 1.27706 0.0043669 0.00174664 0.0252989 0.191888 0 0 0 0 0 0 0 0 0 0 0 11063
0 0 0.00211733 0.194737 0.420452 1.16713 0.00442855 0.00177094 0.0244574 0.192287 0 0 0 0 0 0 0 0 0 0 0 11117
0 0 0.00210591 0.194001 0.414831 0.768431 0.00448346 0.00179454 0.023849 0.192603 0 0 0 0 0 0 0 0 0 0 0 11169
0 0 0.00210274 0.193685 0.413056 0.793821 0.00451449 0.00180607 0.0234463 0.192709 0 0 0 0 0 0 0 0 0 0 0 11220
0 0 0.00210274 0.193685 0.413056 0.793821 0.00451449 0.00180607 0.0234463 0.192709 0 0 0 0 0 0 0 0 0 0 0 11271
0 0 0.00215704 0.193411 0.400844 0.574153 0.00453778 0.00181306 0.0201742 0.192577 0 0 0 0 0 0 0 0 0 0 0 11325
0 0 0.00224255 0.193055 0.385346 0.86056 0.00454572 0.00182192 0.0133325 0.193174 0 0 0 0 0 0 0 0 0 0 0 11379
0 0 0.00207524 0.192575 0.413726 1.02684 0.00454349 0.00183658 0.0128857 0.195354 0 0 0 0 0 0 0 0 0 0 0 11429
0 0 0.00205001 0.191561 0.421474 3.35926 0.00455195 0.00186567 0.00964712 0.196683 -3.81065 0 0 0 0 0 0 0 0 0 0 11483
0 0 0.00202522 0.188988 0.423264 0.433706 0.00457035 0.00192979 0.0153698 0.19839 0 0 0 0 0 0 0 0 0 0 0 11532
0 0 0.00201378 0.185702 0.421549 0.1682 0.00466192 0.00202148 0.0201387 0.200365 0 0 0 0 0 0 0 0 0 0 0 11588
0 0 0.00201378 0.185702 0.421549 0.1682 0.00466192 0.00202148 0.0201387 0.200365 0 0 0 0 0 0 0 0 0 0 0 11639
0 0 0.00195075 0.175414 0.40593 0.153859 0.00492389 0.00231572 0.0177726 0.202864 0 0 0 0 0 0 0 0 0 0 0 11690
0 0 0.00182971 0.16198 0.382125 0.112357 0.0060677 0.00277946 0.0178992 0.204815 0 0 0 0 0 0 0 0 0 0 0 11744
0 0 0.00167773 0.145926 0.350912 0.13423 0.00719618 0.0035114 0.0163687 0.206273 0 0 0 0 0 0 0 0 0 0 0 11796
0 0 0.00148332 0.125383 0.309792 0.179203 0.0122407 0.00492596 0.0143361 0.208257 0 0 0 0 0 0 0 0 0 0 0 11851
0 0 0.00123528 0.103026 0.259973 0.260371 0.0127385 0.00753015 0.0120479 0.206927 1.9772 0 0 0 0 0 0 0 0 0 0 11906
0 0 0.00102625 0.0831925 0.216205 0.390911 0.0106616 0.0120412 0.0100204 0.207962 5.23361 0 0 0 0 0 0 0 0 0 0 11958
0 0 0.000762897 0.0581627 0.160049 0.770273 0.00818887 0.0266083 0.00724847 0.211247 10.6333 0 0 0 0 0 0 0 0 0 0 12009
0 0 0.000394921 0.0282723 0.0844823 2.97739 0.00443084 0.127192 0.00391011 0.208592 20.9124 0 0 0 0 0 0 0 0 0 0 12063
0 0 0.000452797 0.0332973 0.0968805 2.19768 0.0036112 0.0885904 0.00461783 0.206975 18.8191 0 0 0 0 0 0 0 0 0 0 12114
0 0 0.000452797 0.0332973 0.0968805 2.19768 0.0036112 0.0885904 0.00461783 0.206975 18.8191 0 0 0 0 0 0 0 0 0 0 12167
0 0 0.000146525 0.00941933 0.032069 19.9407 0.00147034 1.37008 0.00151648 0.20599 36.7136 0 0 0 0 0 0 0 0 0 0 12219
0 0 0.000162666 0.0105983 0.0354881 16.5953 0.00162936 1.06145 0.00168848 0.205604 35.0488 0 0 0 0 0 0 0 0 0 0 12270
0 0 0.000317395 0.0228631 0.0685631 4.39793 0.00234538 0.198341 0.00340169 0.202926 24.1554 0 0 0 0 0 0 0 0 0 0 12322
0 0 0.000382765 0.0283203 0.0817344 2.9689 0.00253384 0.124145 0.00411863 0.202069 21.0695 0 0 0 0 0 0 0 0 0 0 12375
0 0 0.000739951 0.059583 0.156655 0.736315 0.0030084 0.0244589 0.00803328 0.201143 10.5761 0 0 0 0 0 0 0 0 0 0 12425
0 0 0.0012069 0.104836 0.255185 0.252165 0.00369629 0.00706982 0.0134736 0.198913 2.61393 0 0 0 0 0 0 0 0 0 0 12478
0 0 0.0012069 0.104836 0.255185 0.252165 0.00369629 0.00706982 0.0134736 0.198913 2.61393 0 0 0 0 0 0 0 0 0 0 12534
0 0 0.00136418 0.120194 0.287661 0.194542 0.00383578 0.00524093 0.0152523 0.19859 0.683706 0 0 0 0 0 0 0 0 0 0 12624
0 0 0.00202717 0.183058 0.414695 0.127635 0.004469 0.0020897 0.0221771 0.197402 0 0 0 0 0 0 0 0 0 0 0 12679
0 0 0.00204392 0.186057 0.417916 0.128296 0.00452291 0.0020066 0.0227021 0.195896 0 0 0 0 0 0 0 0 0 0 0 12730
0 0 0.00204392 0.186057 0.417916 0.128296 0.00452291 0.0020066 0.0227021 0.195896 0 0 0 0 0 0 0 0 0 0 0 12785
0 0 0.00216003 0.193319 0.427356 0.184993 0.00461789 0.00181975 0.0242952 0.190037 0 0 0 0 0 0 0 0 0 0 0 12836
0 0 0.00224082 0.195416 0.429476 0.226494 0.00467767 0.00176512 0.0249916 0.186466 0 0 0 0 0 0 0 0 0 0 0 12887
0 0 0.00230853 0.197171 0.428318 0.212259 0.00474418 0.0017101 0.0258933 0.181481 0 0 0 0 0 0 0 0 0 0 0 12944
0 0 0.00249641 0.200237 0.431509 0.177356 0.00487597 0.00163159 0.0272108 0.174527 0 0 0 0 0 0 0 0 0 0 0 12995
0 0 0.00257706 0.201629 0.430073 0.157606 0.00493572 0.00159616 0.0278445 0.171418 0 0 0 0 0 0 0 0 0 0 0 13048
0 0 0.00261282 0.203441 0.426725 0.153857 0.00501743 0.00153136 0.0294787 0.164583 0 0 0 0 0 0 0 0 0 0 0 13098
0 0 0.00293661 0.209258 0.42773 0.154306 0.00527655 0.0013867 0.0331064 0.150647 0 0 0 0 0 0 0 0 0 0 0 13151
0 0 0.00292747 0.209103 0.428682 0.132513 0.00527172 0.00139214 0.0329587 0.151452 0 0 0 0 0 0 0 0 0 0 0 13203
0 0 0.00280607 0.207229 0.430038 0.12469 0.00518795 0.00143672 0.0318617 0.156055 0 0 0 0 0 0 0 0 0 0 0 13255
0 0 0.00260174 0.203643 0.430143 0.110651 0.00503406 0.00152985 0.0296112 0.165633 0 0 0 0 0 0 0 0 0 0 0 13308
0 0 0.0025714 0.203149 0.431876 0.108157 0.0050208 0.0015446 0.0293516 0.16768 0 0 0 0 0 0 0 0 0 0 0 13364
0 0 0.00246184 0.201564 0.430429 0.103536 0.00495999 0.00158117 0.0288406 0.171405 0 0 0 0 0 0 0 0 0 0 0 13415
0 0 0.00246184 0.201564 0.430429 0.103536 0.00495999 0.00158117 0.0288406 0.171405 0 0 0 0 0 0 0 0 0 0 0 13465
0 0 0.00249703 0.202289 0.429872 0.10426 0.0050092 0.00155838 0.0293969 0.169307 0 0 0 0 0 0 0 0 0 0 0 13515
0 0 0.00242614 0.201022 0.430164 0.101801 0.00497115 0.00159192 0.0289722 0.173369 0 0 0 0 0 0 0 0 0 0 0 13568
0 0 0.00244533 0.20093 0.431417 0.101266 0.00496773 0.00159674 0.0286932 0.173893 0 0 0 0 0 0 0 0 0 0 0 13619
0 0 0.00260637 0.202091 0.434716 0.103456 0.00503507 0.00157686 0.0287295 0.172357 0 0 0 0 0 0 0 0 0 0 0 13670
0 0 0.00262108 0.201456 0.440342 0.105833 0.0050183 0.00160496 0.0282992 0.17665 0 0 0 0 0 0 0 0 0 0 0 13722
0 0 0.00282344 0.202812 0.442801 0.110425 0.00506464 0.00157398 0.0288597 0.173653 0 0 0 0 0 0 0 0 0 0 0 13774
0 0 0.00305152 0.203991 0.444896 0.11323 0.00508004 0.00154276 0.0292942 0.170119 0 0 0 0 0 0 0 0 0 0 0 13826
0 0 0.00305152 0.203991 0.444896 0.11323 0.00508004 0.00154276 0.0292942 0.170119 0 0 0 0 0 0 0 0 0 0 0 13880
0 0 0.00337694 0.205721 0.448794 0.118976 0.0051323 0.00150221 0.0299101 0.166219 0 0 0 0 0 0 0 0 0 0 0 13936
0 0 0.00418668 0.205968 0.46903 0.136547 0.00512292 0.00154104 0.0280032 0.172898 0 0 0 0 0 0 0 0 0 0 0 13986
0 0 0.00404266 0.206398 0.475283 0.138986 0.00513667 0.00153185 0.0281663 0.172569 0 0 0 0 0 0 0 0 0 0 0 14038
0 0 0.00399502 0.209478 0.470989 0.149192 0.00526375 0.00145996 0.0293757 0.165878 0 0 0 0 0 0 0 0 0 0 0 14092
0 0 0.00445335 0.218133 0.46657 0.165699 0.00568318 0.00125434 0.0355081 0.143583 0 0 0 0 0 0 0 0 0 0 0 14147
0 0 0.00426774 0.219452 0.459099 0.161332 0.00578451 0.00121015 0.0383863 0.138374 0 0 0 0 0 0 0 0 0 0 0 14197
0 0 0.00426774 0.219452 0.459099 0.161332 0.00578451 0.00121015 0.0383863 0.138374 0 0 0 0 0 0 0 0 0 0 0 14250
0 0 0.00500238 0.231603 0.443574 0.182252 0.00640249 0.000981571 0.0497656 0.11281 0 0 0 0 0 0 0 0 0 0 0 14300
0 0 0.00615584 0.245891 0.440585 0.224541 0.00718552 0.000791064 0.0669189 0.093101 0 0 0 0 0 0 0 0 0 0 0 14352
0 0 0.00561923 0.244985 0.443593 0.220496 0.00730571 0.000798756 0.0726523 0.0962384 0 0 0 0 0 0 0 0 0 0 0 14404
0 0 0.00599869 0.252803 0.450495 0.243885 0.00792429 0.000708073 0.0927358 0.0879607 0 0 0 0 0 0 0 0 0 0 0 14458
0 0 0.00490824 0.247887 0.440348 0.223878 0.00811219 0.000753132 0.108812 0.0992649 0 0 0 0 0 0 0 0 0 0 0 14509
0 0 0.00433574 0.244948 0.435459 0.219759 0.00823119 0.000781093 0.122051 0.107412 0 0 0 0 0 0 0 0 0 0 0 14562
0 0 0.00396309 0.24271 0.43302 0.216332 0.0083216 0.000803109 0.134258 0.113934 0 0 0 0 0 0 0 0 0 0 0 14612
0 0 0.00361876 0.239402 0.434181 0.204288 0.00823133 0.000839091 0.140845 0.121644 0 0 0 0 0 0 0 0 0 0 0 14663
0 0 0.00361876 0.239402 0.434181 0.204288 0.00823133 0.000839091 0.140845 0.121644 0 0 0 0 0 0 0 0 0 0 0 14714
0 0 0.00431772 0.242825 0.4369 0.222303 0.00790065 0.000799619 0.117537 0.109656 0 0 0 0 0 0 0 0 0 0 0 14768
0 0 0.00402815 0.240851 0.441042 0.216105 0.00787571 0.000823154 0.122386 0.11578 0 0 0 0 0 0 0 0 0 0 0 14819
0 0 0.00461749 0.241341 0.448463 0.240388 0.00708949 0.000813578 0.098618 0.110258 0 0 0 0 0 0 0 0 0 0 0 14873
0 0 0.00461749 0.241341 0.448463 0.240388 0.00708949 0.000813578 0.098618 0.110258 0 0 0 0 0 0 0 0 0 0 0 14922
0 0 0.00447709 0.244549 0.446433 0.239262 0.00723051 0.000780522 0.123502 0.11578 0 0 0 0 0 0 0 0 0 0 0 14975
0 0 0.0040153 0.238749 0.447912 0.223875 0.00702089 0.000843299 0.119523 0.125481 0 0 0 0 0 0 0 0 0 0 0 15025
0 0 0.00368992 0.237166 0.456599 0.22893 0.00728359 0.000859582 0.136948 0.132089 0 0 0 0 0 0 0 0 0 0 0 15077
0 0 0.00348776 0.237553 0.468282 0.245307 0.00772877 0.00085338 0.159926 0.135276 0 0 0 0 0 0 0 0 0 0 0 15129
0 0 0.00313298 0.229136 0.439279 0.229518 0.00713666 0.000967263 0.121652 0.14591 0 0 0 0 0 0 0 0 0 0 0 15179
0 0 0.00361351 0.242679 0.432745 0.2585 0.00825733 0.000803252 0.168253 0.129045 0 0 0 0 0 0 0 0 0 0 0 15232
0 0 0.00361351 0.242679 0.432745 0.2585 0.00825733 0.000803252 0.168253 0.129045 0 0 0 0 0 0 0 0 0 0 0 15282
0 0 0.00460178 0.248212 0.429769 0.274425 0.00814044 0.000746277 0.133524 0.108509 0 0 0 0 0 0 0 0 0 0 0 15335
0 0 0.00471676 0.246554 0.429001 0.229229 0.00805098 0.000768819 0.115987 0.106416 0 0 0 0 0 0 0 0 0 0 0 15387
0 0 0.00521091 0.252409 0.429335 0.246248 0.00828014 0.000712417 0.12315 0.0986185 0 0 0 0 0 0 0 0 0 0 0 15440
0 0 0.00568622 0.248631 0.429189 0.228188 0.00753207 0.000751716 0.0863265 0.0944908 0 0 0 0 0 0 0 0 0 0 0 15492
0 0 0.00682543 0.258074 0.430689 0.262323 0.00836107 0.000660775 0.0971631 0.0835358 0 0 0 0 0 0 0 0 0 0 0 15544
0 0 0.00682543 0.258074 0.430689 0.262323 0.00836107 0.000660775 0.0971631 0.0835358 0 0 0 0 0 0 0 0 0 0 0 15595
0 0 0.00801781 0.2635 0.43145 0.285566 0.00834414 0.00061489 0.098249 0.0757329 0 0 0 0 0 0 0 0 0 0 0 15648
0 0 0.010536 0.272884 0.433117 0.323047 0.00857476 0.000544415 0.103911 0.0657748 0 0 0 0 0 0 0 0 0 0 0 15700
0 0 0.0146885 0.27961 0.455726 0.357977 0.0088284 0.000502588 0.110537 0.0607707 0 0 0 0 0 0 0 0 0 0 0 15753
0 0 0.0290059 0.290004 0.496921 0.427986 0.00938431 0.000446782 0.122424 0.0544223 0 0 0 0 0 0 0 0 0 0 0 15806
0 0 0.0433898 0.275897 0.511969 0.368554 0.0085864 0.000537092 0.0974892 0.0644317 0 0 0 0 0 0 0 0 0 0 0 15861
0 0 0.16966 0.290871 0.506162 0.44848 0.00941523 0.00044812 0.118809 0.0546651 0 0 0 0 0 0 0 0 0 0 0 15910
0 0 0.353491 0.298815 0.536485 0.509236 0.00989018 0.0004105 0.133823 0.0509018 0 0 0 0 0 0 0 0 0 0 0 15961
0 0 0.151032 0.29135 0.484182 0.458794 0.00948821 0.000447728 0.126587 0.0557896 0 0 0 0 0 0 0 0 0 0 0 16011
0 0 0.151032 0.29135 0.484182 0.458794 0.00948821 0.000447728 0.126587 0.0557896 0 0 0 0 0 0 0 0 0 0 0 16064
0 0 0.0878812 0.283188 0.466509 0.408648 0.0089579 0.00049383 0.113425 0.0611773 0 0 0 0 0 0 0 0 0 0 0 16117
0 0 0.076473 0.29073 0.447277 0.428417 0.00937099 0.000445414 0.132193 0.0561563 0 0 0 0 0 0 0 0 0 0 0 16168
0 0 0.0288131 0.28967 0.43801 0.409455 0.00951674 0.000447492 0.147098 0.0583384 0 0 0 0 0 0 0 0 0 0 0 16218
0 0 0.00998175 0.265186 0.433337 0.311847 0.00825756 0.000605387 0.115516 0.0800231 0 0 0 0 0 0 0 0 0 0 0 16271
0 0 0.00538665 0.252804 0.430308 0.294733 0.00779299 0.000711356 0.117975 0.101016 0 0 0 0 0 0 0 0 0 0 0 16324
0 0 0.00321676 0.24361 0.428431 0.231107 0.00815194 0.000806388 0.186345 0.136461 0 0 0 0 0 0 0 0 0 0 0 16374
0 0 0.00220967 0.233087 0.427578 0.184802 0.00794751 0.000939058 0.231474 0.179007 0 0 0 0 0 0 0 0 0 0 0 16425
0 0 0.00220967 0.233087 0.427578 0.184802 0.00794751 0.000939058 0.231474 0.179007 0 0 0 0 0 0 0 0 0 0 0 16475
0 0 0.00249219 0.229645 0.426574 0.175001 0.00662475 0.000986257 0.156176 0.173683 0 0 0 0 0 0 0 0 0 0 0 16530
0 0 0.00264512 0.225866 0.426219 0.16824 0.00559299 0.00104392 0.113781 0.176542 0 0 0 0 0 0 0 0 0 0 0 16581
0 0 0.00250024 0.226213 0.427789 0.175033 0.0050936 0.00103774 0.131968 0.196039 0 0 0 0 0 0 0 0 0 0 0 16631
0 0 0.00240093 0.222879 0.428999 0.165272 0.00414591 0.00109339 0.119039 0.224507 0 0 0 0 0 0 0 0 0 0 0 16681
0 0 0.0023333 0.223254 0.426708 0.165748 0.00405461 0.00108964 0.12651 0.234202 0 0 0 0 0 0 0 0 0 0 0 16734
0 0 0.00215338 0.220099 0.427483 0.158266 0.00367589 0.00114521 0.125217 0.261434 0 0 0 0 0 0 0 0 0 0 0 16784
0 0 0.00180913 0.2164 0.427646 0.146769 0.00316219 0.00121986 0.13859 0.325094 0 0 0 0 0 0 0 0 0 0 0 16835
0 0 0.00192478 0.218522 0.428155 0.14856 0.00273024 0.00118106 0.136565 0.346795 0 0 0 0 0 0 0 0 0 0 0 16885
0 0 0.00192478 0.218522 0.428155 0.14856 0.00273024 0.00118106 0.136565 0.346795 0 0 0 0 0 0 0 0 0 0 0 16939
0 0 0.00171395 0.215695 0.426854 0.139471 0.00286083 0.00123337 0.145388 0.369289 0 0 0 0 0 0 0 0 0 0 0 16993
0 0 0.00145812 0.213597 0.427706 0.131908 0.00316214 0.00127652 0.174577 0.39936 0 0 0 0 0 0 0 0 0 0 0 17043
0 0 0.00159489 0.214594 0.427179 0.131252 0.00342262 0.00125623 0.154604 0.358085 0 0 0 0 0 0 0 0 0 0 0 17096
0 0 0.00155112 0.213746 0.42808 0.12759 0.00378731 0.00127411 0.155676 0.344637 0 0 0 0 0 0 0 0 0 0 0 17147
0 0 0.00148404 0.211278 0.427489 0.122241 0.00393323 0.00132325 0.148697 0.341003 0 0 0 0 0 0 0 0 0 0 0 17198
0 0 0.00155722 0.2116 0.429124 0.123112 0.00409233 0.00131547 0.138838 0.322427 0 0 0 0 0 0 0 0 0 0 0 17252
0 0 0.00155722 0.2116 0.429124 0.123112 0.00409233 0.00131547 0.138838 0.322427 0 0 0 0 0 0 0 0 0 0 0 17306
0 0 0.00168336 0.210964 0.427494 0.121344 0.00385195 0.00132473 0.116415 0.309342 0 0 0 0 0 0 0 0 0 0 0 17360
0 0 0.00197947 0.210784 0.427566 0.126058 0.00395918 0.00132307 0.0851176 0.26203 0 0 0 0 0 0 0 0 0 0 0 17412
0 0 0.00220544 0.217187 0.429572 0.142328 0.00437575 0.00119318 0.0993947 0.235556 0 0 0 0 0 0 0 0 0 0 0 17462
0 0 0.00240812 0.220387 0.4356 0.152429 0.00466276 0.00113459 0.100701 0.214529 0 0 0 0 0 0 0 0 0 0 0 17512
0 0 0.00248421 0.22009 0.439725 0.15415 0.00469579 0.00113688 0.0946771 0.207099 0 0 0 0 0 0 0 0 0 0 0 17565
0 0 0.00248421 0.22009 0.439725 0.15415 0.00469579 0.00113688 0.0946771 0.207099 0 0 0 0 0 0 0 0 0 0 0 17618
0 0 0.00245708 0.221368 0.439455 0.14993 0.00559398 0.00111336 0.106099 0.190749 0 0 0 0 0 0 0 0 0 0 0 17670
0 0 0.00245708 0.221368 0.439455 0.14993 0.00559398 0.00111336 0.106099 0.190749 0 0 0 0 0 0 0 0 0 0 0 17721
0 0 0.00251317 0.221317 0.432214 0.152971 0.00589407 0.00110487 0.107267 0.180794 0 0 0 0 0 0 0 0 0 0 0 17771
0 0 0.00258407 0.219221 0.426519 0.147431 0.00562162 0.00114026 0.090612 0.178668 0 0 0 0 0 0 0 0 0 0 0 17822
0 0 0.00263734 0.221767 0.423594 0.161391 0.006196 0.00108648 0.106736 0.16892 0 0 0 0 0 0 0 0 0 0 0 17879
0 0 0.00265193 0.224994 0.424137 0.169058 0.0065231 0.00103346 0.127527 0.166889 0 0 0 0 0 0 0 0 0 0 0 17934
0 0 0.00305706 0.231099 0.421962 0.198229 0.00695614 0.000935677 0.140503 0.148192 0 0 0 0 0 0 0 0 0 0 0 17985
0 0 0.00343407 0.238378 0.423675 0.225111 0.00753395 0.000840373 0.164315 0.134696 0 0 0 0 0 0 0 0 0 0 0 18037
0 0 0.0043591 0.249572 0.427574 0.273762 0.00809779 0.000716476 0.180935 0.112508 0 0 0 0 0 0 0 0 0 0 0 18090
0 0 0.00537501 0.257738 0.42968 0.317182 0.00814095 0.000647856 0.162004 0.0978811 0 0 0 0 0 0 0 0 0 0 0 18141
0 0 0.00838755 0.277963 0.438421 0.395465 0.00909775 0.000498438 0.18312 0.0718195 0 0 0 0 0 0 0 0 0 0 0 18191
0 0 0.00838755 0.277963 0.438421 0.395465 0.00909775 0.000498438 0.18312 0.0718195 0 0 0 0 0 0 0 0 0 0 0 18244
0 0 0.0164143 0.307024 0.458262 0.602834 0.01045 0.000352247 0.216143 0.0482079 0 0 0 0 0 0 0 0 0 0 0 18297
0 0 0.0252179 0.32577 0.450923 0.705995 0.0115149 0.000288563 0.260332 0.0396773 0 0 0 0 0 0 0 0 0 0 0 18353
0 0 0.0443972 0.35088 0.470197 0.901316 0.0130502 0.000222519 0.336344 0.0307243 0 0 0 0 0 0 0 0 0 0 0 18406
0 0 0.0687967 0.367135 0.499376 1.06074 0.0140801 0.000190199 0.38152 0.0260546 0 0 0 0 0 0 0 0 0 0 0 18458
0 0 0.0829712 0.35914 0.47236 0.982881 0.0135474 0.00020582 0.346519 0.0279439 0 0 0 0 0 0 0 0 0 0 0 18509
0 0 0.0829712 0.35914 0.47236 0.982881 0.0135474 0.00020582 0.346519 0.0279439 0 0 0 0 0 0 0 0 0 0 0 18562
0 0 0.151986 0.373048 0.452083 1.16539 0.0145043 0.000180836 0.386042 0.0245882 0 0 0 0 0 0 0 0 0 0 0 18613
0 0 0.333493 0.411141 0.474637 1.67584 0.0173631 0.000129942 0.555002 0.0181507 -1.66929 0 0 0 0 0 0 0 0 0 0 18664
0 0 0.428604 0.46274 0.479842 2.7429 0.0214917 8.66798e-05 0.864671 0.0125827 -4.24789 0 0 0 0 0 0 0 0 0 0 18716
0 0 0.488931 0.543738 0.491594 4.84826 0.0291839 4.94889e-05 1.72829 0.00768061 -7.61822 0 0 0 0 0 0 0 0 0 0 18767
0 0 0.82126 0.63214 0.500829 8.07653 0.0390518 2.93075e-05 3.30122 0.00483295 -10.671 0 0 0 0 0 0 0 0 0 0 18821
0 0 1.47531 0.694974 0.500292 11.3273 0.0458958 2.11181e-05 4.54654 0.003541 -11.9333 0 0 0 0 0 0 0 0 0 0 18873
0 0 2.05671 0.729773 0.477864 12.9113 0.0498538 1.76581e-05 5.43176 0.0029612 -12.2525 0 0 0 0 0 0 0 0 0 0 18926
0 0 2.3524 0.722682 0.467815 12.456 0.0492866 1.82681e-05 5.34545 0.00306584 -11.7943 0 0 0 0 0 0 0 0 0 0 18976
0 0 2.3524 0.722682 0.467815 12.456 0.0492866 1.82681e-05 5.34545 0.00306584 -11.7943 0 0 0 0 0 0 0 0 0 0 19028
0 0 3.13168 0.782017 0.471042 16.1016 0.0560532 1.38543e-05 6.9456 0.00234946 -13.0293 0 0 0 0 0 0 0 0 0 0 19078
0 0 3.93514 0.813377 0.457391 17.9749 0.0599401 1.20061e-05 7.71258 0.00201258 -13.1262 0 0 0 0 0 0 0 0 0 0 19129
0 0 3.93514 0.813377 0.457391 17.9749 0.0599401 1.20061e-05 7.71258 0.00201258 -13.1262 0 0 0 0 0 0 0 0 0 0 19182
0 0 3.06896 0.798708 0.452339 16.6613 0.0584623 1.27463e-05 7.52123 0.00214823 -13.0079 0 0 0 0 0 0 0 0 0 0 19232
0 0 2.89951 0.792609 0.447366 16.1528 0.0569788 1.30868e-05 7.00885 0.00217312 -12.6269 0 0 0 0 0 0 0 0 0 0 19283
0 0 2.51711 0.810894 0.445865 17.3304 0.0594932 1.20682e-05 7.66535 0.00201968 -13.0415 0 0 0 0 0 0 0 0 0 0 19336
0 0 1.56116 0.782455 0.457325 15.4858 0.0554332 1.36882e-05 6.56751 0.0022556 -12.7808 0 0 0 0 0 0 0 0 0 0 19388
0 0 1.56116 0.782455 0.457325 15.4858 0.0554332 1.36882e-05 6.56751 0.0022556 -12.7808 0 0 0 0 0 0 0 0 0 0 19437
0 0 1.34741 0.789839 0.455191 16.0553 0.0564526 1.32665e-05 6.94267 0.0022125 -13.1724 0 0 0 0 0 0 0 0 0 0 19492
0 0 1.03335 0.760116 0.452239 13.9544 0.0529013 1.51101e-05 6.19036 0.00250211 -12.4277 0 0 0 0 0 0 0 0 0 0 19542
0 0 0.81069 0.736315 0.447141 12.5228 0.0500661 1.68385e-05 5.6702 0.0027841 -12.0115 0 0 0 0 0 0 0 0 0 0 19594
0 0 0.466244 0.659527 0.445016 8.64691 0.0413554 2.4792e-05 3.94321 0.00404331 -10.1713 0 0 0 0 0 0 0 0 0 0 19645
0 0 0.333204 0.624063 0.442021 7.13673 0.0382009 3.00146e-05 3.52164 0.00496466 -9.62273 0 0 0 0 0 0 0 0 0 0 19697
0 0 0.218416 0.566036 0.433657 5.04945 0.0314117 4.21432e-05 2.30855 0.00669783 -7.56264 0 0 0 0 0 0 0 0 0 0 19748
0 0 0.218416 0.566036 0.433657 5.04945 0.0314117 4.21432e-05 2.30855 0.00669783 -7.56264 0 0 0 0 0 0 0 0 0 0 19801
0 0 0.0985235 0.475192 0.43045 2.6538 0.0228687 7.76559e-05 1.17302 0.0118054 -4.38754 0 0 0 0 0 0 0 0 0 0 19851
0 0 0.0422214 0.39535 0.431314 1.33664 0.0164723 0.000147606 0.597615 0.0217398 -1.27657 0 0 0 0 0 0 0 0 0 0 19902
0 0 0.0350662 0.390352 0.429692 1.27534 0.017015 0.000154189 0.734376 0.0245601 -2.37045 0 0 0 0 0 0 0 0 0 0 19954
0 0 0.0192982 0.346285 0.42768 0.831715 0.0137858 0.000233788 0.536355 0.0381607 -1.02488 0 0 0 0 0 0 0 0 0 0 20006
0 0 0.00995674 0.300002 0.427514 0.488337 0.0106274 0.000385525 0.322363 0.0618714 0 0 0 0 0 0 0 0 0 0 0 20058
0 0 0.0107182 0.301012 0.428717 0.498613 0.00994164 0.000380807 0.292248 0.0607133 0 0 0 0 0 0 0 0 0 0 0 20111
0 0 0.00877127 0.286048 0.427112 0.407407 0.00874801 0.000454702 0.225536 0.0714428 0 0 0 0 0 0 0 0 0 0 0 20161
0 0 0.00877127 0.286048 0.427112 0.407407 0.00874801 0.000454702 0.225536 0.0714428 0 0 0 0 0 0 0 0 0 0 0 20212
0 0 0.00864708 0.287819 0.431058 0.417157 0.00922952 0.000443575 0.255524 0.0711299 0 0 0 0 0 0 0 0 0 0 0 20266
0 0 0.00704469 0.277266 0.427681 0.390964 0.00875747 0.00050603 0.231305 0.0827363 0 0 0 0 0 0 0 0 0 0 0 20318
0 0 0.00661921 0.27649 0.428046 0.372858 0.00899068 0.000512822 0.248896 0.0858332 0 0 0 0 0 0 0 0 0 0 0 20369
0 0 0.0068465 0.270042 0.428681 0.358414 0.00797981 0.000559178 0.163556 0.0853605 0 0 0 0 0 0 0 0 0 0 0 20419
0 0 0.00669154 0.262976 0.428784 0.298919 0.00751627 0.000615928 0.128533 0.0884599 0 0 0 0 0 0 0 0 0 0 0 20473
0 0 0.0093711 0.277593 0.428537 0.361786 0.00833911 0.000510887 0.142338 0.0710697 0 0 0 0 0 0 0 0 0 0 0 20525
0 0 0.0108865 0.280538 0.429618 0.374414 0.00838709 0.000493381 0.134828 0.066811 0 0 0 0 0 0 0 0 0 0 0 20577
0 0 0.0108865 0.280538 0.429618 0.374414 0.00838709 0.000493381 0.134828 0.066811 0 0 0 0 0 0 0 0 0 0 0 20626
0 0 0.0195831 0.310523 0.436587 0.567829 0.0105699 0.000348424 0.186199 0.0462855 0 0 0 0 0 0 0 0 0 0 0 20680
0 0 0.0195831 0.310523 0.436587 0.567829 0.0105699 0.000348424 0.186199 0.0462855 0 0 0 0 0 0 0 0 0 0 0 20732
0 0 0.0343626 0.349899 0.441493 0.899207 0.0131475 0.000229607 0.287316 0.0310014 0 0 0 0 0 0 0 0 0 0 0 20782
0 0 0.0383432 0.353559 0.443175 0.92753 0.0133656 0.000222033 0.292919 0.029873 0 0 0 0 0 0 0 0 0 0 0 20835
0 0 0.0422277 0.362012 0.44459 1.14763 0.0140568 0.000205134 0.311976 0.0277693 0 0 0 0 0 0 0 0 0 0 0 20886
0 0 0.0640271 0.382382 0.451616 1.50502 0.0156571 0.000169537 0.383286 0.0232969 -0.930344 0 0 0 0 0 0 0 0 0 0 20936
0 0 0.0592721 0.368301 0.443067 1.35519 0.0145379 0.000193526 0.313528 0.0259577 -0.108742 0 0 0 0 0 0 0 0 0 0 20987
0 0 0.0592721 0.368301 0.443067 1.35519 0.0145379 0.000193526 0.313528 0.0259577 -0.108742 0 0 0 0 0 0 0 0 0 0 21039
0 0 0.0654595 0.380303 0.44113 1.73173 0.0153674 0.00017236 0.342264 0.0231599 -1.21236 0 0 0 0 0 0 0 0 0 0 21096
0 0 0.0725517 0.402304 0.437515 1.72293 0.0172263 0.000141125 0.462478 0.0193415 -1.19029 0 0 0 0 0 0 0 0 0 0 21149
0 0 0.0594376 0.392033 0.436235 1.33589 0.016529 0.000154295 0.442285 0.0211256 -0.115158 0 0 0 0 0 0 0 0 0 0 21201
0 0 0.0295298 0.34391 0.432615 0.762389 0.0130571 0.000243294 0.266872 0.0320911 0 0 0 0 0 0 0 0 0 0 0 21251
0 0 0.0179065 0.311644 0.43138 0.529941 0.0108987 0.00034301 0.184168 0.0443826 0 0 0 0 0 0 0 0 0 0 0 21306
0 0 0.0127715 0.293532 0.429494 0.424038 0.00981899 0.00042187 0.154758 0.0550972 0 0 0 0 0 0 0 0 0 0 0 21359
0 0 0.0127715 0.293532 0.429494 0.424038 0.00981899 0.00042187 0.154758 0.0550972 0 0 0 0 0 0 0 0 0 0 0 21409
0 0 0.00979046 0.278825 0.428747 0.350689 0.0088285 0.000504391 0.130341 0.0665713 0 0 0 0 0 0 0 0 0 0 0 21461
0 0 0.00811501 0.271276 0.428421 0.317887 0.00828238 0.000554955 0.122406 0.0746655 0 0 0 0 0 0 0 0 0 0 0 21511
0 0 0.00616218 0.258625 0.42834 0.267982 0.0074074 0.000655903 0.112738 0.0928901 0 0 0 0 0 0 0 0 0 0 0 21562
0 0 0.00588638 0.257092 0.428109 0.263071 0.00728623 0.000669351 0.114911 0.0960117 0 0 0 0 0 0 0 0 0 0 0 21611
0 0 0.00589141 0.258768 0.428431 0.27547 0.00712374 0.000654086 0.125676 0.0976337 0 0 0 0 0 0 0 0 0 0 0 21662
0 0 0.00630051 0.26616 0.429045 0.307959 0.00710798 0.00059275 0.157541 0.0966723 0 0 0 0 0 0 0 0 0 0 0 21716
0 0 0.00605384 0.266849 0.430931 0.317182 0.00728306 0.000587372 0.176761 0.0988018 0 0 0 0 0 0 0 0 0 0 0 21767
0 0 0.00605384 0.266849 0.430931 0.317182 0.00728306 0.000587372 0.176761 0.0988018 0 0 0 0 0 0 0 0 0 0 0 21817
0 0 0.00880775 0.288876 0.431321 0.428612 0.00839305 0.000444938 0.23303 0.0759264 0 0 0 0 0 0 0 0 0 0 0 21867
0 0 0.015586 0.314137 0.433937 0.624468 0.00896169 0.000332168 0.246828 0.0543288 0 0 0 0 0 0 0 0 0 0 0 21917
0 0 0.0178413 0.318732 0.437793 0.762729 0.00912725 0.000315969 0.240189 0.0508621 0 0 0 0 0 0 0 0 0 0 0 21969
0 0 0.0288363 0.342904 0.434009 0.965698 0.0105696 0.000244675 0.308929 0.0391642 -0.236725 0 0 0 0 0 0 0 0 0 0 22021
0 0 0.0376855 0.356284 0.432942 0.972983 0.0112953 0.000213898 0.365998 0.0346607 -0.119415 0 0 0 0 0 0 0 0 0 0 22073
0 0 0.0687784 0.405441 0.434618 1.49732 0.0144711 0.000136201 0.602379 0.0221432 -2.12979 0 0 0 0 0 0 0 0 0 0 22124
0 0 0.0965163 0.439021 0.436209 2.01504 0.0172646 0.000103239 0.809254 0.0166611 -3.44844 0 0 0 0 0 0 0 0 0 0 22177
0 0 0.20668 0.517736 0.442386 3.69929 0.0235304 5.79826e-05 1.46817 0.00946422 -6.10385 0 0 0 0 0 0 0 0 0 0 22228
0 0 0.343922 0.57991 0.449118 5.98095 0.0297858 3.89423e-05 2.18343 0.00632859 -8.41073 0 0 0 0 0 0 0 0 0 0 22281
0 0 0.343922 0.57991 0.449118 5.98095 0.0297858 3.89423e-05 2.18343 0.00632859 -8.41073 0 0 0 0 0 0 0 0 0 0 22334
0 0 0.39291 0.603524 0.444162 7.12866 0.032689 3.38206e-05 2.53246 0.00546407 -9.29076 0 0 0 0 0 0 0 0 0 0 22387
0 0 0.341158 0.605541 0.435711 6.54868 0.034175 3.33644e-05 2.87283 0.00549294 -9.11932 0 0 0 0 0 0 0 0 0 0 22440
0 0 0.386571 0.63285 0.432908 7.46982 0.0374256 2.85357e-05 3.54432 0.00480608 -9.73685 0 0 0 0 0 0 0 0 0 0 22493
0 0 0.229172 0.585106 0.431605 5.69675 0.0333389 3.75946e-05 3.16624 0.00662203 -9.19001 0 0 0 0 0 0 0 0 0 0 22546
0 0 0.222767 0.595483 0.431974 6.10476 0.0356971 3.53493e-05 4.0199 0.00660954 -10.4339 0 0 0 0 0 0 0 0 0 0 22598
0 0 0.15106 0.567398 0.431786 5.15192 0.0351465 4.18738e-05 4.67526 0.00864766 -11.3464 0 0 0 0 0 0 0 0 0 0 22650
0 0 0.105195 0.524316 0.434732 3.82479 0.03022 5.53133e-05 3.49828 0.0113585 -9.92126 0 0 0 0 0 0 0 0 0 0 22704
0 0 0.0624272 0.461134 0.433949 2.38032 0.0237332 8.67715e-05 1.90906 0.016514 -7.12504 0 0 0 0 0 0 0 0 0 0 22755
0 0 0.0727457 0.469271 0.434104 2.50659 0.023455 8.15996e-05 1.75148 0.0150087 -6.58592 0 0 0 0 0 0 0 0 0 0 22808
0 0 0.0727457 0.469271 0.434104 2.50659 0.023455 8.15996e-05 1.75148 0.0150087 -6.58592 0 0 0 0 0 0 0 0 0 0 22859
0 0 0.0551954 0.439186 0.433207 1.98858 0.0208178 0.000103096 1.28449 0.0182821 -5.50387 0 0 0 0 0 0 0 0 0 0 22908
0 0 0.0381334 0.395216 0.432442 1.35645 0.0163031 0.000149252 0.6887 0.0242405 -2.5611 0 0 0 0 0 0 0 0 0 0 22962
0 0 0.0467326 0.406874 0.433419 1.49721 0.0168427 0.000135268 0.701703 0.0213294 -2.36488 0 0 0 0 0 0 0 0 0 0 23013
0 0 0.0686595 0.428334 0.432655 1.82996 0.0176274 0.000112702 0.709347 0.0169183 -2.40683 0 0 0 0 0 0 0 0 0 0 23067
0 0 0.0821235 0.437263 0.433887 1.97417 0.0181747 0.000105026 0.724959 0.0155184 -2.44135 0 0 0 0 0 0 0 0 0 0 23120
0 0 0.0619801 0.401266 0.435588 1.41528 0.0154573 0.000142356 0.493149 0.0203321 -0.519073 0 0 0 0 0 0 0 0 0 0 23171
0 0 0.0717143 0.407243 0.438464 1.48783 0.0158581 0.000135398 0.498705 0.0191303 -0.743866 0 0 0 0 0 0 0 0 0 0 23222
0 0 0.0512047 0.37568 0.439304 1.09717 0.0137175 0.000179821 0.361757 0.0248014 0 0 0 0 0 0 0 0 0 0 0 23277
0 0 0.0512047 0.37568 0.439304 1.09717 0.0137175 0.000179821 0.361757 0.0248014 0 0 0 0 0 0 0 0 0 0 0 23328
0 0 0.0454604 0.36742 0.442077 1.00263 0.0132805 0.000194598 0.337877 0.0269378 0 0 0 0 0 0 0 0 0 0 0 23378
0 0 0.0574303 0.38198 0.443104 1.18308 0.0143463 0.000170706 0.384435 0.0236787 0 0 0 0 0 0 0 0 0 0 0 23431
0 0 0.115114 0.446665 0.451077 2.2223 0.0192905 9.9749e-05 0.695191 0.0143358 -2.29655 0 0 0 0 0 0 0 0 0 0 23483
0 0 0.113043 0.434984 0.449849 2.03295 0.0184719 0.000109748 0.611872 0.0154116 -1.69298 0 0 0 0 0 0 0 0 0 0 23533
0 0 0.119274 0.443094 0.460518 2.30784 0.0192476 0.000104444 0.638969 0.0147191 -1.90407 0 0 0 0 0 0 0 0 0 0 23586
0 0 0.136819 0.451924 0.467049 2.47015 0.0199809 9.73539e-05 0.6864 0.0137321 -2.39393 0 0 0 0 0 0 0 0 0 0 23639
0 0 0.14002 0.460357 0.454991 2.46192 0.0207373 8.95513e-05 0.766596 0.0126009 -2.54287 0 0 0 0 0 0 0 0 0 0 23689
0 0 0.14002 0.460357 0.454991 2.46192 0.0207373 8.95513e-05 0.766596 0.0126009 -2.54287 0 0 0 0 0 0 0 0 0 0 23740
0 0 0.144003 0.47723 0.445832 2.70324 0.0221477 7.80387e-05 0.917707 0.0110845 -3.38531 0 0 0 0 0 0 0 0 0 0 23792
0 0 0.149383 0.487972 0.439885 3.0005 0.0228291 7.16578e-05 1.03953 0.0103021 -4.05411 0 0 0 0 0 0 0 0 0 0 23846
0 0 0.0762218 0.423507 0.436891 1.83866 0.0173931 0.000117528 0.603182 0.0163171 -1.86672 0 0 0 0 0 0 0 0 0 0 23897
0 0 0.107773 0.463749 0.434354 2.5958 0.0197874 8.53628e-05 0.878032 0.0124554 -3.60551 0 0 0 0 0 0 0 0 0 0 23947
0 0 0.0639315 0.417233 0.431913 1.74903 0.015718 0.000123221 0.592066 0.0180557 -1.7701 0 0 0 0 0 0 0 0 0 0 23998
0 0 0.0639315 0.417233 0.431913 1.74903 0.015718 0.000123221 0.592066 0.0180557 -1.7701 0 0 0 0 0 0 0 0 0 0 24051
0 0 0.026613 0.359353 0.431214 1.03212 0.0107892 0.000207415 0.44134 0.0352798 -0.900864 0 0 0 0 0 0 0 0 0 0 24101
0 0 0.026613 0.359353 0.431214 1.03212 0.0107892 0.000207415 0.44134 0.0352798 -0.900864 0 0 0 0 0 0 0 0 0 0 24151
0 0 0.0194394 0.340942 0.430216 0.882515 0.00950328 0.000248985 0.42652 0.0455347 -1.26329 0 0 0 0 0 0 0 0 0 0 24205
0 0 0.0163772 0.326827 0.431638 0.797472 0.00852573 0.00028871 0.35445 0.0521526 -1.09572 0 0 0 0 0 0 0 0 0 0 24256
0 0 0.0271108 0.360579 0.431663 1.14664 0.00988767 0.000204668 0.454805 0.0365107 -2.29997 0 0 0 0 0 0 0 0 0 0 24308
0 0 0.0423448 0.395986 0.432072 1.6182 0.0111215 0.000147527 0.617127 0.0273245 -3.87438 0 0 0 0 0 0 0 0 0 0 24362
0 0 0.053634 0.407937 0.433034 1.75741 0.0110718 0.000133116 0.583686 0.024199 -3.63795 0 0 0 0 0 0 0 0 0 0 24412
0 0 0.0523757 0.404443 0.436706 1.67788 0.0107241 0.000137109 0.56796 0.025061 -3.04119 0 0 0 0 0 0 0 0 0 0 24462
0 0 0.14353 0.50103 0.439344 3.45993 0.0163059 6.47722e-05 1.26808 0.0123815 -6.10165 0 0 0 0 0 0 0 0 0 0 24514
0 0 0.14353 0.50103 0.439344 3.45993 0.0163059 6.47722e-05 1.26808 0.0123815 -6.10165 0 0 0 0 0 0 0 0 0 0 24565
0 0 0.640849 0.684255 0.473109 10.9863 0.0303456 2.16995e-05 3.92465 0.0042752 -11.7172 0 0 0 0 0 0 0 0 0 0 24617
0 0 0.640849 0.684255 0.473109 10.9863 0.0303456 2.16995e-05 3.92465 0.0042752 -11.7172 0 0 0 0 0 0 0 0 0 0 24670
0 0 1.05357 0.766101 0.484699 16.7078 0.0384056 1.45958e-05 5.8871 0.00290706 -13.9545 0 0 0 0 0 0 0 0 0 0 24719
0 0 1.05375 0.767154 0.466566 16.1549 0.0398299 1.45164e-05 5.97023 0.00284012 -13.4405 0 0 0 0 0 0 0 0 0 0 24773
0 0 1.95245 0.880407 0.468635 25.2 0.0558632 8.95557e-06 9.84083 0.00173227 -15.9193 0 0 0 0 0 0 0 0 0 0 24824
0 0 2.10598 0.894592 0.448885 26.2526 0.0589292 8.46342e-06 10.4408 0.00162409 -15.8458 0 0 0 0 0 0 0 0 0 0 24878
0 0 2.599 0.955926 0.436925 30.4395 0.0710738 6.68263e-06 14.1376 0.00129135 -16.8671 0 0 0 0 0 0 0 0 0 0 24928
0 0 2.66193 0.962465 0.433734 30.3874 0.0758639 6.51458e-06 14.7121 0.00122669 -16.7826 0 0 0 0 0 0 0 0 0 0 24978
0 0 2.66193 0.962465 0.433734 30.3874 0.0758639 6.51458e-06 14.7121 0.00122669 -16.7826 0 0 0 0 0 0 0 0 0 0 25029
0 0 2.80432 0.976292 0.433408 30.986 0.0787358 6.189e-06 15.128 0.00114409 -16.729 0 0 0 0 0 0 0 0 0 0 25079
0 0 3.03433 0.99822 0.431561 31.9424 0.0834114 5.71657e-06 16.5448 0.00105373 -16.9358 0 0 0 0 0 0 0 0 0 0 25130
0 0 3.57913 1.04632 0.430751 36.0607 0.0928386 4.83982e-06 19.758 0.000904123 -17.9231 0 0 0 0 0 0 0 0 0 0 25183
0 0 3.92049 1.07176 0.430997 39.1673 0.0973901 4.44777e-06 21.2576 0.000836919 -18.5763 0 0 0 0 0 0 0 0 0 0 25236
0 0 3.86533 1.07047 0.432404 39.7787 0.097451 4.47019e-06 21.1893 0.000844811 -18.7364 0 0 0 0 0 0 0 0 0 0 25289
0 0 3.59871 1.05602 0.437337 38.5468 0.0946277 4.68933e-06 20.2408 0.000885919 -18.5468 0 0 0 0 0 0 0 0 0 0 25340
0 0 3.04707 1.0215 0.438504 34.8855 0.0890811 5.27558e-06 18.608 0.000998632 -17.9432 0 0 0 0 0 0 0 0 0 0 25391
0 0 3.04707 1.0215 0.438504 34.8855 0.0890811 5.27558e-06 18.608 0.000998632 -17.9432 0 0 0 0 0 0 0 0 0 0 25443
0 0 2.82158 0.997716 0.441403 32.3941 0.0840546 5.73582e-06 16.5392 0.0010649 -17.1964 0 0 0 0 0 0 0 0 0 0 25494
0 0 2.3446 0.954646 0.431921 29.1125 0.0772778 6.70249e-06 13.7564 0.00121757 -16.1463 0 0 0 0 0 0 0 0 0 0 25545
0 0 1.74248 0.891459 0.429538 24.0545 0.0674375 8.5376e-06 10.6539 0.00152793 -14.8456 0 0 0 0 0 0 0 0 0 0 25599
0 0 1.37127 0.843549 0.428066 20.8708 0.0607517 1.03718e-05 8.57938 0.00182894 -13.9207 0 0 0 0 0 0 0 0 0 0 25652
0 0 1.06729 0.798961 0.428259 17.3258 0.0546102 1.25726e-05 7.1538 0.00222251 -12.9633 0 0 0 0 0 0 0 0 0 0 25705
0 0 0.874295 0.764822 0.428102 14.3725 0.0489144 1.46533e-05 6.22569 0.00261007 -12.0503 0 0 0 0 0 0 0 0 0 0 25756
0 0 0.610057 0.706134 0.427961 10.8455 0.0411913 1.9396e-05 4.67406 0.00345662 -10.6819 0 0 0 0 0 0 0 0 0 0 25809
0 0 0.610057 0.706134 0.427961 10.8455 0.0411913 1.9396e-05 4.67406 0.00345662 -10.6819 0 0 0 0 0 0 0 0 0 0 25862
0 0 0.54248 0.689586 0.427928 9.94146 0.0381301 2.10796e-05 4.398 0.00384131 -10.4764 0 0 0 0 0 0 0 0 0 0 25913
0 0 0.533641 0.687465 0.427771 10.0304 0.0369784 2.12966e-05 4.40599 0.00393211 -10.6915 0 0 0 0 0 0 0 0 0 0 25964
0 0 0.31476 0.610169 0.427268 6.74274 0.029663 3.23496e-05 2.78243 0.00576392 -8.72311 0 0 0 0 0 0 0 0 0 0 26016
0 0 0.368129 0.631525 0.427498 7.61983 0.0319938 2.86767e-05 3.15385 0.00513759 -9.369 0 0 0 0 0 0 0 0 0 0 26069
0 0 0.27954 0.599695 0.427431 6.3082 0.0294704 3.43805e-05 2.81752 0.0063129 -8.76258 0 0 0 0 0 0 0 0 0 0 26123
0 0 0.256251 0.59175 0.427173 6.11175 0.0283682 3.60055e-05 2.84402 0.006856 -8.98182 0 0 0 0 0 0 0 0 0 0 26174
0 0 0.268294 0.597893 0.427061 6.47028 0.0285273 3.471e-05 2.98631 0.00671834 -9.40871 0 0 0 0 0 0 0 0 0 0 26224
0 0 0.291023 0.609254 0.426899 7.0043 0.0277683 3.24731e-05 3.24748 0.00652369 -9.92077 0 0 0 0 0 0 0 0 0 0 26276
0 0 0.291023 0.609254 0.426899 7.0043 0.0277683 3.24731e-05 3.24748 0.00652369 -9.92077 0 0 0 0 0 0 0 0 0 0 26327
0 0 0.211771 0.565581 0.426613 5.41468 0.0251479 4.2139e-05 2.37338 0.00794872 -8.53556 0 0 0 0 0 0 0 0 0 0 26378
0 0 0.211771 0.565581 0.426613 5.41468 0.0251479 4.2139e-05 2.37338 0.00794872 -8.53556 0 0 0 0 0 0 0 0 0 0 26430
0 0 0.195787 0.554456 0.426474 4.9885 0.0246613 4.51683e-05 2.1428 0.00832536 -7.97374 0 0 0 0 0 0 0 0 0 0 26481
0 0 0.187186 0.555182 0.42655 5.03391 0.0249515 4.49714e-05 2.37782 0.00868869 -8.60554 0 0 0 0 0 0 0 0 0 0 26532
0 0 0.153445 0.534885 0.426544 4.3759 0.0226948 5.1252e-05 2.19228 0.0102728 -8.15347 0 0 0 0 0 0 0 0 0 0 26584
0 0 0.0630411 0.443556 0.426412 2.11133 0.016521 9.88181e-05 1.14859 0.0196823 -4.88766 0 0 0 0 0 0 0 0 0 0 26636
0 0 0.0602038 0.429112 0.426408 1.81294 0.0152316 0.00011097 0.82163 0.0202093 -2.74753 0 0 0 0 0 0 0 0 0 0 26688
0 0 0.0592815 0.42418 0.426338 1.71412 0.0152757 0.000115538 0.727583 0.0200008 -2.01855 0 0 0 0 0 0 0 0 0 0 26741
0 0 0.0472607 0.400899 0.42693 1.37405 0.0136495 0.000140912 0.551809 0.0233313 -0.597404 0 0 0 0 0 0 0 0 0 0 26791
0 0 0.0387069 0.381023 0.427651 1.10959 0.0126633 0.000168369 0.424234 0.0266415 0 0 0 0 0 0 0 0 0 0 0 26843
0 0 0.0314314 0.360636 0.43731 0.893793 0.0115236 0.000204159 0.318519 0.0306944 0 0 0 0 0 0 0 0 0 0 0 26896
0 0 0.0314314 0.360636 0.43731 0.893793 0.0115236 0.000204159 0.318519 0.0306944 0 0 0 0 0 0 0 0 0 0 0 26950
0 0 0.0245888 0.340032 0.461184 0.708357 0.0105975 0.000250942 0.246872 0.0363265 0 0 0 0 0 0 0 0 0 0 0 27002
0 0 0.0269659 0.345469 0.498399 0.750939 0.0108897 0.000237649 0.256213 0.0341235 0 0 0 0 0 0 0 0 0 0 0 27053
0 0 0.0196223 0.321182 0.449671 0.572211 0.00958069 0.000306938 0.190203 0.0426974 0 0 0 0 0 0 0 0 0 0 0 27105
0 0 0.01432 0.298962 0.435658 0.434027 0.00882427 0.000394334 0.141003 0.0518539 0 0 0 0 0 0 0 0 0 0 0 27157
0 0 0.0135399 0.294911 0.434588 0.416696 0.00889103 0.000414257 0.133345 0.0530992 0 0 0 0 0 0 0 0 0 0 0 27207
0 0 0.0124705 0.289382 0.431523 0.390609 0.00871242 0.000443315 0.12283 0.0559166 0 0 0 0 0 0 0 0 0 0 0 27257
0 0 0.0108595 0.280981 0.428538 0.346273 0.00838988 0.000490135 0.109905 0.0606304 0 0 0 0 0 0 0 0 0 0 0 27309
0 0 0.0108595 0.280981 0.428538 0.346273 0.00838988 0.000490135 0.109905 0.0606304 0 0 0 0 0 0 0 0 0 0 0 27364
0 0 0.0132769 0.294082 0.429993 0.413546 0.00904957 0.000419008 0.131289 0.0526507 0 0 0 0 0 0 0 0 0 0 0 27415
0 0 0.0107178 0.27942 0.435405 0.350412 0.00819784 0.000503114 0.106791 0.0624077 0 0 0 0 0 0 0 0 0 0 0 27468
0 0 0.0115068 0.283046 0.439655 0.379496 0.00815221 0.000483866 0.111919 0.0613504 0 0 0 0 0 0 0 0 0 0 0 27519
0 0 0.0142323 0.297908 0.435472 0.447728 0.00871319 0.000402212 0.139396 0.0523287 0 0 0 0 0 0 0 0 0 0 0 27571
0 0 0.0159686 0.305392 0.439446 0.495203 0.00917489 0.000368846 0.154611 0.0478812 0 0 0 0 0 0 0 0 0 0 0 27622
0 0 0.0226256 0.327765 0.442415 0.696516 0.010116 0.000293431 0.201068 0.0395406 0 0 0 0 0 0 0 0 0 0 0 27677
0 0 0.0238361 0.3318 0.439729 0.770088 0.0100559 0.000280544 0.217961 0.0378668 0 0 0 0 0 0 0 0 0 0 0 27727
0 0 0.0238361 0.3318 0.439729 0.770088 0.0100559 0.000280544 0.217961 0.0378668 0 0 0 0 0 0 0 0 0 0 0 27777
0 0 0.0204299 0.32064 0.439165 0.790349 0.00891263 0.000316706 0.199913 0.0429081 0 0 0 0 0 0 0 0 0 0 0 27828
0 0 0.0109485 0.279476 0.437634 0.548072 0.00659023 0.000511081 0.122215 0.0672442 0 0 0 0 0 0 0 0 0 0 0 27881
0 0 0.00954073 0.271149 0.436715 0.646675 0.00577682 0.000567 0.119807 0.0743893 -0.601784 0 0 0 0 0 0 0 0 0 0 27933
0 0 0.00796359 0.261374 0.432845 1.08699 0.00450469 0.00063911 0.132429 0.0841062 -7.43555 0 0 0 0 0 0 0 0 0 0 27984
0 0 0.00693207 0.253847 0.431186 2.65664 0.00318666 0.000705358 0.168194 0.0950238 -18.5393 0 0 0 0 0 0 0 0 0 0 28035
0 0 0.00841321 0.264366 0.434549 33.6238 0.0017363 0.000616682 0.508379 0.0861159 -50.5619 0 0 0 0 0 0 0 0 0 0 28088
0 0 0.0115007 0.28307 0.436232 44.4375 0.00198346 0.000486211 0.697863 0.0670227 -54.4912 0 0 0 0 0 0 0 0 0 0 28139
0 0 0.0171145 0.308499 0.435065 69.1285 0.00192118 0.000357757 1.21183 0.0511684 -64.9011 0 0 0 0 0 0 0 0 0 0 28190
0 0 0.0171145 0.308499 0.435065 69.1285 0.00192118 0.000357757 1.21183 0.0511684 -64.9011 0 0 0 0 0 0 0 0 0 0 28244
0 0 0.0169997 0.30395 0.445122 80.8799 0.00154764 0.000377831 1.40666 0.0549389 -73.2845 0 0 0 0 0 0 0 0 0 0 28295
0 0 0.0247133 0.320177 0.485756 84.0416 0.00177554 0.000315389 1.75797 0.0453619 -74.9331 0 0 0 0 0 0 0 0 0 0 28346
0 0 0.0620891 0.350763 0.491619 89.4895 0.0020451 0.00022928 2.5671 0.0337394 -78.7307 0 0 0 0 0 0 0 0 0 0 28399
0 0 0.176965 0.362968 0.494281 91.1383 0.00217631 0.000203604 3.0783 0.0301778 -79.6978 0 0 0 0 0 0 0 0 0 0 28451
0 0 0.83325 0.410655 0.53598 94.2533 0.00273367 0.000132417 5.35324 0.0203605 -80.8069 0 0 0 0 0 0 0 0 0 0 28504
0 0 2.37095 0.426169 0.506104 94.9312 0.00295702 0.000116225 6.22339 0.0179333 -80.6151 0 0 0 0 0 0 0 0 0 0 28557
0 0 2.90487 0.405344 0.504414 93.7556 0.002755 0.000137757 5.13273 0.0206153 -78.9414 0 0 0 0 0 0 0 0 0 0 28613
0 0 3.98254 0.430326 0.520732 94.8705 0.00290152 0.000111133 6.50521 0.0175546 -79.8277 0 0 0 0 0 0 0 0 0 0 28665
0 0 5.12822 0.459732 0.543785 95.7097 0.00319247 8.79006e-05 8.15217 0.01445 -80.3271 0 0 0 0 0 0 0 0 0 0 28717
0 0 6.90985 0.486698 0.644004 96.218 0.00330567 7.19507e-05 9.74178 0.0126749 -80.786 0 0 0 0 0 0 0 0 0 0 28767
0 0 9.82557 0.538041 0.945598 96.876 0.00381287 5.06615e-05 13.0837 0.00964764 -82.0605 0 0 0 0 0 0 0 0 0 0 28820
0 0 26.4944 0.704234 1.19895 98.7873 0.00595579 1.98288e-05 30.0185 0.00422262 -86.0249 0 0 0 0 0 0 0 0 0 0 28873
0 0 27.4355 0.778633 2.00927 99.1483 0.00642062 1.40126e-05 38.6502 0.00329712 -88.1176 0 0 0 0 0 0 0 0 0 0 28927
0 0 31.6834 0.864646 2.63979 99.2562 0.00772935 9.66088e-06 46.9114 0.00244705 -87.3693 0 0 0 0 0 0 0 0 0 0 28978
0 0 24.7937 0.903663 2.49183 99.1894 0.00832921 8.23758e-06 49.4354 0.00219703 -83.2126 0 0 0 0 0 0 0 0 0 0 29032
0 0 24.7937 0.903663 2.49183 99.1894 0.00832921 8.23758e-06 49.4354 0.00219703 -83.2126 0 0 0 0 0 0 0 0 0 0 29082
0 0 19.1873 0.872927 2.20301 98.4206 0.00790993 9.28214e-06 40.588 0.00269 -74.2241 0 0 0 0 0 0 0 0 0 0 29134
0 0 13.1532 0.857465 1.74347 96.5704 0.00699642 9.89368e-06 34.0217 0.00337236 -66.174 0 0 0 0 0 0 0 0 0 0 29186
0 0 6.45206 0.833715 1.21949 94.5127 0.00694232 1.09244e-05 24.4245 0.00420824 -53.4646 0 0 0 0 0 0 0 0 0 0 29238
0 0 4.01392 0.81634 1.08949 85.55 0.00626384 1.16569e-05 20.2606 0.00525781 -45.5315 0 0 0 0 0 0 0 0 0 0 29291
0 0 2.40329 0.770399 0.900249 70.8773 0.0058513 1.41758e-05 13.8702 0.00751907 -33.488 0 0 0 0 0 0 0 0 0 0 29341
0 0 0.998976 0.677521 0.811708 43.6535 0.00485233 2.20188e-05 7.39023 0.0127586 -22.4926 0 0 0 0 0 0 0 0 0 0 29397
0 0 0.998976 0.677521 0.811708 43.6535 0.00485233 2.20188e-05 7.39023 0.0127586 -22.4926 0 0 0 0 0 0 0 0 0 0 29446
0 0 0.542219 0.601549 0.718868 24.7329 0.00389112 3.3265e-05 3.87706 0.0200637 -14.4281 0 0 0 0 0 0 0 0 0 0 29500
0 0 0.574008 0.619854 0.689871 18.26 0.00430003 2.99332e-05 4.12116 0.018899 -12.4471 0 0 0 0 0 0 0 0 0 0 29552
0 0 0.362616 0.565812 0.665951 12.5532 0.0047351 4.09446e-05 2.89198 0.0227735 -9.73707 0 0 0 0 0 0 0 0 0 0 29604
0 0 0.286479 0.542528 0.690771 7.74031 0.00562999 4.73167e-05 2.30386 0.0232244 -8.82282 0 0 0 0 0 0 0 0 0 0 29657
0 0 0.257058 0.524 0.6233 5.83101 0.00739945 5.35883e-05 2.05683 0.02407 -7.70354 0 0 0 0 0 0 0 0 0 0 29709
0 0 0.227714 0.520545 0.596309 5.35758 0.0120035 5.54956e-05 1.97628 0.0223338 -7.81242 0 0 0 0 0 0 0 0 0 0 29760
0 0 0.375911 0.547303 0.558959 5.99157 0.0214224 4.75884e-05 2.05216 0.0163912 -7.04884 0 0 0 0 0 0 0 0 0 0 29813
0 0 0.534213 0.539224 0.57067 5.53411 0.0334736 5.12908e-05 1.82601 0.0157867 -6.67186 0 0 0 0 0 0 0 0 0 0 29863
0 0 0.534213 0.539224 0.57067 5.53411 0.0334736 5.12908e-05 1.82601 0.0157867 -6.67186 0 0 0 0 0 0 0 0 0 0 29915
0 0 0.636107 0.520816 0.540782 4.48254 0.0556524 6.24698e-05 1.39999 0.0166729 -5.59279 0 0 0 0 0 0 0 0 0 0 29966
0 0 0.746999 0.498989 0.537073 2.96144 0.0814626 8.74995e-05 0.97816 0.0200258 -3.70171 0 0 0 0 0 0 0 0 0 0 30020
0 0 0.778692 0.488593 0.550327 1.80767 0.0803915 0.000131015 0.603301 0.0273345 -1.79416 0 0 0 0 0 0 0 0 0 0 30073
0 0 1.09547 0.763531 0.594771 1.49443 0.103391 0.000156097 0.491456 0.0296299 -0.874588 0 0 0 0 0 0 0 0 0 0 30125
0 0 1.37744 1.39462 0.626811 1.23163 0.108916 0.000183027 0.425765 0.0332391 -0.126862 0 0 0 0 0 0 0 0 0 0 30174
0 0 1.32513 3.89366 0.741303 1.09047 0.115458 0.000205428 0.381745 0.035477 0 0 0 0 0 0 0 0 0 0 0 30226
0 0 1.71943 9.97202 0.725837 0.983812 0.118996 0.000224624 0.360064 0.0378421 0 0 0 0 0 0 0 0 0 0 0 30277
0 0 1.71943 9.97202 0.725837 0.983812 0.118996 0.000224624 0.360064 0.0378421 0 0 0 0 0 0 0 0 0 0 0 30329
0 0 1.33171 20.2193 0.833895 1.26722 0.122276 0.00024204 0.342496 0.0400628 0 0 0 0 0 0 0 0 0 0 0 30381
0 0 0.703107 20.9947 0.836243 1.33078 0.105187 0.000309466 0.239359 0.0490263 0 0 0 0 0 0 0 0 0 0 0 30434
0 0 0.81562 22.2361 0.960447 2.36549 0.112485 0.0002644 0.281744 0.0419713 0 0 0 0 0 0 0 0 0 0 0 30485
0 0 0.644461 29.5131 1.13523 4.81324 0.0994646 0.000317415 0.224595 0.0493556 0 0 0 0 0 0 0 0 0 0 0 30536
0 0 0.506526 17.0834 1.05977 3.6435 0.092176 0.000318755 0.208188 0.0484351 0 0 0 0 0 0 0 0 0 0 0 30585
0 0 0.55386 14.0495 1.39348 11.224 0.0847665 0.000303324 0.215958 0.0468902 0 0 0 0 0 0 0 0 0 0 0 30639
0 0 0.476992 7.7871 1.3132 8.56565 0.0751976 0.00031653 0.198522 0.0488038 0 0 0 0 0 0 0 0 0 0 0 30693
0 0 0.297772 4.27907 1.18101 5.53754 0.0640751 0.000344892 0.175213 0.0529316 0 0 0 0 0 0 0 0 0 0 0 30748
0 0 0.211357 2.86267 1.2571 7.19356 0.0503336 0.000377841 0.154871 0.0567189 0 0 0 0 0 0 0 0 0 0 0 30798
0 0 0.143355 1.82747 1.04512 3.28957 0.0411978 0.000438758 0.130528 0.0642838 0 0 0 0 0 0 0 0 0 0 0 30848
0 0 0.143355 1.82747 1.04512 3.28957 0.0411978 0.000438758 0.130528 0.0642838 0 0 0 0 0 0 0 0 0 0 0 30901
0 0 0.110745 1.2883 0.845032 1.37063 0.0311489 0.000472256 0.118895 0.0688668 0 0 0 0 0 0 0 0 0 0 0 30955
0 0 0.0814403 1.01187 0.823287 1.25169 0.0243364 0.00042729 0.131804 0.0626835 0 0 0 0 0 0 0 0 0 0 0 31008
0 0 0.0718213 0.737803 0.70703 0.652634 0.0205403 0.000336768 0.175666 0.0507606 0 0 0 0 0 0 0 0 0 0 0 31063
0 0 0.0882787 0.694185 0.695097 0.672838 0.0191766 0.000277292 0.225982 0.0425198 0 0 0 0 0 0 0 0 0 0 0 31114
0 0 0.0899974 0.554626 0.62673 0.835126 0.0159739 0.000227012 0.282572 0.0354932 0 0 0 0 0 0 0 0 0 0 0 31167
0 0 0.0865519 0.554758 0.599188 0.984 0.0165729 0.000193183 0.340248 0.0304727 0 0 0 0 0 0 0 0 0 0 0 31218
0 0 0.116589 0.508617 0.553924 1.2739 0.0161137 0.000151856 0.448445 0.0241973 0 0 0 0 0 0 0 0 0 0 0 31268
0 0 0.116589 0.508617 0.553924 1.2739 0.0161137 0.000151856 0.448445 0.0241973 0 0 0 0 0 0 0 0 0 0 0 31319
0 0 0.102671 0.42423 0.496263 1.31989 0.0146881 0.000145536 0.470724 0.0225593 0 0 0 0 0 0 0 0 0 0 0 31373
0 0 0.102671 0.42423 0.496263 1.31989 0.0146881 0.000145536 0.470724 0.0225593 0 0 0 0 0 0 0 0 0 0 0 31428
0 0 0.19369 0.424047 0.526773 1.52351 0.0160851 0.000127731 0.528475 0.0189292 0 0 0 0 0 0 0 0 0 0 0 31482
0 0 0.277415 0.413905 0.519781 1.49413 0.0164579 0.000131781 0.496235 0.0185484 0 0 0 0 0 0 0 0 0 0 0 31532
0 0 0.15217 0.390545 0.503734 1.25374 0.0150957 0.000160148 0.388312 0.0218152 0 0 0 0 0 0 0 0 0 0 0 31582
0 0 0.0567692 0.344309 0.515448 0.803115 0.0121845 0.000249451 0.231486 0.0325147 0 0 0 0 0 0 0 0 0 0 0 31632
0 0 0.0567692 0.344309 0.515448 0.803115 0.0121845 0.000249451 0.231486 0.0325147 0 0 0 0 0 0 0 0 0 0 0 31683
0 0 0.0154248 0.277489 0.529396 0.342258 0.00836945 0.000522417 0.0998672 0.0632927 0 0 0 0 0 0 0 0 0 0 0 31736
0 0 0.0132733 0.280933 0.577421 0.359541 0.00866758 0.000499275 0.105039 0.060173 0 0 0 0 0 0 0 0 0 0 0 31788
0 0 0.00839975 0.259147 0.657837 0.490398 0.00756765 0.000660769 0.0762435 0.0773161 0 0 0 0 0 0 0 0 0 0 0 31841
0 0 0.00594825 0.241898 0.784481 1.06018 0.00672925 0.000840112 0.0579333 0.095963 0 0 0 0 0 0 0 0 0 0 0 31895
0 0 0.00363813 0.216686 1.30641 9.02339 0.00555779 0.0012411 0.0369119 0.137079 0 0 0 0 0 0 0 0 0 0 0 31947
0 0 0.00282419 0.205729 2.1609 48.0271 0.00507797 0.00148879 0.0299272 0.161762 0 0 0 0 0 0 0 0 0 0 0 31997
0 0 0.00248619 0.200804 3.80608 92.328 0.00487314 0.00161238 0.0273866 0.173392 0 0 0 0 0 0 0 0 0 0 0 32049
0 0 0.00233302 0.198495 4.86325 97.427 0.0047802 0.00166848 0.0264201 0.178219 0 0 0 0 0 0 0 0 0 0 0 32107
0 0 0.00233302 0.198495 4.86325 97.427 0.0047802 0.00166848 0.0264201 0.178219 0 0 0 0 0 0 0 0 0 0 0 32160
0 0 0.0022491 0.197025 5.84009 98.8838 0.00472125 0.00171097 0.0256081 0.182195 0 0 0 0 0 0 0 0 0 0 0 32213
0 0 0.00220456 0.195608 7.70324 99.6911 0.00466355 0.00176293 0.0246795 0.187598 0 0 0 0 0 0 0 0 0 0 0 32267
0 0 0.00214847 0.194419 8.89307 99.8521 0.00461459 0.00179535 0.024181 0.190441 0 0 0 0 0 0 0 0 0 0 0 32322
0 0 0.00214316 0.194006 9.53228 99.8993 0.00459753 0.00180254 0.0240883 0.190818 0 0 0 0 0 0 0 0 0 0 0 32378
0 0 0.00224431 0.193766 9.41669 99.9051 0.00458764 0.00180551 0.0239036 0.190859 0 0 0 0 0 0 0 0 0 0 0 32432
0 0 0.00240972 0.193258 8.86976 99.8905 0.00456678 0.00181979 0.0234592 0.192119 0 0 0 0 0 0 0 0 0 0 0 32485
0 0 0.00256996 0.192946 8.32418 99.8666 0.00455404 0.00182903 0.0231498 0.192965 0 0 0 0 0 0 0 0 0 0 0 32538
0 0 0.00256996 0.192946 8.32418 99.8666 0.00455404 0.00182903 0.0231498 0.192965 0 0 0 0 0 0 0 0 0 0 0 32591
0 0 0.00213688 0.193298 8.8947 99.8555 0.00456528 0.00181753 0.0240483 0.19203 0 0 0 0 0 0 0 0 0 0 0 32642
0 0 0.00213688 0.193298 8.8947 99.8555 0.00456528 0.00181753 0.0240483 0.19203 0 0 0 0 0 0 0 0 0 0 0 32696
0 0 0 0 0 0 0 0 0 0 0 0 0 0 0 0 0 0 0 0 0 32749
0 0 0 0 0 0 0 0 0 0 0 0 0 0 0 0 0 0 0 0 0 32798
0 0 0.00207997 0.19367 7.43907 99.6458 0.00457932 0.00181066 0.024306 0.192097 0 0 0 0 0 0 0 0 0 0 0 32852
0 0 0.00208575 0.193643 6.31265 99.2081 0.00458594 0.0018249 0.0242913 0.195066 0 0 0 0 0 0 0 0 0 0 0 32908
0 0 0.00211781 0.193785 3.3045 86.3068 0.00458735 0.00183019 0.0240012 0.195689 0 0 0 0 0 0 0 0 0 0 0 32963
0 0 0.00209831 0.193642 2.37432 59.0613 0.00458383 0.00183007 0.0241123 0.195563 0 0 0 0 0 0 0 0 0 0 0 33017
0 0 0.00211716 0.19389 0.918735 2.0917 0.00458664 0.00182312 0.0242128 0.195037 0 0 0 0 0 0 0 0 0 0 0 33071
0 0 0.0021249 0.193963 1.09053 4.27369 0.00460011 0.00182979 0.0242071 0.196526 0 0 0 0 0 0 0 0 0 0 0 33122
0 0 0.0021909 0.193933 0.889381 1.7192 0.00458541 0.00185514 0.0233646 0.199755 0 0 0 0 0 0 0 0 0 0 0 33175
0 0 0.00218067 0.193702 0.645011 0.454956 0.00455282 0.00185433 0.0232209 0.199137 0 0 0 0 0 0 0 0 0 0 0 33229
0 0 0.00223772 0.193828 0.667344 0.502401 0.00456386 0.00186827 0.0227408 0.201003 0 0 0 0 0 0 0 0 0 0 0 33280
0 0 0.00230803 0.193988 0.579202 0.252178 0.00456716 0.00188424 0.0223477 0.203628 0 0 0 0 0 0 0 0 0 0 0 33331
0 0 0.00230803 0.193988 0.579202 0.252178 0.00456716 0.00188424 0.0223477 0.203628 0 0 0 0 0 0 0 0 0 0 0 33382
0 0 0.00229581 0.193938 0.503498 0.154838 0.00456628 0.001875 0.0223633 0.20213 0 0 0 0 0 0 0 0 0 0 0 33432
0 0 0.00227495 0.193925 0.506428 0.192246 0.00457075 0.00185308 0.0226045 0.198654 0 0 0 0 0 0 0 0 0 0 0 33483
0 0 0.00248949 0.194055 0.564989 0.391492 0.00458153 0.00184239 0.0224328 0.197135 0 0 0 0 0 0 0 0 0 0 0 33536
0 0 0.00261457 0.194567 0.756841 1.49498 0.00460762 0.00182868 0.0224408 0.195847 0 0 0 0 0 0 0 0 0 0 0 33587
0 0 0.00294749 0.19407 0.881275 2.71413 0.00459079 0.00182932 0.0227211 0.195101 0 0 0 0 0 0 0 0 0 0 0 33639
0 0 0.00294749 0.19407 0.881275 2.71413 0.00459079 0.00182932 0.0227211 0.195101 0 0 0 0 0 0 0 0 0 0 0 33692
0 0 0.00389829 0.193593 1.27064 11.9041 0.00457422 0.00183066 0.0229423 0.194439 0 0 0 0 0 0 0 0 0 0 0 33745
0 0 0.00619812 0.19329 1.89906 46.4633 0.00456362 0.00183509 0.022804 0.194577 0 0 0 0 0 0 0 0 0 0 0 33796
0 0 0.0133617 0.19338 2.18131 69.9307 0.00456765 0.00182783 0.0223115 0.193669 0 0 0 0 0 0 0 0 0 0 0 33853
0 0 0.0205564 0.193475 2.36834 82.7006 0.00457314 0.00182344 0.021723 0.193153 0 0 0 0 0 0 0 0 0 0 0 33907
0 0 0.0174582 0.193748 3.22365 96.8511 0.0045845 0.00181231 0.0211289 0.19198 0 0 0 0 0 0 0 0 0 0 0 33957
0 0 0.014286 0.194127 4.05722 98.7061 0.00460109 0.00180537 0.0213996 0.191528 0 0 0 0 0 0 0 0 0 0 0 34013
0 0 0.00649096 0.194295 4.51036 99.1492 0.00460819 0.00180946 0.0213362 0.192358 0 0 0 0 0 0 0 0 0 0 0 34064
0 0 0.00649096 0.194295 4.51036 99.1492 0.00460819 0.00180946 0.0213362 0.192358 0 0 0 0 0 0 0 0 0 0 0 34115
0 0 0.0063413 0.194097 4.4791 98.6769 0.00459935 0.00181283 0.0220661 0.192524 0 0 0 0 0 0 0 0 0 0 0 34169
0 0 0.00418858 0.193983 3.86525 96.964 0.00459411 0.00181794 0.0222911 0.193077 0 0 0 0 0 0 0 0 0 0 0 34221
0 0 0.00349012 0.194138 3.72013 95.0708 0.00460022 0.00180885 0.0230663 0.191976 0 0 0 0 0 0 0 0 0 0 0 34274
0 0 0.00301583 0.194234 3.59843 93.1381 0.0046047 0.00181027 0.0233551 0.192347 0 0 0 0 0 0 0 0 0 0 0 34325
0 0 0.00276633 0.194515 3.20223 85.9851 0.00461656 0.00180871 0.0237776 0.192539 0 0 0 0 0 0 0 0 0 0 0 34377
0 0 0.00264426 0.194766 2.69875 72.7527 0.00462695 0.00180313 0.0239534 0.192091 0 0 0 0 0 0 0 0 0 0 0 34432
0 0 0.00282312 0.195259 2.12355 46.4607 0.00464706 0.0017904 0.0242049 0.190979 0 0 0 0 0 0 0 0 0 0 0 34481
0 0 0.00309079 0.194543 1.52725 16.5124 0.00461671 0.00182183 0.0236545 0.194423 0 0 0 0 0 0 0 0 0 0 0 34532
0 0 0.00309079 0.194543 1.52725 16.5124 0.00461671 0.00182183 0.0236545 0.194423 0 0 0 0 0 0 0 0 0 0 0 34584
0 0 0.00311116 0.193796 1.10033 4.52391 0.00458446 0.00183567 0.0235469 0.195267 0 0 0 0 0 0 0 0 0 0 0 34639
0 0 0.00279949 0.19365 0.751642 0.895585 0.00457645 0.00183539 0.0235869 0.19499 0 0 0 0 0 0 0 0 0 0 0 34690
0 0 0.00271437 0.193712 0.672354 0.546388 0.00457881 0.00184158 0.023395 0.19599 0 0 0 0 0 0 0 0 0 0 0 34742
0 0 0.00260835 0.193459 0.65771 0.51973 0.00456923 0.0018605 0.0228705 0.198374 0 0 0 0 0 0 0 0 0 0 0 34793
0 0 0.00242873 0.193236 0.600836 0.418149 0.00455994 0.0018544 0.0226983 0.197102 0 0 0 0 0 0 0 0 0 0 0 34846
0 0 0.0023468 0.193034 0.573411 0.506214 0.00455207 0.00184511 0.0222572 0.195424 0 0 0 0 0 0 0 0 0 0 0 34897
0 0 0.0026852 0.193002 0.468308 0.360446 0.00455114 0.00184075 0.0214329 0.194767 0 0 0 0 0 0 0 0 0 0 0 34950
0 0 0.00567558 0.193004 0.264246 0.396033 0.00455187 0.0018414 0.0175282 0.19487 0 0 0 0 0 0 0 0 0 0 0 35001
0 0 0.0102961 0.1929 0.230108 0.492136 0.00454802 0.00184138 0.0165152 0.194762 0 0 0 0 0 0 0 0 0 0 0 35051
0 0 0.0472808 0.192821 0.127757 1.45429 0.00454467 0.00184777 0.0128497 0.195712 -11.9457 0 0 0 0 0 0 0 0 0 0 35102
0 0 0.080917 0.192772 0.108479 3.36579 0.00454256 0.00185831 0.0121562 0.197186 -17.0262 0 0 0 0 0 0 0 0 0 0 35152
0 0 0.080917 0.192772 0.108479 3.36579 0.00454256 0.00185831 0.0121562 0.197186 -17.0262 0 0 0 0 0 0 0 0 0 0 35204
0 0 0.162099 0.192724 0.0833381 6.65953 0.00454126 0.00184568 0.0109183 0.195093 -22.9736 0 0 0 0 0 0 0 0 0 0 35256
0 0 0.104527 0.192697 0.125435 5.17579 0.00454101 0.00184348 0.0121611 0.194753 -19.5169 0 0 0 0 0 0 0 0 0 0 35308
0 0 0.0572694 0.192674 0.225565 4.45012 0.0045418 0.0018425 0.0144728 0.19456 -15.1813 0 0 0 0 0 0 0 0 0 0 35359
0 0 0.0353746 0.192663 0.287143 3.05261 0.00454117 0.00184634 0.0159038 0.195077 -11.269 0 0 0 0 0 0 0 0 0 0 35410
0 0 0.0394995 0.192614 0.237901 2.57106 0.00453993 0.00184726 0.0148624 0.195054 -11.8048 0 0 0 0 0 0 0 0 0 0 35460
0 0 0.0242483 0.192567 0.24075 2.26551 0.00453867 0.00184321 0.0147657 0.194329 -6.82725 0 0 0 0 0 0 0 0 0 0 35512
0 0 0.0242483 0.192567 0.24075 2.26551 0.00453867 0.00184321 0.0147657 0.194329 -6.82725 0 0 0 0 0 0 0 0 0 0 35564
0 0 0.0191907 0.192623 0.229037 1.23028 0.00453987 0.00183892 0.0151968 0.193868 -4.86829 0 0 0 0 0 0 0 0 0 0 35616
0 0 0.0176986 0.192655 0.177145 0.860522 0.00454132 0.00183662 0.0142556 0.193639 -3.55563 0 0 0 0 0 0 0 0 0 0 35667
0 0 0.021243 0.192686 0.155259 1.46456 0.00454194 0.00183473 0.0131012 0.193384 -4.54266 0 0 0 0 0 0 0 0 0 0 35718
0 0 0.0131017 0.192707 0.18225 0.992658 0.00454253 0.00183604 0.0143023 0.193591 -0.335464 0 0 0 0 0 0 0 0 0 0 35770
0 0 0.0202227 0.192742 0.102072 1.1246 0.00454375 0.00183557 0.0125672 0.193562 -3.33511 0 0 0 0 0 0 0 0 0 0 35822
0 0 0.045441 0.192768 0.0419943 3.26067 0.00454438 0.00183446 0.00975443 0.193454 -9.09088 0 0 0 0 0 0 0 0 0 0 35872
0 0 0.0983881 0.192782 0.0192763 8.32214 0.0045456 0.00183182 0.0076748 0.193117 -14.9103 0 0 0 0 0 0 0 0 0 0 35924
0 0 0.0803248 0.19278 0.0218472 6.47097 0.00454593 0.00183056 0.00812101 0.192968 -13.6345 0 0 0 0 0 0 0 0 0 0 35974
0 0 0.142764 0.192778 0.0159813 9.43326 0.0045462 0.00182987 0.00701928 0.192894 -19.6453 0 0 0 0 0 0 0 0 0 0 36025
0 0 0.198593 0.192773 0.0125371 12.4989 0.00454572 0.00182909 0.00669756 0.192782 -21.7609 0 0 0 0 0 0 0 0 0 0 36075
0 0 0.217804 0.192786 0.013283 11.3997 0.00454525 0.00182884 0.00685311 0.192742 -23.0041 0 0 0 0 0 0 0 0 0 0 36127
0 0 0.217804 0.192786 0.013283 11.3997 0.00454525 0.00182884 0.00685311 0.192742 -23.0041 0 0 0 0 0 0 0 0 0 0 36178
0 0 0.317667 0.192812 0.0112642 13.9412 0.00454591 0.00182856 0.00636287 0.192723 -26.7804 0 0 0 0 0 0 0 0 0 0 36228
0 0 0.232224 0.192862 0.017534 7.83526 0.00454684 0.00182865 0.00769695 0.192769 -24.2606 0 0 0 0 0 0 0 0 0 0 36279
0 0 0.758629 0.192883 0.0103226 15.4873 0.00454842 0.00182907 0.00626795 0.19286 -35.2131 0 0 0 0 0 0 0 0 0 0 36331
0 0 0.897389 0.192899 0.010586 14.9712 0.00455028 0.0018296 0.00627851 0.192966 -37.2001 0 0 0 0 0 0 0 0 0 0 36383
0 0 0.938439 0.192879 0.0104802 15.1767 0.00455046 0.00182982 0.00629341 0.192965 -37.5025 0 0 0 0 0 0 0 0 0 0 36434
0 0 1.43797 0.192881 0.00811265 20.5638 0.00455189 0.00183024 0.00564786 0.193051 -41.5094 0 0 0 0 0 0 0 0 0 0 36486
0 0 2.06166 0.192951 0.00634073 27.041 0.00455464 0.00182901 0.00519452 0.192954 -44.4393 0 0 0 0 0 0 0 0 0 0 36537
0 0 1.64002 0.192913 0.00834033 20.8035 0.00455579 0.00183075 0.0059258 0.193182 -42.1219 0 0 0 0 0 0 0 0 0 0 36592
0 0 2.20202 0.192915 0.00691979 24.867 0.00455645 0.00183368 0.0054703 0.193581 -44.7954 0 0 0 0 0 0 0 0 0 0 36638
