0 0 0.00220866 0.195772 0.429515 0.795253 0.00466841 0.00174648 0.0253302 0.186 0 0 0 0 0 0 0 0 0 0 0 1182
0 0 0.0022137 0.195644 0.42843 0.61023 0.00466153 0.00174597 0.025344 0.185718 0 0 0 0 0 0 0 0 0 0 0 1233
0 0 0.00219413 0.195408 0.427699 0.5523 0.004651 0.00175055 0.0252957 0.186028 0 0 0 0 0 0 0 0 0 0 0 1286
0 0 0.00221222 0.1964 0.427247 0.588677 0.0046992 0.0017183 0.0258669 0.182898 0 0 0 0 0 0 0 0 0 0 0 1339
0 0 0.00221222 0.1964 0.427247 0.588677 0.0046992 0.0017183 0.0258669 0.182898 0 0 0 0 0 0 0 0 0 0 0 1392
0 0 0.00218556 0.196372 0.42772 0.678906 0.00473392 0.00172057 0.0256337 0.183237 0 0 0 0 0 0 0 0 0 0 0 1445
0 0 0.00218556 0.196372 0.42772 0.678906 0.00473392 0.00172057 0.0256337 0.183237 0 0 0 0 0 0 0 0 0 0 0 1498
0 0 0.00212569 0.19515 0.427443 1.0157 0.00474321 0.00175897 0.024861 0.187285 0 0 0 0 0 0 0 0 0 0 0 1549
0 0 0.00209956 0.194588 0.426665 1.56225 0.00473239 0.0017766 0.024512 0.188994 0 0 0 0 0 0 0 0 0 0 0 1602
0 0 0.00207794 0.194042 0.427046 1.97454 0.00471571 0.0017955 0.024179 0.190997 0 0 0 0 0 0 0 0 0 0 0 1654
0 0 0.00207013 0.193878 0.427369 3.20759 0.00476879 0.00180068 0.0240118 0.191674 0 0 0 0 0 0 0 0 0 0 0 1704
0 0 0.00205778 0.193466 0.428412 3.80822 0.00471428 0.00181869 0.0237601 0.193554 0 0 0 0 0 0 0 0 0 0 0 1758
0 0 0.00205778 0.193466 0.428412 3.80822 0.00471428 0.00181869 0.0237601 0.193554 0 0 0 0 0 0 0 0 0 0 0 1809
0 0 0.00206034 0.193441 0.429057 8.09037 0.00471767 0.00182253 0.0236786 0.194038 0 0 0 0 0 0 0 0 0 0 0 1859
0 0 0.00204593 0.193199 0.428348 9.84494 0.00464309 0.00182896 0.0237 0.194367 0 0 0 0 0 0 0 0 0 0 0 1911
0 0 0.00203562 0.193118 0.42799 9.92015 0.00465953 0.00182963 0.023675 0.194423 0 0 0 0 0 0 0 0 0 0 0 1964
0 0 0.00204235 0.19307 0.42978 13.6689 0.00461639 0.00183547 0.0236286 0.195068 0 0 0 0 0 0 0 0 0 0 0 2019
0 0 0.00205246 0.193136 0.430848 14.9732 0.0046154 0.0018367 0.0235965 0.195275 0 0 0 0 0 0 0 0 0 0 0 2072
0 0 0.00205246 0.193136 0.430848 14.9732 0.0046154 0.0018367 0.0235965 0.195275 0 0 0 0 0 0 0 0 0 0 0 2124
0 0 0.00205556 0.193104 0.431745 17.2793 0.0045788 0.00184118 0.0235731 0.1957 0 0 0 0 0 0 0 0 0 0 0 2176
0 0 0.0020571 0.193174 0.431894 17.9269 0.00457248 0.00183916 0.0236196 0.195444 0 0 0 0 0 0 0 0 0 0 0 2225
0 0 0.00207873 0.193385 0.433434 20.7571 0.00458063 0.00183818 0.0235849 0.195601 0 0 0 0 0 0 0 0 0 0 0 2279
0 0 0.0021012 0.19377 0.4342 22.5817 0.00459803 0.0018283 0.0237194 0.194745 0 0 0 0 0 0 0 0 0 0 0 2331
0 0 0.00212601 0.19392 0.436724 18.184 0.00459944 0.00183157 0.0236361 0.19551 0 0 0 0 0 0 0 0 0 0 0 2387
0 0 0.00212521 0.194046 0.435716 11.6542 0.0046065 0.00182573 0.0237392 0.194841 0 0 0 0 0 0 0 0 0 0 0 2441
0 0 0.00213631 0.194556 0.434319 10.6137 0.00462079 0.0018033 0.0241604 0.192402 0 0 0 0 0 0 0 0 0 0 0 2492
0 0 0.00218823 0.195976 0.432233 6.81651 0.00469634 0.00174948 0.0250643 0.186803 0 0 0 0 0 0 0 0 0 0 0 2544
0 0 0.00226094 0.197327 0.4329 4.42465 0.00475855 0.00171053 0.025715 0.1832 0 0 0 0 0 0 0 0 0 0 0 2597
0 0 0.00236367 0.199231 0.433354 2.13312 0.00491737 0.00165596 0.0265487 0.178193 0 0 0 0 0 0 0 0 0 0 0 2721
0 0 0.00248829 0.202288 0.429914 0.560607 0.00507722 0.0015576 0.0286664 0.168106 0 0 0 0 0 0 0 0 0 0 0 2772
0 0 0.00248829 0.202288 0.429914 0.560607 0.00507722 0.0015576 0.0286664 0.168106 0 0 0 0 0 0 0 0 0 0 0 2823
0 0 0.00277586 0.207516 0.429155 0.379025 0.0054076 0.00142238 0.0317292 0.154952 0 0 0 0 0 0 0 0 0 0 0 2874
0 0 0.00299819 0.211107 0.428191 0.360672 0.00561313 0.00133676 0.0339962 0.14627 0 0 0 0 0 0 0 0 0 0 0 2927
0 0 0.00333713 0.216257 0.427945 0.370037 0.00585762 0.00122809 0.0374828 0.135274 0 0 0 0 0 0 0 0 0 0 0 2981
0 0 0.00340684 0.217453 0.427717 0.299877 0.00580109 0.00120458 0.0384738 0.132483 0 0 0 0 0 0 0 0 0 0 0 3034
0 0 0.00330933 0.216089 0.427437 0.232124 0.00566213 0.00123134 0.0376529 0.134926 0 0 0 0 0 0 0 0 0 0 0 3087
0 0 0.00330933 0.216089 0.427437 0.232124 0.00566213 0.00123134 0.0376529 0.134926 0 0 0 0 0 0 0 0 0 0 0 3138
0 0 0.00314867 0.213837 0.427593 0.169918 0.00548116 0.00128076 0.0359907 0.139595 0 0 0 0 0 0 0 0 0 0 0 3191
0 0 0.00314867 0.213837 0.427593 0.169918 0.00548116 0.00128076 0.0359907 0.139595 0 0 0 0 0 0 0 0 0 0 0 3242
0 0 0.00280177 0.208282 0.429475 0.132625 0.00521311 0.00141152 0.0320947 0.152685 0 0 0 0 0 0 0 0 0 0 0 3294
0 0 0.00265062 0.205746 0.434993 0.117449 0.00508448 0.00148127 0.0300618 0.159639 0 0 0 0 0 0 0 0 0 0 0 3350
0 0 0.00241436 0.201319 0.4328 0.102824 0.00488263 0.00160997 0.0274853 0.172581 0 0 0 0 0 0 0 0 0 0 0 3401
0 0 0.00232863 0.199867 0.432472 0.0961869 0.00481505 0.0016541 0.0268253 0.176809 0 0 0 0 0 0 0 0 0 0 0 3454
0 0 0.0022555 0.198349 0.433607 0.0922606 0.00474322 0.00171261 0.0257581 0.182744 0 0 0 0 0 0 0 0 0 0 0 3503
0 0 0.00227705 0.198545 0.437275 0.0949188 0.0047359 0.0017348 0.0252912 0.185461 0 0 0 0 0 0 0 0 0 0 0 3556
0 0 0.00222136 0.196839 0.437364 0.0937087 0.00467938 0.00178327 0.0245109 0.190252 0 0 0 0 0 0 0 0 0 0 0 3607
0 0 0.00222136 0.196839 0.437364 0.0937087 0.00467938 0.00178327 0.0245109 0.190252 0 0 0 0 0 0 0 0 0 0 0 3661
0 0 0.00219679 0.196125 0.436965 0.0927975 0.00465907 0.00179918 0.0243018 0.191563 0 0 0 0 0 0 0 0 0 0 0 3714
0 0 0.00217715 0.195572 0.434332 0.0911682 0.00465533 0.00179458 0.024533 0.19024 0 0 0 0 0 0 0 0 0 0 0 3768
0 0 0.00212663 0.194657 0.431104 0.0886566 0.00462583 0.00180338 0.024493 0.190126 0 0 0 0 0 0 0 0 0 0 0 3818
0 0 0.00210788 0.193074 0.428629 0.0870785 0.00458331 0.00183881 0.0241711 0.190937 0 0 0 0 0 0 0 0 0 0 0 3873
0 0 0.00213123 0.192863 0.425342 0.0865048 0.00459033 0.00182782 0.0245823 0.187815 0 0 0 0 0 0 0 0 0 0 0 3923
0 0 0.00213927 0.192257 0.42329 0.0860979 0.00458317 0.00183465 0.0246475 0.186993 0 0 0 0 0 0 0 0 0 0 0 3974
0 0 0.00210495 0.19028 0.420055 0.0848316 0.00453361 0.0018776 0.0243367 0.18819 0 0 0 0 0 0 0 0 0 0 0 4027
0 0 0.00210495 0.19028 0.420055 0.0848316 0.00453361 0.0018776 0.0243367 0.18819 0 0 0 0 0 0 0 0 0 0 0 4082
0 0 0.00210906 0.190116 0.419942 0.0844816 0.00453869 0.00187253 0.0245574 0.18732 0 0 0 0 0 0 0 0 0 0 0 4135
0 0 0.00213001 0.193073 0.423195 0.0849767 0.00463101 0.00179259 0.0255558 0.185042 0 0 0 0 0 0 0 0 0 0 0 4189
0 0 0.00213001 0.193073 0.423195 0.0849767 0.00463101 0.00179259 0.0255558 0.185042 0 0 0 0 0 0 0 0 0 0 0 4241
0 0 0.00215797 0.194781 0.424816 0.0859817 0.00468281 0.00174851 0.0260441 0.183006 0 0 0 0 0 0 0 0 0 0 0 4293
0 0 0.00217072 0.19595 0.425895 0.0876649 0.00474636 0.00171478 0.0269814 0.181087 0 0 0 0 0 0 0 0 0 0 0 4344
0 0 0.00218066 0.197748 0.426984 0.0903486 0.00485873 0.00166535 0.0287745 0.179268 0 0 0 0 0 0 0 0 0 0 0 4395
0 0 0.00221679 0.199773 0.426961 0.0929587 0.00498807 0.00161219 0.0308648 0.176843 0 0 0 0 0 0 0 0 0 0 0 4448
0 0 0.00231093 0.201502 0.427547 0.0957642 0.00506228 0.00156797 0.0314044 0.172441 0 0 0 0 0 0 0 0 0 0 0 4502
0 0 0.00227725 0.201299 0.427397 0.0948813 0.00506479 0.0015745 0.0316977 0.174296 0 0 0 0 0 0 0 0 0 0 0 4554
0 0 0.00227615 0.200595 0.42762 0.0937256 0.00499923 0.00159563 0.030322 0.175371 0 0 0 0 0 0 0 0 0 0 0 4606
0 0 0.00236646 0.202015 0.428238 0.0968141 0.00503327 0.0015601 0.0308912 0.171767 0 0 0 0 0 0 0 0 0 0 0 4657
0 0 0.00236646 0.202015 0.428238 0.0968141 0.00503327 0.0015601 0.0308912 0.171767 0 0 0 0 0 0 0 0 0 0 0 4710
0 0 0.00234011 0.201242 0.428772 0.0959401 0.00497038 0.0015836 0.0302413 0.17423 0 0 0 0 0 0 0 0 0 0 0 4762
0 0 0.00232932 0.200702 0.42979 0.0958028 0.00492667 0.00160394 0.0296025 0.176391 0 0 0 0 0 0 0 0 0 0 0 4815
0 0 0.00231256 0.199769 0.431102 0.0953962 0.00486982 0.00163493 0.028729 0.179468 0 0 0 0 0 0 0 0 0 0 0 4868
0 0 0.00234589 0.199788 0.432934 0.0967315 0.00484807 0.00164328 0.0280638 0.179858 0 0 0 0 0 0 0 0 0 0 0 4925
0 0 0.00235477 0.198686 0.437049 0.0981893 0.00478158 0.00169293 0.0264867 0.184174 0 0 0 0 0 0 0 0 0 0 0 4978
0 0 0.00222094 0.19658 0.436591 0.093896 0.00469956 0.00175569 0.0256119 0.190641 0 0 0 0 0 0 0 0 0 0 0 5030
0 0 0.00220489 0.196027 0.438615 0.0942491 0.00467529 0.00178511 0.024994 0.193743 0 0 0 0 0 0 0 0 0 0 0 5082
0 0 0.00216449 0.195381 0.437622 0.0923033 0.00464317 0.00180035 0.0246839 0.194873 0 0 0 0 0 0 0 0 0 0 0 5136
0 0 0.00215186 0.195643 0.4353 0.0909188 0.0046575 0.00178092 0.0250332 0.192648 0 0 0 0 0 0 0 0 0 0 0 5189
0 0 0.00215186 0.195643 0.4353 0.0909188 0.0046575 0.00178092 0.0250332 0.192648 0 0 0 0 0 0 0 0 0 0 0 5242
0 0 0.00212105 0.19528 0.433228 0.0887275 0.00464537 0.00177815 0.0251281 0.191694 0 0 0 0 0 0 0 0 0 0 0 5294
0 0 0.00212105 0.19528 0.433228 0.0887275 0.00464537 0.00177815 0.0251281 0.191694 0 0 0 0 0 0 0 0 0 0 0 5345
0 0 0.00210131 0.195041 0.433201 0.0875663 0.00463781 0.00178081 0.0251283 0.191693 0 0 0 0 0 0 0 0 0 0 0 5405
0 0 0.00205578 0.194719 0.43126 0.0850855 0.00462936 0.00177978 0.0254389 0.191559 0 0 0 0 0 0 0 0 0 0 0 5459
0 0 0.00200397 0.194493 0.428961 0.0836308 0.00464208 0.00178104 0.0260441 0.192825 0 0 0 0 0 0 0 0 0 0 0 5514
0 0 0.00200933 0.19432 0.428819 0.0833789 0.00461903 0.00178617 0.0256252 0.192896 0 0 0 0 0 0 0 0 0 0 0 5566
0 0 0.00202816 0.194559 0.429055 0.0842041 0.00462535 0.00177927 0.0256385 0.192258 0 0 0 0 0 0 0 0 0 0 0 5621
0 0 0.00201414 0.194684 0.42949 0.0845682 0.0046512 0.00177498 0.0261721 0.192944 0 0 0 0 0 0 0 0 0 0 0 5676
0 0 0.00202922 0.194943 0.430512 0.0849961 0.00465378 0.00176671 0.0262085 0.192076 0 0 0 0 0 0 0 0 0 0 0 5730
0 0 0.00202368 0.195083 0.434772 0.0848881 0.00466009 0.00175985 0.0264349 0.191915 0 0 0 0 0 0 0 0 0 0 0 5782
0 0 0.00205591 0.19542 0.44789 0.0865967 0.00466993 0.00175351 0.0262936 0.191636 0 0 0 0 0 0 0 0 0 0 0 5836
0 0 0.00209672 0.19603 0.452786 0.0887555 0.00469164 0.00173959 0.0264599 0.190764 0 0 0 0 0 0 0 0 0 0 0 5892
0 0 0.00214679 0.196232 0.4429 0.0898437 0.00467662 0.00173648 0.0260376 0.189198 0 0 0 0 0 0 0 0 0 0 0 5948
0 0 0.00218843 0.196498 0.440226 0.091171 0.00466149 0.00173256 0.0257657 0.188482 0 0 0 0 0 0 0 0 0 0 0 6000
0 0 0.00228397 0.198045 0.440067 0.0947411 0.00472079 0.00168746 0.0264662 0.183731 0 0 0 0 0 0 0 0 0 0 0 6055
0 0 0.00237503 0.199439 0.437294 0.0985494 0.00478244 0.00164976 0.0271321 0.180001 0 0 0 0 0 0 0 0 0 0 0 6106
0 0 0.00237503 0.199439 0.437294 0.0985494 0.00478244 0.00164976 0.0271321 0.180001 0 0 0 0 0 0 0 0 0 0 0 6157
0 0 0.00244566 0.200708 0.438473 0.101331 0.00484729 0.00161361 0.0279393 0.176161 0 0 0 0 0 0 0 0 0 0 0 6209
0 0 0.00247004 0.20069 0.444727 0.103427 0.00485746 0.00161996 0.027829 0.176801 0 0 0 0 0 0 0 0 0 0 0 6263
0 0 0.00264383 0.201152 0.464089 0.116097 0.00488351 0.00165115 0.0265972 0.18144 0 0 0 0 0 0 0 0 0 0 0 6316
0 0 0.00254324 0.201183 0.449853 0.108204 0.00488969 0.0016238 0.0276263 0.177814 0 0 0 0 0 0 0 0 0 0 0 6367
0 0 0.00251674 0.200829 0.464505 0.106468 0.00487654 0.0016298 0.0275187 0.177927 0 0 0 0 0 0 0 0 0 0 0 6420
0 0 0.00252416 0.201346 0.444416 0.106618 0.00492018 0.00161563 0.0281174 0.176567 0 0 0 0 0 0 0 0 0 0 0 6474
0 0 0.00261415 0.203258 0.447407 0.109761 0.00502897 0.00155835 0.0297908 0.170932 0 0 0 0 0 0 0 0 0 0 0 6527
0 0 0.00271431 0.205932 0.442152 0.112923 0.00517834 0.00148303 0.0326311 0.164119 0 0 0 0 0 0 0 0 0 0 0 6578
0 0 0.00281362 0.208459 0.442543 0.116425 0.00529408 0.00142506 0.0348349 0.158923 0 0 0 0 0 0 0 0 0 0 0 6630
0 0 0.00274146 0.208124 0.43429 0.114268 0.00526518 0.00144638 0.0348994 0.162508 0 0 0 0 0 0 0 0 0 0 0 6686
0 0 0.00248214 0.207489 0.433173 0.11036 0.00531411 0.00147863 0.0381167 0.171304 0 0 0 0 0 0 0 0 0 0 0 6739
0 0 0.00213975 0.206749 0.429454 0.104377 0.00540453 0.00151669 0.0430214 0.183641 0 0 0 0 0 0 0 0 0 0 0 6792
0 0 0.00204405 0.207506 0.43023 0.10443 0.00545227 0.00152509 0.0455619 0.189133 0 0 0 0 0 0 0 0 0 0 0 6843
0 0 0.00201731 0.210255 0.431191 0.106904 0.00550328 0.00150421 0.0493541 0.192465 0 0 0 0 0 0 0 0 0 0 0 6897
0 0 0.00160073 0.214334 0.431023 0.103523 0.00589631 0.00154238 0.0709779 0.223999 0 0 0 0 0 0 0 0 0 0 0 6950
0 0 0.00160073 0.214334 0.431023 0.103523 0.00589631 0.00154238 0.0709779 0.223999 0 0 0 0 0 0 0 0 0 0 0 7002
0 0 0.00137605 0.216693 0.43164 0.102459 0.00621796 0.0015659 0.091121 0.247176 0 0 0 0 0 0 0 0 0 0 0 7056
0 0 0.0013687 0.227261 0.432195 0.102642 0.00612206 0.00156702 0.0917274 0.251037 0 0 0 0 0 0 0 0 0 0 0 7108
0 0 0.00113331 0.229636 0.433056 0.104337 0.00672049 0.00155655 0.137059 0.283311 0 0 0 0 0 0 0 0 0 0 0 7159
0 0 0.00106647 0.232139 0.43227 0.102763 0.00668649 0.00156391 0.151449 0.298269 0 0 0 0 0 0 0 0 0 0 0 7212
0 0 0.00134259 0.240785 0.433673 0.102179 0.00562527 0.00156826 0.0945756 0.268427 0 0 0 0 0 0 0 0 0 0 0 7266
0 0 0.00129664 0.25445 0.435869 0.099956 0.00540809 0.00159712 0.0947209 0.280689 0 0 0 0 0 0 0 0 0 0 0 7317
0 0 0.00106744 0.266334 0.434129 0.0978864 0.00572044 0.00162203 0.131662 0.320028 0 0 0 0 0 0 0 0 0 0 0 7370
0 0 0.000826959 0.277814 0.435027 0.0958223 0.00610872 0.00163698 0.211563 0.383207 0 0 0 0 0 0 0 0 0 0 0 7422
0 0 0.000875603 0.286396 0.433887 0.0940032 0.00545051 0.00166932 0.17661 0.385573 0 0 0 0 0 0 0 0 0 0 0 7474
0 0 0.000713492 0.322509 0.430232 0.0914767 0.00531027 0.00169844 0.249012 0.464936 0 0 0 0 0 0 0 0 0 0 0 7528
0 0 0.000685215 0.328552 0.430158 0.0928024 0.00560803 0.00170724 0.262876 0.46454 0 0 0 0 0 0 0 0 0 0 0 7578
0 0 0.000568393 0.305676 0.433015 0.08993 0.00567617 0.00171721 0.377136 0.5431 0 0 0 0 0 0 0 0 0 0 0 7632
0 0 0.000502793 0.308734 0.429552 0.0909022 0.00556461 0.00171172 0.485275 0.615415 -1.18064 0 0 0 0 0 0 0 0 0 0 7683
0 0 0.000369928 0.298415 0.42997 0.0911907 0.00660061 0.0016988 0.923446 0.735313 -4.48489 0 0 0 0 0 0 0 0 0 0 7735
0 0 0.000420371 0.282438 0.429527 0.0925545 0.00678264 0.00166959 0.769204 0.649512 -3.39896 0 0 0 0 0 0 0 0 0 0 7786
0 0 0.000420371 0.282438 0.429527 0.0925545 0.00678264 0.00166959 0.769204 0.649512 -3.39896 0 0 0 0 0 0 0 0 0 0 7838
0 0 0.000414861 0.265342 0.430118 0.0960222 0.00689457 0.00164952 0.825107 0.654664 -3.93739 0 0 0 0 0 0 0 0 0 0 7892
0 0 0.000746993 0.251286 0.433692 0.0995274 0.0060403 0.00161976 0.274607 0.423605 0 0 0 0 0 0 0 0 0 0 0 7947
0 0 0.00115918 0.230567 0.439493 0.106297 0.00562385 0.0015289 0.141189 0.30801 0 0 0 0 0 0 0 0 0 0 0 8001
0 0 0.0016671 0.226336 0.436132 0.115621 0.00518965 0.00145536 0.0815556 0.239371 0 0 0 0 0 0 0 0 0 0 0 8054
0 0 0.00216944 0.224865 0.457583 0.123162 0.00499484 0.00140915 0.0547012 0.197663 0 0 0 0 0 0 0 0 0 0 0 8108
0 0 0.00249982 0.224886 0.467644 0.132149 0.00506028 0.00133238 0.0507242 0.17853 0 0 0 0 0 0 0 0 0 0 0 8161
0 0 0.0032614 0.23049 0.472659 0.16119 0.00524899 0.00120561 0.0439462 0.149159 0 0 0 0 0 0 0 0 0 0 0 8211
0 0 0.0032614 0.23049 0.472659 0.16119 0.00524899 0.00120561 0.0439462 0.149159 0 0 0 0 0 0 0 0 0 0 0 8265
0 0 0.00355406 0.231229 0.499615 0.171637 0.00546475 0.00114802 0.0439218 0.138005 0 0 0 0 0 0 0 0 0 0 0 8318
0 0 0.00352735 0.22945 0.486036 0.155097 0.00546598 0.00115997 0.0443492 0.13906 0 0 0 0 0 0 0 0 0 0 0 8369
0 0 0.00324564 0.225782 0.436837 0.137545 0.00531294 0.00123945 0.0419779 0.147798 0 0 0 0 0 0 0 0 0 0 0 8419
0 0 0.00290098 0.223693 0.43247 0.133173 0.00543144 0.00125999 0.0473689 0.156666 0 0 0 0 0 0 0 0 0 0 0 8470
0 0 0.002799 0.223352 0.431553 0.131706 0.00545254 0.0012603 0.050357 0.161198 0 0 0 0 0 0 0 0 0 0 0 8521
0 0 0.00202188 0.220566 0.431953 0.128757 0.00631046 0.00128784 0.0894366 0.199673 0 0 0 0 0 0 0 0 0 0 0 8574
0 0 0.00128557 0.215944 0.431101 0.120321 0.00783393 0.0013547 0.18638 0.273984 0 0 0 0 0 0 0 0 0 0 0 8629
0 0 0.00100996 0.215335 0.430971 0.118557 0.0101179 0.00136711 0.302118 0.322433 0 0 0 0 0 0 0 0 0 0 0 8680
0 0 0.000642913 0.216037 0.429952 0.120517 0.012671 0.00133982 0.799208 0.413156 -3.86011 0 0 0 0 0 0 0 0 0 0 8731
0 0 0.000629276 0.215781 0.430195 0.120538 0.0144092 0.00133402 0.883856 0.437827 -4.7882 0 0 0 0 0 0 0 0 0 0 8782
0 0 0.000629276 0.215781 0.430195 0.120538 0.0144092 0.00133402 0.883856 0.437827 -4.7882 0 0 0 0 0 0 0 0 0 0 8835
0 0 0.00056157 0.213001 0.431007 0.117955 0.0158867 0.00137621 1.04189 0.505208 -6.02793 0 0 0 0 0 0 0 0 0 0 8887
0 0 0.00056157 0.213001 0.431007 0.117955 0.0158867 0.00137621 1.04189 0.505208 -6.02793 0 0 0 0 0 0 0 0 0 0 8937
0 0 0.000701649 0.209802 0.430647 0.112272 0.0118638 0.00144474 0.551332 0.459644 -2.76569 0 0 0 0 0 0 0 0 0 0 8990
0 0 0.000623329 0.207143 0.430575 0.110175 0.011556 0.00153194 0.596613 0.534546 -3.40376 0 0 0 0 0 0 0 0 0 0 9043
0 0 0.000662241 0.204249 0.43074 0.106236 0.00790435 0.00161952 0.4112 0.53022 -1.71469 0 0 0 0 0 0 0 0 0 0 9106
0 0 0.000647703 0.202362 0.431353 0.107328 0.00592561 0.00166586 0.385748 0.582206 -1.60267 0 0 0 0 0 0 0 0 0 0 9156
0 0 0.000656046 0.201231 0.430899 0.107482 0.00477386 0.0017233 0.347661 0.672016 -1.25288 0 0 0 0 0 0 0 0 0 0 9210
0 0 0.000698625 0.199943 0.430466 0.110415 0.00368298 0.00176965 0.285751 0.748933 -1.1151 0 0 0 0 0 0 0 0 0 0 9262
0 0 0.000596141 0.200264 0.430679 0.103499 0.00314867 0.00178135 0.368095 0.923335 -1.66473 0 0 0 0 0 0 0 0 0 0 9311
0 0 0.000668962 0.199639 0.431113 0.100626 0.00304823 0.00178357 0.287193 0.894721 -0.466034 0 0 0 0 0 0 0 0 0 0 9364
0 0 0.000621172 0.199099 0.431466 0.10672 0.00319562 0.00177295 0.352677 0.930262 -1.91659 0 0 0 0 0 0 0 0 0 0 9413
0 0 0.000659257 0.198564 0.430094 0.101459 0.00431029 0.00175169 0.336995 0.861422 -0.944168 0 0 0 0 0 0 0 0 0 0 9464
0 0 0.000856447 0.199371 0.433175 0.0973631 0.00614231 0.0017201 0.205748 0.670668 0 0 0 0 0 0 0 0 0 0 0 9516
0 0 0.00129754 0.200867 0.44533 0.0960589 0.00805606 0.00167401 0.102937 0.479394 0 0 0 0 0 0 0 0 0 0 0 9567
0 0 0.00192127 0.203006 0.499027 0.0990947 0.013159 0.00161741 0.0600715 0.373707 0 0 0 0 0 0 0 0 0 0 0 9618
0 0 0.0019219 0.202849 0.499383 0.100363 0.0106911 0.00162506 0.053668 0.32605 0 0 0 0 0 0 0 0 0 0 0 9671
0 0 0.00212345 0.203364 0.608785 0.112352 0.00958668 0.00161369 0.0434775 0.28893 0 0 0 0 0 0 0 0 0 0 0 9722
0 0 0.00305395 0.204588 0.617197 0.113019 0.0213885 0.00158318 0.0293314 0.282752 0 0 0 0 0 0 0 0 0 0 0 9774
0 0 0.00305448 0.207188 0.688792 0.133822 0.0109115 0.00153061 0.0261445 0.218588 0 0 0 0 0 0 0 0 0 0 0 9824
0 0 0.00305448 0.207188 0.688792 0.133822 0.0109115 0.00153061 0.0261445 0.218588 0 0 0 0 0 0 0 0 0 0 0 9876
0 0 0.00299655 0.212302 1.30235 0.2081 0.00583959 0.00140139 0.0322235 0.173715 0 0 0 0 0 0 0 0 0 0 0 9927
0 0 0.00299655 0.212302 1.30235 0.2081 0.00583959 0.00140139 0.0322235 0.173715 0 0 0 0 0 0 0 0 0 0 0 9983
0 0 0.00341285 0.217039 1.4897 0.246244 0.0055946 0.00132364 0.0353273 0.161149 0 0 0 0 0 0 0 0 0 0 0 10040
0 0 0.00384248 0.223483 0.986118 0.178008 0.00575047 0.00118684 0.0403332 0.142822 0 0 0 0 0 0 0 0 0 0 0 10092
0 0 0.00457032 0.233239 0.563936 0.19495 0.00626008 0.00101728 0.0500353 0.124203 0 0 0 0 0 0 0 0 0 0 0 10148
0 0 0.00531441 0.242554 0.48926 0.267716 0.00680165 0.000886423 0.0570661 0.109396 0 0 0 0 0 0 0 0 0 0 0 10203
0 0 0.00572741 0.250621 0.457996 0.499974 0.00745026 0.000785899 0.0637647 0.0995947 0 0 0 0 0 0 0 0 0 0 0 10255
0 0 0.00532146 0.2515 0.441987 0.59757 0.00776046 0.000769485 0.0757301 0.10253 0 0 0 0 0 0 0 0 0 0 0 10309
0 0 0.00498875 0.247889 0.438768 0.381933 0.00773248 0.000798758 0.0832457 0.107346 0 0 0 0 0 0 0 0 0 0 0 10360
0 0 0.00372478 0.250605 0.433123 0.298923 0.00987655 0.000757857 0.210274 0.129561 0 0 0 0 0 0 0 0 0 0 0 10412
0 0 0.00340522 0.250538 0.433212 0.380303 0.0120399 0.000760208 0.352461 0.153786 -3.60458 0 0 0 0 0 0 0 0 0 0 10462
0 0 0.00314808 0.248969 0.433429 0.525887 0.0140315 0.0007784 0.53597 0.182104 -7.03916 0 0 0 0 0 0 0 0 0 0 10514
0 0 0.00231163 0.238069 0.432278 0.481222 0.0142405 0.00090663 0.596364 0.229842 -8.72565 0 0 0 0 0 0 0 0 0 0 10564
0 0 0.00250336 0.232652 0.430472 0.331359 0.0145605 0.000976672 0.295091 0.214587 -5.64322 0 0 0 0 0 0 0 0 0 0 10617
0 0 0.00318531 0.236973 0.430843 0.249957 0.0194152 0.000916586 0.183925 0.182145 -0.528595 0 0 0 0 0 0 0 0 0 0 10672
0 0 0.00493654 0.251593 0.435624 0.348544 0.029883 0.000743559 0.166872 0.146737 -0.666656 0 0 0 0 0 0 0 0 0 0 10724
0 0 0.0074218 0.254202 0.4406 0.344169 0.0342345 0.000716599 0.0836006 0.120422 0 0 0 0 0 0 0 0 0 0 0 10779
0 0 0.00914117 0.25193 0.479854 0.299072 0.0397799 0.000737816 0.0534086 0.114001 0 0 0 0 0 0 0 0 0 0 0 10833
0 0 0.00960049 0.241313 0.48859 0.209268 0.0671947 0.000858269 0.034839 0.136453 0 0 0 0 0 0 0 0 0 0 0 10884
0 0 0.0120469 0.238773 0.497787 0.198865 0.129132 0.000894985 0.0245681 0.14843 0 0 0 0 0 0 0 0 0 0 0 10935
0 0 0.0120469 0.238773 0.497787 0.198865 0.129132 0.000894985 0.0245681 0.14843 0 0 0 0 0 0 0 0 0 0 0 10988
0 0 0.0123359 0.237099 0.479801 0.197068 0.12673 0.000919965 0.0212519 0.148773 0 0 0 0 0 0 0 0 0 0 0 11042
0 0 0.00671157 0.223878 0.469899 0.167859 0.0328864 0.00113106 0.0229054 0.156908 0 0 0 0 0 0 0 0 0 0 0 11092
0 0 0.00527186 0.226276 0.444124 0.169511 0.0135774 0.00107914 0.0324293 0.136779 0 0 0 0 0 0 0 0 0 0 0 11147
0 0 0.00447336 0.224408 0.434601 0.166992 0.00842433 0.00111498 0.0358466 0.134722 0 0 0 0 0 0 0 0 0 0 0 11200
0 0 0.00488988 0.227436 0.389164 0.18646 0.00694118 0.00105839 0.0389765 0.124641 0 0 0 0 0 0 0 0 0 0 0 11250
0 0 0.0049737 0.229293 0.388627 0.192456 0.00675893 0.00103127 0.0414736 0.121808 0 0 0 0 0 0 0 0 0 0 0 11301
0 0 0.00764855 0.248089 0.361697 0.285414 0.00794054 0.000783813 0.0559546 0.0936693 0 0 0 0 0 0 0 0 0 0 0 11352
0 0 0.0110368 0.260063 0.304347 0.428059 0.00843702 0.000660877 0.0646476 0.0795162 0 0 0 0 0 0 0 0 0 0 0 11402
0 0 0.0110368 0.260063 0.304347 0.428059 0.00843702 0.000660877 0.0646476 0.0795162 0 0 0 0 0 0 0 0 0 0 0 11452
0 0 0.01756 0.268971 0.224289 0.757896 0.00897831 0.000583742 0.0673481 0.0710395 0 0 0 0 0 0 0 0 0 0 0 11503
0 0 0.0286305 0.276459 0.157568 1.43195 0.00928554 0.000533435 0.0661325 0.0654628 -0.0233612 0 0 0 0 0 0 0 0 0 0 11557
0 0 0.0367415 0.284361 0.148258 1.78456 0.0111653 0.000484008 0.0682421 0.0610268 -1.23483 0 0 0 0 0 0 0 0 0 0 11606
0 0 0.0233563 0.284497 0.258936 0.84715 0.0139366 0.000488617 0.0720455 0.0635346 0 0 0 0 0 0 0 0 0 0 0 11660
0 0 0.0181579 0.26788 0.392606 0.617706 0.0161347 0.000607876 0.0507267 0.0808568 0 0 0 0 0 0 0 0 0 0 0 11711
0 0 0.0110288 0.256884 0.829631 0.345533 0.0143509 0.000717762 0.0475323 0.095207 0 0 0 0 0 0 0 0 0 0 0 11763
0 0 0.0082428 0.248683 0.740325 0.308563 0.00815367 0.000803752 0.0495388 0.098052 0 0 0 0 0 0 0 0 0 0 0 11826
0 0 0.00785416 0.245456 1.23719 0.311751 0.00724111 0.000858462 0.0470222 0.103547 -1.33289 0 0 0 0 0 0 0 0 0 0 11877
0 0 0.01016 0.25549 12.1586 1.35451 0.00765246 0.00075705 0.0582078 0.09174 -17.9424 0 0 0 0 0 0 0 0 0 0 11937
0 0 0.0112711 0.257959 19.9404 2.08967 0.00771872 0.00074653 0.0585901 0.0913907 -22.1106 0 0 0 0 0 0 0 0 0 0 11988
0 0 0.0103918 0.254339 36.598 3.50247 0.00757656 0.000777193 0.0587198 0.0937093 -27.6639 0 0 0 0 0 0 0 0 0 0 12041
0 0 0.0125131 0.269618 25.7928 2.4776 0.00838162 0.000623177 0.0776757 0.0761738 -24.4328 0 0 0 0 0 0 0 0 0 0 12093
0 0 0.0118406 0.269568 10.7371 1.2247 0.00848126 0.000616205 0.0850625 0.0757163 -16.2736 0 0 0 0 0 0 0 0 0 0 12144
0 0 0.00880178 0.257544 0.83883 0.341215 0.00788523 0.000702557 0.0764313 0.0850629 0 0 0 0 0 0 0 0 0 0 0 12196
0 0 0.00833072 0.259547 0.557389 0.348401 0.00801372 0.00067394 0.084558 0.0810254 0 0 0 0 0 0 0 0 0 0 0 12247
0 0 0.00833072 0.259547 0.557389 0.348401 0.00801372 0.00067394 0.084558 0.0810254 0 0 0 0 0 0 0 0 0 0 0 12297
0 0 0.00707974 0.261878 0.495744 0.376666 0.00862104 0.000653998 0.110115 0.0840362 0 0 0 0 0 0 0 0 0 0 0 12348
0 0 0.00588223 0.26207 0.489343 0.392268 0.0090754 0.00065215 0.137275 0.0880639 0 0 0 0 0 0 0 0 0 0 0 12400
0 0 0.0050996 0.260256 0.466192 0.332987 0.00931386 0.000676116 0.164475 0.0935717 0 0 0 0 0 0 0 0 0 0 0 12452
0 0 0.00649105 0.273168 0.558287 0.504225 0.00987284 0.000579077 0.171629 0.0784673 0 0 0 0 0 0 0 0 0 0 0 12506
0 0 0.00744293 0.27822 0.734429 0.450522 0.0100003 0.000539411 0.177858 0.071497 -0.282013 0 0 0 0 0 0 0 0 0 0 12557
0 0 0.00747358 0.277221 0.953028 0.441576 0.00975528 0.000551928 0.163631 0.0715789 -1.64423 0 0 0 0 0 0 0 0 0 0 12609
0 0 0.0117433 0.302367 1.92037 0.612129 0.0110715 0.00040825 0.2032 0.0526525 -7.51266 0 0 0 0 0 0 0 0 0 0 12660
0 0 0.0123261 0.297881 1.21535 0.501238 0.0102534 0.00043461 0.15691 0.0534629 -2.47375 0 0 0 0 0 0 0 0 0 0 12710
0 0 0.0080569 0.271908 0.454803 0.316005 0.00851099 0.000610617 0.0990858 0.07325 0 0 0 0 0 0 0 0 0 0 0 12765
0 0 0.00785301 0.266552 0.420246 0.283827 0.00819965 0.000647447 0.0861171 0.077651 0 0 0 0 0 0 0 0 0 0 0 12818
0 0 0.00670135 0.256377 0.41298 0.239719 0.00768872 0.000726692 0.0726139 0.086275 0 0 0 0 0 0 0 0 0 0 0 12871
0 0 0.00516746 0.237746 0.401947 0.18249 0.00775704 0.000943968 0.0485886 0.109731 0 0 0 0 0 0 0 0 0 0 0 12922
0 0 0.00419693 0.226128 0.413327 0.146186 0.00773128 0.00111486 0.0388548 0.129189 0 0 0 0 0 0 0 0 0 0 0 12974
0 0 0.0036092 0.218097 0.415739 0.125057 0.00764501 0.00127182 0.032372 0.146341 0 0 0 0 0 0 0 0 0 0 0 13026
0 0 0.00317646 0.211934 0.414223 0.11292 0.00700968 0.00139848 0.0291253 0.158599 0 0 0 0 0 0 0 0 0 0 0 13077
0 0 0.00317646 0.211934 0.414223 0.11292 0.00700968 0.00139848 0.0291253 0.158599 0 0 0 0 0 0 0 0 0 0 0 13129
0 0 0.00268945 0.205813 0.415204 0.101699 0.00583432 0.0015399 0.0271413 0.171284 0 0 0 0 0 0 0 0 0 0 0 13183
0 0 0.00252041 0.2035 0.416903 0.0978191 0.00530063 0.00158252 0.0269955 0.17349 0 0 0 0 0 0 0 0 0 0 0 13235
0 0 0.00243885 0.202486 0.420558 0.0967658 0.0051133 0.00161197 0.0266616 0.175925 0 0 0 0 0 0 0 0 0 0 0 13292
0 0 0.00228767 0.199151 0.422901 0.0936327 0.00498187 0.00169876 0.025087 0.184694 0 0 0 0 0 0 0 0 0 0 0 13349
0 0 0.00222723 0.197391 0.42571 0.0968308 0.00473509 0.00175185 0.0243197 0.190108 0 0 0 0 0 0 0 0 0 0 0 13400
0 0 0.00217917 0.196067 0.423863 0.0998806 0.0046775 0.00178742 0.0236501 0.194292 0 0 0 0 0 0 0 0 0 0 0 13455
0 0 0.00215904 0.194897 0.42417 0.117322 0.00460734 0.0018346 0.0227106 0.200468 0 0 0 0 0 0 0 0 0 0 0 13508
0 0 0.00216312 0.194443 0.415326 0.169667 0.00458616 0.00186132 0.0220755 0.203297 0 0 0 0 0 0 0 0 0 0 0 13561
0 0 0.00215229 0.194246 0.416827 0.347697 0.00462457 0.00186903 0.0218434 0.205211 0 0 0 0 0 0 0 0 0 0 0 13616
0 0 0.00217356 0.193877 0.411993 0.994668 0.00490085 0.00187786 0.0212102 0.207398 0 0 0 0 0 0 0 0 0 0 0 13671
0 0 0.00234901 0.193746 0.406714 2.11829 0.00585617 0.00188966 0.0198227 0.210979 0 0 0 0 0 0 0 0 0 0 0 13721
0 0 0.00233328 0.19364 0.402413 3.33593 0.00561749 0.00188141 0.020402 0.207148 0 0 0 0 0 0 0 0 0 0 0 13771
0 0 0.00230552 0.193626 0.40126 5.84794 0.00526945 0.00189231 0.0206692 0.206324 0 0 0 0 0 0 0 0 0 0 0 13822
0 0 0.00225567 0.193656 0.41333 7.27555 0.00540562 0.0018991 0.0206535 0.206975 0 0 0 0 0 0 0 0 0 0 0 13873
0 0 0.00225567 0.193656 0.41333 7.27555 0.00540562 0.0018991 0.0206535 0.206975 0 0 0 0 0 0 0 0 0 0 0 13927
0 0 0.00225451 0.193614 0.422481 7.54578 0.00561246 0.00191473 0.0201734 0.209928 0 0 0 0 0 0 0 0 0 0 0 13981
0 0 0.00225304 0.193577 0.41926 7.35424 0.00492231 0.00193084 0.0207296 0.208862 0 0 0 0 0 0 0 0 0 0 0 14033
0 0 0.00222382 0.19264 0.414809 6.13175 0.00458763 0.00193449 0.0213236 0.206181 0 0 0 0 0 0 0 0 0 0 0 14085
0 0 0.00219776 0.191498 0.415289 3.72421 0.00450192 0.00194046 0.0216713 0.204239 0 0 0 0 0 0 0 0 0 0 0 14139
0 0 0.00236149 0.190718 0.420401 3.20193 0.00448407 0.0019943 0.0208435 0.209596 0 0 0 0 0 0 0 0 0 0 0 14190
0 0 0.00271213 0.189043 0.428833 2.87012 0.00444837 0.00208534 0.0197885 0.216807 0 0 0 0 0 0 0 0 0 0 0 14243
0 0 0.00328669 0.186696 0.445455 3.24286 0.00439976 0.00223301 0.0182027 0.229286 0 0 0 0 0 0 0 0 0 0 0 14295
0 0 0.00433635 0.184758 0.459499 3.55272 0.00435829 0.00236681 0.0169149 0.240422 0 0 0 0 0 0 0 0 0 0 0 14348
0 0 0.00433635 0.184758 0.459499 3.55272 0.00435829 0.00236681 0.0169149 0.240422 0 0 0 0 0 0 0 0 0 0 0 14402
0 0 0.00447044 0.184357 0.470971 4.43666 0.00435107 0.0024255 0.016315 0.246841 0 0 0 0 0 0 0 0 0 0 0 14454
0 0 0.00348804 0.184553 0.472905 5.60731 0.0043579 0.00238895 0.0168301 0.242477 0 0 0 0 0 0 0 0 0 0 0 14508
0 0 0.00328724 0.185173 0.471541 6.98033 0.00437533 0.00234439 0.0173439 0.238586 0 0 0 0 0 0 0 0 0 0 0 14560
0 0 0.00315562 0.185237 0.470222 6.10617 0.00438279 0.00232917 0.0176107 0.237016 0 0 0 0 0 0 0 0 0 0 0 14610
0 0 0.0031105 0.185767 0.477268 4.8699 0.00439898 0.00234049 0.0173646 0.240844 0 0 0 0 0 0 0 0 0 0 0 14663
0 0 0.00255025 0.186532 0.457846 4.04571 0.00442238 0.00220592 0.0192471 0.224961 0 0 0 0 0 0 0 0 0 0 0 14716
0 0 0.00235977 0.18662 0.450316 6.28822 0.00442443 0.00216184 0.0200246 0.218879 0 0 0 0 0 0 0 0 0 0 0 14770
0 0 0.00222293 0.188088 0.441742 6.94369 0.00446222 0.00207806 0.021192 0.212185 0 0 0 0 0 0 0 0 0 0 0 14822
0 0 0.00212931 0.189498 0.436401 8.31844 0.00449298 0.00200667 0.0221182 0.206522 0 0 0 0 0 0 0 0 0 0 0 14873
0 0 0.00215577 0.190834 0.440076 8.53727 0.00452911 0.001978 0.0221052 0.206963 0 0 0 0 0 0 0 0 0 0 0 14924
0 0 0.00215577 0.190834 0.440076 8.53727 0.00452911 0.001978 0.0221052 0.206963 0 0 0 0 0 0 0 0 0 0 0 14975
0 0 0.00214096 0.191362 0.437705 8.88369 0.00454415 0.00195354 0.0223527 0.20478 0 0 0 0 0 0 0 0 0 0 0 15027
0 0 0.00217333 0.19213 0.440526 8.16212 0.00454997 0.00194256 0.022139 0.205052 0 0 0 0 0 0 0 0 0 0 0 15078
0 0 0.00222104 0.194226 0.441058 10.6881 0.00463457 0.00189015 0.0226171 0.201624 0 0 0 0 0 0 0 0 0 0 0 15129
0 0 0.00231719 0.19658 0.442147 16.4487 0.00470278 0.00183465 0.0232631 0.196886 0 0 0 0 0 0 0 0 0 0 0 15181
0 0 0.00235505 0.196096 0.443738 12.1184 0.00463608 0.00186462 0.022681 0.200212 0 0 0 0 0 0 0 0 0 0 0 15233
0 0 0.00235505 0.196096 0.443738 12.1184 0.00463608 0.00186462 0.022681 0.200212 0 0 0 0 0 0 0 0 0 0 0 15287
0 0 0.00239033 0.195076 0.440833 7.31269 0.00460442 0.00187955 0.0224492 0.201469 0 0 0 0 0 0 0 0 0 0 0 15338
0 0 0.00252221 0.195237 0.444327 5.60053 0.00461486 0.00188086 0.022327 0.202424 0 0 0 0 0 0 0 0 0 0 0 15389
0 0 0.00261002 0.196055 0.439991 3.69517 0.00464704 0.00183648 0.0230759 0.197281 0 0 0 0 0 0 0 0 0 0 0 15440
0 0 0.00261002 0.196055 0.439991 3.69517 0.00464704 0.00183648 0.0230759 0.197281 0 0 0 0 0 0 0 0 0 0 0 15491
0 0 0.00270795 0.195718 0.440931 4.06033 0.00463478 0.00184851 0.0228788 0.198712 0 0 0 0 0 0 0 0 0 0 0 15555
0 0 0.00258927 0.195538 0.436476 4.03718 0.00463209 0.00181685 0.0236647 0.194223 0 0 0 0 0 0 0 0 0 0 0 15649
0 0 0.00257072 0.196382 0.434216 4.34522 0.00466931 0.00177363 0.0244428 0.189771 0 0 0 0 0 0 0 0 0 0 0 15703
0 0 0.00242519 0.196568 0.433498 4.45637 0.00467618 0.00175966 0.0247801 0.188409 0 0 0 0 0 0 0 0 0 0 0 15752
0 0 0.00235632 0.196693 0.431206 2.84599 0.00468906 0.0017397 0.025275 0.186128 0 0 0 0 0 0 0 0 0 0 0 15806
0 0 0.00230939 0.197461 0.430611 3.2371 0.00472793 0.00170789 0.0259125 0.182915 0 0 0 0 0 0 0 0 0 0 0 15858
0 0 0.00230713 0.197767 0.428601 2.76676 0.00474926 0.00168688 0.0263991 0.180243 0 0 0 0 0 0 0 0 0 0 0 15910
0 0 0.00239267 0.198707 0.42775 2.19902 0.0047975 0.00165424 0.0271158 0.176855 0 0 0 0 0 0 0 0 0 0 0 15960
0 0 0.00239267 0.198707 0.42775 2.19902 0.0047975 0.00165424 0.0271158 0.176855 0 0 0 0 0 0 0 0 0 0 0 16010
0 0 0.00246929 0.200185 0.427791 2.33857 0.00486492 0.00161075 0.0280174 0.172742 0 0 0 0 0 0 0 0 0 0 0 16063
0 0 0.0025677 0.201646 0.428521 2.58163 0.0049293 0.00157236 0.0288323 0.169448 0 0 0 0 0 0 0 0 0 0 0 16115
0 0 0.00264099 0.203243 0.428593 1.70098 0.00500093 0.00152888 0.0298511 0.165423 0 0 0 0 0 0 0 0 0 0 0 16166
0 0 0.00273645 0.204611 0.429375 0.857788 0.00505958 0.00149615 0.0305339 0.162363 0 0 0 0 0 0 0 0 0 0 0 16216
0 0 0.00321799 0.212112 0.429659 0.72535 0.00539044 0.00132005 0.0352098 0.145106 0 0 0 0 0 0 0 0 0 0 0 16278
0 0 0.00472768 0.230775 0.432925 0.6562 0.00625477 0.000987761 0.0487209 0.1116 0 0 0 0 0 0 0 0 0 0 0 16323
0 0 0.00484529 0.232403 0.449393 0.404908 0.00634105 0.000968226 0.0498041 0.110143 0 0 0 0 0 0 0 0 0 0 0 16375
0 0 0.00484529 0.232403 0.449393 0.404908 0.00634105 0.000968226 0.0498041 0.110143 0 0 0 0 0 0 0 0 0 0 0 16425
0 0 0.00575645 0.242506 0.511447 0.281032 0.00693132 0.000851391 0.0583955 0.100051 0 0 0 0 0 0 0 0 0 0 0 16478
0 0 0.00575645 0.242506 0.511447 0.281032 0.00693132 0.000851391 0.0583955 0.100051 0 0 0 0 0 0 0 0 0 0 0 16529
0 0 0.00861564 0.265933 0.825722 0.326782 0.00821326 0.000623749 0.0851918 0.0760675 0 0 0 0 0 0 0 0 0 0 0 16581
0 0 0.00861564 0.265933 0.825722 0.326782 0.00821326 0.000623749 0.0851918 0.0760675 0 0 0 0 0 0 0 0 0 0 0 16632
0 0 0.00957965 0.272739 0.533251 0.362997 0.00860011 0.000573741 0.0949737 0.070742 0 0 0 0 0 0 0 0 0 0 0 16685
0 0 0.00805201 0.266017 0.463296 0.316451 0.00835598 0.00062073 0.0934258 0.0770975 0 0 0 0 0 0 0 0 0 0 0 16737
0 0 0.00890495 0.273148 0.4475 0.337395 0.00874711 0.000562977 0.105129 0.070057 0 0 0 0 0 0 0 0 0 0 0 16789
0 0 0.00964822 0.281551 0.437713 0.362462 0.00932195 0.000502967 0.126988 0.0637813 0 0 0 0 0 0 0 0 0 0 0 16839
0 0 0.00894947 0.280637 0.433887 0.348312 0.00941281 0.000508196 0.136241 0.0656819 0 0 0 0 0 0 0 0 0 0 0 16888
0 0 0.00814525 0.274123 0.432933 0.312614 0.00882857 0.000557422 0.116784 0.0703994 0 0 0 0 0 0 0 0 0 0 0 16940
0 0 0.00623768 0.259855 0.432967 0.251311 0.0080001 0.000681234 0.0948132 0.0852337 0 0 0 0 0 0 0 0 0 0 0 16991
0 0 0.00623768 0.259855 0.432967 0.251311 0.0080001 0.000681234 0.0948132 0.0852337 0 0 0 0 0 0 0 0 0 0 0 17044
0 0 0.00534128 0.252211 0.430224 0.215945 0.00753147 0.000762859 0.0845066 0.0945925 0 0 0 0 0 0 0 0 0 0 0 17094
0 0 0.00459706 0.244514 0.429984 0.191554 0.00712 0.000855321 0.0755135 0.105347 0 0 0 0 0 0 0 0 0 0 0 17146
0 0 0.00418983 0.239319 0.433129 0.177141 0.00685753 0.000923275 0.0694711 0.112459 0 0 0 0 0 0 0 0 0 0 0 17199
0 0 0.0042702 0.240516 0.451544 0.18329 0.006913 0.00091397 0.0706464 0.111484 0 0 0 0 0 0 0 0 0 0 0 17248
0 0 0.00555777 0.255273 0.509316 0.236306 0.00775963 0.00073948 0.0922016 0.0927994 0 0 0 0 0 0 0 0 0 0 0 17303
0 0 0.00580149 0.257986 0.562925 0.249244 0.00783048 0.000724142 0.0939389 0.0913648 0 0 0 0 0 0 0 0 0 0 0 17355
0 0 0.00673991 0.26389 0.746984 0.273908 0.00789434 0.000679306 0.0926107 0.0844751 0 0 0 0 0 0 0 0 0 0 0 17409
0 0 0.00582461 0.261294 0.57828 0.259666 0.0079554 0.000702906 0.103917 0.0913474 0 0 0 0 0 0 0 0 0 0 0 17463
0 0 0.00504876 0.253813 0.744586 0.237297 0.00756037 0.000779154 0.0966168 0.102086 0 0 0 0 0 0 0 0 0 0 0 17513
0 0 0.00504876 0.253813 0.744586 0.237297 0.00756037 0.000779154 0.0966168 0.102086 0 0 0 0 0 0 0 0 0 0 0 17564
0 0 0.00516012 0.251051 0.81745 0.243133 0.00728898 0.000810181 0.0875083 0.105478 0 0 0 0 0 0 0 0 0 0 0 17614
0 0 0.00485543 0.248539 0.939483 0.239346 0.00717355 0.000827894 0.0910188 0.110899 0 0 0 0 0 0 0 0 0 0 0 17664
0 0 0.00431801 0.24203 0.503671 0.209804 0.00663816 0.000885107 0.0843 0.119256 0 0 0 0 0 0 0 0 0 0 0 17715
0 0 0.00426145 0.244906 0.459553 0.214335 0.00678341 0.000855734 0.0968056 0.119609 0 0 0 0 0 0 0 0 0 0 0 17766
0 0 0.0036999 0.245823 0.438145 0.216142 0.00737273 0.000836457 0.138828 0.12997 0 0 0 0 0 0 0 0 0 0 0 17817
0 0 0.0031353 0.243106 0.432943 0.203144 0.00725178 0.00087189 0.164007 0.148366 0 0 0 0 0 0 0 0 0 0 0 17867
0 0 0.0024019 0.238764 0.431273 0.192531 0.00764041 0.000921123 0.231203 0.177526 0 0 0 0 0 0 0 0 0 0 0 17918
0 0 0.00300486 0.244775 0.438895 0.216423 0.00761125 0.000847669 0.203211 0.153577 0 0 0 0 0 0 0 0 0 0 0 17968
0 0 0.00300486 0.244775 0.438895 0.216423 0.00761125 0.000847669 0.203211 0.153577 0 0 0 0 0 0 0 0 0 0 0 18021
0 0 0.00357007 0.256108 0.449145 0.259781 0.00817484 0.000725691 0.258003 0.137294 0 0 0 0 0 0 0 0 0 0 0 18074
0 0 0.00411612 0.262569 0.453586 0.287104 0.00802002 0.000674612 0.255398 0.128022 0 0 0 0 0 0 0 0 0 0 0 18128
0 0 0.00449487 0.268006 0.460047 0.314368 0.00819784 0.000634073 0.270049 0.121833 0 0 0 0 0 0 0 0 0 0 0 18180
0 0 0.00359373 0.256208 0.459544 0.277624 0.00765073 0.000748909 0.230703 0.145589 0 0 0 0 0 0 0 0 0 0 0 18231
0 0 0.0035619 0.24058 0.453818 0.214503 0.00591718 0.000942159 0.102705 0.153658 0 0 0 0 0 0 0 0 0 0 0 18283
0 0 0.00377677 0.231207 0.442311 0.17818 0.00533723 0.001066 0.0602753 0.147568 0 0 0 0 0 0 0 0 0 0 0 18336
0 0 0.00353746 0.223173 0.439087 0.153124 0.00500732 0.00119245 0.0456362 0.153546 0 0 0 0 0 0 0 0 0 0 0 18389
0 0 0.00326557 0.217027 0.438944 0.137918 0.00481469 0.00129948 0.0388176 0.161544 0 0 0 0 0 0 0 0 0 0 0 18443
0 0 0.00299807 0.212546 0.437356 0.125225 0.0047928 0.00138989 0.0350931 0.167016 0 0 0 0 0 0 0 0 0 0 0 18497
0 0 0.00299807 0.212546 0.437356 0.125225 0.0047928 0.00138989 0.0350931 0.167016 0 0 0 0 0 0 0 0 0 0 0 18550
0 0 0.00286576 0.209352 0.434385 0.116309 0.00488178 0.00144388 0.0324048 0.16577 0 0 0 0 0 0 0 0 0 0 0 18602
0 0 0.00271685 0.207082 0.429303 0.109093 0.00488536 0.0014916 0.0309185 0.167725 0 0 0 0 0 0 0 0 0 0 0 18655
0 0 0.00271359 0.206995 0.422834 0.107688 0.00494311 0.00148714 0.0305246 0.165197 0 0 0 0 0 0 0 0 0 0 0 18706
0 0 0.00261686 0.205377 0.421785 0.105372 0.00493735 0.0015223 0.0295815 0.167512 0 0 0 0 0 0 0 0 0 0 0 18757
0 0 0.00255837 0.204393 0.421596 0.102342 0.00494918 0.00152867 0.0295989 0.167394 0 0 0 0 0 0 0 0 0 0 0 18810
0 0 0.00246809 0.202648 0.424491 0.100995 0.0049061 0.00156731 0.0288587 0.170878 0 0 0 0 0 0 0 0 0 0 0 18865
0 0 0.00242982 0.201484 0.424696 0.101718 0.00488278 0.00159529 0.028204 0.173557 0 0 0 0 0 0 0 0 0 0 0 18919
0 0 0.00234117 0.199659 0.424217 0.100923 0.00480752 0.00164587 0.0270725 0.178251 0 0 0 0 0 0 0 0 0 0 0 18969
0 0 0.00228306 0.198289 0.421694 0.106077 0.00474838 0.00169018 0.0260409 0.182465 0 0 0 0 0 0 0 0 0 0 0 19022
0 0 0.00225382 0.197287 0.42358 0.123357 0.004708 0.00172447 0.0253683 0.185873 0 0 0 0 0 0 0 0 0 0 0 19077
0 0 0.002218 0.196207 0.425343 0.149908 0.00466603 0.00176441 0.0246476 0.189964 0 0 0 0 0 0 0 0 0 0 0 19133
0 0 0.00224755 0.195704 0.431467 0.218427 0.00464641 0.00179426 0.0239538 0.193337 0 0 0 0 0 0 0 0 0 0 0 19185
0 0 0.00224712 0.195496 0.429806 0.440748 0.00462934 0.00180908 0.0235087 0.195158 0 0 0 0 0 0 0 0 0 0 0 19238
0 0 0.00226937 0.19517 0.426862 0.763195 0.00461471 0.00183866 0.0227699 0.198905 0 0 0 0 0 0 0 0 0 0 0 19290
0 0 0.00234363 0.195169 0.42557 1.32593 0.00460871 0.00187993 0.0217414 0.204631 0 0 0 0 0 0 0 0 0 0 0 19343
0 0 0.00231514 0.195147 0.422793 1.99672 0.00460385 0.00187576 0.0218821 0.203537 0 0 0 0 0 0 0 0 0 0 0 19395
0 0 0.00234868 0.1953 0.424137 3.40472 0.00461495 0.00188173 0.0217736 0.204237 0 0 0 0 0 0 0 0 0 0 0 19446
0 0 0.00238265 0.195911 0.439438 6.11492 0.0046509 0.00184478 0.0227163 0.19971 0 0 0 0 0 0 0 0 0 0 0 19500
0 0 0.00235795 0.195874 0.439451 8.25909 0.00465357 0.00183107 0.0230755 0.197593 0 0 0 0 0 0 0 0 0 0 0 19551
0 0 0.00235795 0.195874 0.439451 8.25909 0.00465357 0.00183107 0.0230755 0.197593 0 0 0 0 0 0 0 0 0 0 0 19603
0 0 0.00230488 0.195232 0.436601 4.99234 0.00463037 0.00183394 0.0231816 0.197081 0 0 0 0 0 0 0 0 0 0 0 19657
0 0 0.00226735 0.194791 0.434587 7.07879 0.0046089 0.00183889 0.0232168 0.196933 0 0 0 0 0 0 0 0 0 0 0 19708
0 0 0.00225645 0.194518 0.432715 7.2227 0.0046059 0.00183633 0.0234699 0.195427 0 0 0 0 0 0 0 0 0 0 0 19761
0 0 0.00225279 0.194115 0.433086 6.7389 0.00459797 0.00184208 0.0234694 0.195555 0 0 0 0 0 0 0 0 0 0 0 19812
0 0 0.00224817 0.193721 0.429105 4.97932 0.00458511 0.00184367 0.0235844 0.194801 0 0 0 0 0 0 0 0 0 0 0 19866
0 0 0.00222857 0.193943 0.428828 4.39696 0.00457446 0.00184873 0.0235211 0.195089 0 0 0 0 0 0 0 0 0 0 0 19919
0 0 0.00224349 0.194095 0.43028 3.35654 0.00456291 0.0018476 0.023513 0.19552 0 0 0 0 0 0 0 0 0 0 0 19971
0 0 0.00222613 0.193695 0.429752 2.68092 0.00454897 0.00185585 0.0233527 0.196421 0 0 0 0 0 0 0 0 0 0 0 20023
0 0 0.00220727 0.193524 0.430014 1.73143 0.00455215 0.0018578 0.0233192 0.197063 0 0 0 0 0 0 0 0 0 0 0 20073
0 0 0.00220727 0.193524 0.430014 1.73143 0.00455215 0.0018578 0.0233192 0.197063 0 0 0 0 0 0 0 0 0 0 0 20126
0 0 0.00222774 0.193503 0.431821 1.05641 0.00457433 0.00186036 0.0231647 0.198224 0 0 0 0 0 0 0 0 0 0 0 20178
0 0 0.00218608 0.193223 0.431029 0.691739 0.00454937 0.00185935 0.0232541 0.197969 0 0 0 0 0 0 0 0 0 0 0 20230
0 0 0.00213655 0.192745 0.430395 0.49086 0.00452949 0.00186327 0.0232785 0.197844 0 0 0 0 0 0 0 0 0 0 0 20282
0 0 0.00212182 0.192362 0.429172 0.35877 0.00451186 0.00186995 0.0232102 0.198721 0 0 0 0 0 0 0 0 0 0 0 20337
0 0 0.00216928 0.19293 0.431128 0.25976 0.00454676 0.00186011 0.0233816 0.197526 0 0 0 0 0 0 0 0 0 0 0 20390
0 0 0.00218954 0.192977 0.432566 0.228599 0.00455157 0.00185671 0.0233191 0.198627 0 0 0 0 0 0 0 0 0 0 0 20444
0 0 0.00217967 0.193567 0.433311 0.21288 0.00457414 0.00183954 0.0235522 0.197759 0 0 0 0 0 0 0 0 0 0 0 20494
0 0 0.00213072 0.19321 0.432405 0.187498 0.00456265 0.00184645 0.0233782 0.200173 0 0 0 0 0 0 0 0 0 0 0 20547
0 0 0.00212842 0.193038 0.432367 0.163324 0.00453136 0.00185187 0.0232261 0.200529 0 0 0 0 0 0 0 0 0 0 0 20601
0 0 0.00211462 0.193231 0.432286 0.185101 0.00451089 0.00184502 0.0232012 0.200905 0 0 0 0 0 0 0 0 0 0 0 20656
0 0 0.00214489 0.193182 0.434394 0.18615 0.00452266 0.00185199 0.0229532 0.20293 0 0 0 0 0 0 0 0 0 0 0 20706
0 0 0.00213917 0.193423 0.435522 0.191912 0.00451818 0.00184117 0.0228268 0.204379 0 0 0 0 0 0 0 0 0 0 0 20756
0 0 0.00221974 0.192367 0.434732 0.157415 0.0044934 0.00189026 0.0223356 0.205512 0 0 0 0 0 0 0 0 0 0 0 20808
0 0 0.00222513 0.191486 0.431339 0.133166 0.00446538 0.0019105 0.0223189 0.204105 0 0 0 0 0 0 0 0 0 0 0 20859
0 0 0.0022878 0.190888 0.434864 0.12817 0.00445776 0.00194381 0.0218798 0.206356 0 0 0 0 0 0 0 0 0 0 0 20913
0 0 0.0022878 0.190888 0.434864 0.12817 0.00445776 0.00194381 0.0218798 0.206356 0 0 0 0 0 0 0 0 0 0 0 20966
0 0 0.00230954 0.190127 0.435926 0.1169 0.00444808 0.00196719 0.0217346 0.206777 0 0 0 0 0 0 0 0 0 0 0 21018
0 0 0.00233756 0.189827 0.43038 0.109167 0.00444201 0.00196943 0.0216819 0.206295 0 0 0 0 0 0 0 0 0 0 0 21071
0 0 0.0024247 0.188935 0.428594 0.105569 0.0044237 0.00198665 0.0216588 0.205752 0 0 0 0 0 0 0 0 0 0 0 21127
0 0 0.00255786 0.188262 0.425284 0.103896 0.0044117 0.00199692 0.0216947 0.204808 0 0 0 0 0 0 0 0 0 0 0 21177
0 0 0.00265882 0.188083 0.41406 0.102353 0.00441094 0.00199756 0.0215709 0.204072 0 0 0 0 0 0 0 0 0 0 0 21230
0 0 0.00290119 0.187045 0.413305 0.10592 0.00439118 0.00201503 0.0216671 0.202809 0 0 0 0 0 0 0 0 0 0 0 21287
0 0 0.00279382 0.187076 0.420659 0.109605 0.00440072 0.00201039 0.0219491 0.201602 0 0 0 0 0 0 0 0 0 0 0 21333
0 0 0.00279382 0.187076 0.420659 0.109605 0.00440072 0.00201039 0.0219491 0.201602 0 0 0 0 0 0 0 0 0 0 0 21386
0 0 0.00297032 0.183735 0.412591 0.11407 0.00433386 0.00208464 0.0217371 0.200568 0 0 0 0 0 0 0 0 0 0 0 21438
0 0 0.00294517 0.183411 0.407231 0.111698 0.00433028 0.00208529 0.0218026 0.199336 0 0 0 0 0 0 0 0 0 0 0 21493
0 0 0.00294517 0.183411 0.407231 0.111698 0.00433028 0.00208529 0.0218026 0.199336 0 0 0 0 0 0 0 0 0 0 0 21543
0 0 0.00290747 0.183113 0.41267 0.120057 0.00433072 0.00210015 0.0217338 0.199731 0 0 0 0 0 0 0 0 0 0 0 21594
0 0 0.00293519 0.182523 0.409852 0.124077 0.00432622 0.00211242 0.0217113 0.198718 0 0 0 0 0 0 0 0 0 0 0 21648
0 0 0.00269709 0.17715 0.39786 0.107514 0.00420668 0.00225581 0.0211325 0.199328 0 0 0 0 0 0 0 0 0 0 0 21704
0 0 0.0025006 0.168022 0.381382 0.102995 0.00401017 0.00253509 0.0201444 0.199918 0 0 0 0 0 0 0 0 0 0 0 21757
0 0 0.00266067 0.154926 0.358342 0.12012 0.00373211 0.00305934 0.0183578 0.20287 0 0 0 0 0 0 0 0 0 0 0 21808
0 0 0.00298721 0.16074 0.370739 0.11225 0.00386175 0.00281299 0.0191429 0.201537 0 0 0 0 0 0 0 0 0 0 0 21862
0 0 0.00332734 0.165138 0.38242 0.116118 0.00396553 0.00265468 0.0196465 0.200991 0 0 0 0 0 0 0 0 0 0 0 21914
0 0 0.00370782 0.168313 0.389108 0.12247 0.0040465 0.00253321 0.0202358 0.198567 0 0 0 0 0 0 0 0 0 0 0 21965
0 0 0.00461805 0.169756 0.391303 0.126369 0.00408127 0.00247783 0.0205121 0.197257 0 0 0 0 0 0 0 0 0 0 0 22018
0 0 0.00461805 0.169756 0.391303 0.126369 0.00408127 0.00247783 0.0205121 0.197257 0 0 0 0 0 0 0 0 0 0 0 22068
0 0 0.00522361 0.169076 0.388112 0.127192 0.0040762 0.00248766 0.0206081 0.195308 0 0 0 0 0 0 0 0 0 0 0 22120
0 0 0.00486878 0.173714 0.398107 0.129975 0.00419586 0.00231162 0.0218286 0.190102 0 0 0 0 0 0 0 0 0 0 0 22173
0 0 0.00466003 0.177033 0.398954 0.130075 0.00427546 0.00219767 0.0226257 0.187137 0 0 0 0 0 0 0 0 0 0 0 22223
0 0 0.0053131 0.180366 0.402329 0.132475 0.00434937 0.00209739 0.0233319 0.185722 0 0 0 0 0 0 0 0 0 0 0 22276
0 0 0.00395303 0.18354 0.406069 0.123665 0.00442259 0.00200595 0.0240337 0.184116 0 0 0 0 0 0 0 0 0 0 0 22326
0 0 0.00310208 0.1848 0.4055 0.108795 0.00443236 0.00198391 0.0239013 0.186218 0 0 0 0 0 0 0 0 0 0 0 22382
0 0 0.00251588 0.185855 0.407417 0.103251 0.00443378 0.00196569 0.0237786 0.188456 0 0 0 0 0 0 0 0 0 0 0 22434
0 0 0.00227686 0.188683 0.411192 0.101973 0.00449362 0.00189651 0.0242335 0.187864 0 0 0 0 0 0 0 0 0 0 0 22490
0 0 0.00218239 0.189912 0.415317 0.0980236 0.00452578 0.00186517 0.0246341 0.187228 0 0 0 0 0 0 0 0 0 0 0 22540
0 0 0.00212289 0.191345 0.419001 0.0920346 0.00455406 0.00183611 0.0248206 0.187898 0 0 0 0 0 0 0 0 0 0 0 22590
0 0 0.00209678 0.192535 0.421676 0.0884304 0.00457702 0.0018125 0.0249755 0.188429 0 0 0 0 0 0 0 0 0 0 0 22642
0 0 0.00214643 0.194971 0.423545 0.0910252 0.00466084 0.00174551 0.0259342 0.184018 0 0 0 0 0 0 0 0 0 0 0 22693
0 0 0.00230594 0.198852 0.424286 0.095564 0.00481793 0.00163515 0.0279163 0.174514 0 0 0 0 0 0 0 0 0 0 0 22747
0 0 0.00247726 0.202473 0.424903 0.100697 0.00496827 0.00153769 0.0300145 0.165734 0 0 0 0 0 0 0 0 0 0 0 22797
0 0 0.00253846 0.203795 0.425262 0.101617 0.00501992 0.00150352 0.0307392 0.162503 0 0 0 0 0 0 0 0 0 0 0 22851
0 0 0.00253846 0.203795 0.425262 0.101617 0.00501992 0.00150352 0.0307392 0.162503 0 0 0 0 0 0 0 0 0 0 0 22903
0 0 0.00257361 0.204751 0.42552 0.102257 0.00506773 0.00147928 0.0315422 0.160546 0 0 0 0 0 0 0 0 0 0 0 22956
0 0 0.00255858 0.204606 0.425978 0.100805 0.00506065 0.00148359 0.0315336 0.161358 0 0 0 0 0 0 0 0 0 0 0 23009
0 0 0.00282815 0.2092 0.427234 0.109551 0.00525749 0.00137408 0.0343592 0.150561 0 0 0 0 0 0 0 0 0 0 0 23058
0 0 0.00305649 0.212892 0.427948 0.116965 0.00541661 0.00129348 0.0367475 0.142575 0 0 0 0 0 0 0 0 0 0 0 23110
0 0 0.00305864 0.212969 0.430703 0.117633 0.00542948 0.00129324 0.0369955 0.14303 0 0 0 0 0 0 0 0 0 0 0 23161
0 0 0.00334217 0.216943 0.436178 0.126801 0.0056073 0.00121372 0.0395814 0.134817 0 0 0 0 0 0 0 0 0 0 0 23214
0 0 0.00368001 0.22137 0.443489 0.13793 0.00580183 0.00113298 0.0425195 0.126515 0 0 0 0 0 0 0 0 0 0 0 23266
0 0 0.00440925 0.229699 0.456005 0.162565 0.00618534 0.00100172 0.0485349 0.113213 0 0 0 0 0 0 0 0 0 0 0 23317
0 0 0.00664867 0.251236 0.565886 0.233769 0.00725999 0.000736165 0.0689812 0.0857013 0 0 0 0 0 0 0 0 0 0 0 23367
0 0 0.0111634 0.279434 0.88046 0.374826 0.00874614 0.000515934 0.100872 0.0622013 0 0 0 0 0 0 0 0 0 0 0 23418
0 0 0.0104255 0.273028 1.14137 0.364648 0.0083902 0.000567817 0.0896652 0.0681984 0 0 0 0 0 0 0 0 0 0 0 23469
0 0 0.0104255 0.273028 1.14137 0.364648 0.0083902 0.000567817 0.0896652 0.0681984 0 0 0 0 0 0 0 0 0 0 0 23521
0 0 0.00951034 0.266781 1.35683 0.338171 0.00806272 0.000617283 0.0817213 0.0737194 0 0 0 0 0 0 0 0 0 0 0 23570
0 0 0.0100783 0.268667 0.649903 0.350077 0.00815641 0.000602685 0.0837162 0.0719809 0 0 0 0 0 0 0 0 0 0 0 23622
0 0 0.0118177 0.277372 0.527644 0.396977 0.00863655 0.000538385 0.0949676 0.0646356 0 0 0 0 0 0 0 0 0 0 0 23672
0 0 0.00808097 0.249369 0.466037 0.293065 0.00716499 0.000796495 0.0598305 0.092825 0 0 0 0 0 0 0 0 0 0 0 23722
0 0 0.00634252 0.232687 0.464682 0.242869 0.00637161 0.0010199 0.0451228 0.115662 0 0 0 0 0 0 0 0 0 0 0 23773
0 0 0.00564848 0.223777 0.441142 0.176725 0.00594835 0.00111701 0.0418958 0.122907 0 0 0 0 0 0 0 0 0 0 0 23824
0 0 0.00659582 0.23243 0.435847 0.195067 0.00636765 0.000965465 0.049995 0.106809 0 0 0 0 0 0 0 0 0 0 0 23876
0 0 0.00708694 0.232919 0.429488 0.186894 0.00638839 0.000946179 0.0515452 0.104349 0 0 0 0 0 0 0 0 0 0 0 23929
0 0 0.0105278 0.24641 0.428195 0.22605 0.0070626 0.000771337 0.065701 0.0862153 0 0 0 0 0 0 0 0 0 0 0 23981
0 0 0.0126026 0.253927 0.430439 0.249285 0.00741792 0.000696958 0.0735944 0.0792289 0 0 0 0 0 0 0 0 0 0 0 24032
0 0 0.0126026 0.253927 0.430439 0.249285 0.00741792 0.000696958 0.0735944 0.0792289 0 0 0 0 0 0 0 0 0 0 0 24082
0 0 0.0109045 0.235418 0.434033 0.188276 0.00649458 0.000903456 0.0549233 0.0997546 0 0 0 0 0 0 0 0 0 0 0 24132
0 0 0.0133873 0.22716 0.433108 0.165492 0.00608456 0.00102167 0.0479023 0.111449 0 0 0 0 0 0 0 0 0 0 0 24186
0 0 0.0164415 0.221654 0.440558 0.152734 0.0058122 0.00111064 0.0437672 0.120062 0 0 0 0 0 0 0 0 0 0 0 24237
0 0 0.0221746 0.219245 0.462029 0.144185 0.00568297 0.00114407 0.042934 0.123176 0 0 0 0 0 0 0 0 0 0 0 24289
0 0 0.0280617 0.220771 0.503613 0.146904 0.00573049 0.00112213 0.0437487 0.122074 0 0 0 0 0 0 0 0 0 0 0 24344
0 0 0.0324982 0.215531 0.561341 0.136323 0.00544885 0.00123699 0.0389086 0.135854 0 0 0 0 0 0 0 0 0 0 0 24397
0 0 0.0455896 0.215287 0.626748 0.137161 0.00538933 0.00125535 0.0377621 0.139355 0 0 0 0 0 0 0 0 0 0 0 24449
0 0 0.0714433 0.222064 0.618474 0.152647 0.00562992 0.00113688 0.0414024 0.128759 0 0 0 0 0 0 0 0 0 0 0 24501
0 0 0.0912028 0.222572 0.670813 0.15931 0.00565781 0.00113748 0.0412815 0.129291 0 0 0 0 0 0 0 0 0 0 0 24552
0 0 0.105407 0.220913 0.815102 0.158668 0.0055326 0.0011773 0.0395002 0.134709 0 0 0 0 0 0 0 0 0 0 0 24604
0 0 0.104848 0.226236 1.98803 0.247192 0.00575309 0.00109439 0.042662 0.126621 -0.135025 0 0 0 0 0 0 0 0 0 0 24656
0 0 0.134755 0.249655 3.51846 0.341803 0.00677423 0.000785687 0.0621918 0.0950528 -6.91265 0 0 0 0 0 0 0 0 0 0 24708
0 0 0.116065 0.256773 24.0648 1.18826 0.00713331 0.000713931 0.068996 0.08698 -25.8548 0 0 0 0 0 0 0 0 0 0 24761
0 0 0.244655 0.308342 52.1502 2.74882 0.00977329 0.000380606 0.141471 0.0494431 -38.2619 0 0 0 0 0 0 0 0 0 0 24814
0 0 0.311848 0.341493 16.592 1.14123 0.0116034 0.000267745 0.208452 0.035786 -25.2238 0 0 0 0 0 0 0 0 0 0 24864
0 0 0.11416 0.294755 0.993737 0.487758 0.00872345 0.000460588 0.111827 0.0595305 0 0 0 0 0 0 0 0 0 0 0 24918
0 0 0.11416 0.294755 0.993737 0.487758 0.00872345 0.000460588 0.111827 0.0595305 0 0 0 0 0 0 0 0 0 0 0 24968
0 0 0.135087 0.306709 0.967675 0.539397 0.00952545 0.000393175 0.138377 0.0508893 0 0 0 0 0 0 0 0 0 0 0 25019
0 0 0.0479449 0.272511 0.538015 0.329828 0.00773169 0.000602624 0.0863052 0.0751693 0 0 0 0 0 0 0 0 0 0 0 25071
0 0 0.0330886 0.287135 0.479311 0.388188 0.0084889 0.000497393 0.109019 0.0626625 0 0 0 0 0 0 0 0 0 0 0 25127
0 0 0.0216201 0.290047 0.459955 0.394476 0.00866727 0.000476068 0.119105 0.0606618 0 0 0 0 0 0 0 0 0 0 0 25181
0 0 0.0128193 0.282342 0.456039 0.337614 0.00829265 0.000519877 0.109104 0.0652072 0 0 0 0 0 0 0 0 0 0 0 25231
0 0 0.00890808 0.265783 0.437097 0.267601 0.00746237 0.000633046 0.0866248 0.0777114 0 0 0 0 0 0 0 0 0 0 0 25283
0 0 0.00794722 0.262984 0.432397 0.256801 0.00737091 0.000646203 0.0859747 0.0794662 0 0 0 0 0 0 0 0 0 0 0 25336
0 0 0.00725934 0.260804 0.429751 0.251229 0.00740227 0.000654107 0.090176 0.0818786 0 0 0 0 0 0 0 0 0 0 0 25390
0 0 0.00668103 0.257578 0.428534 0.241207 0.00737779 0.000673853 0.0911252 0.0850357 0 0 0 0 0 0 0 0 0 0 0 25442
0 0 0.00571287 0.249996 0.427603 0.215566 0.00697728 0.000743941 0.0824784 0.0939487 0 0 0 0 0 0 0 0 0 0 0 25496
0 0 0.00526004 0.245939 0.427392 0.203263 0.0067522 0.000786708 0.0784313 0.099737 0 0 0 0 0 0 0 0 0 0 0 25547
0 0 0.00470914 0.23996 0.426992 0.184915 0.00650311 0.00085633 0.0708058 0.107129 0 0 0 0 0 0 0 0 0 0 0 25600
0 0 0.00435194 0.23388 0.426821 0.167822 0.00606168 0.000933969 0.0606851 0.114883 0 0 0 0 0 0 0 0 0 0 0 25653
0 0 0.0040661 0.231246 0.426739 0.160932 0.00591893 0.000971042 0.0597695 0.120856 0 0 0 0 0 0 0 0 0 0 0 25708
0 0 0.00358044 0.225339 0.427199 0.146164 0.00566558 0.00106304 0.0551615 0.132693 0 0 0 0 0 0 0 0 0 0 0 25760
0 0 0.00292057 0.216847 0.427542 0.126357 0.00530376 0.00121814 0.0501393 0.154354 0 0 0 0 0 0 0 0 0 0 0 25812
0 0 0.00253812 0.210088 0.427872 0.112641 0.00503115 0.00136263 0.0440759 0.170631 0 0 0 0 0 0 0 0 0 0 0 25864
0 0 0.0024536 0.207142 0.428595 0.107652 0.00474663 0.00143548 0.0391065 0.177914 0 0 0 0 0 0 0 0 0 0 0 25913
0 0 0.0024536 0.207142 0.428595 0.107652 0.00474663 0.00143548 0.0391065 0.177914 0 0 0 0 0 0 0 0 0 0 0 25964
0 0 0.00237966 0.205516 0.428121 0.104397 0.00455506 0.00147556 0.0375218 0.184685 0 0 0 0 0 0 0 0 0 0 0 26017
0 0 0.00225715 0.202635 0.42819 0.0985458 0.0041551 0.00155028 0.0346159 0.199186 0 0 0 0 0 0 0 0 0 0 0 26073
0 0 0.00223247 0.201971 0.427726 0.096824 0.00389146 0.00156524 0.0340859 0.207627 0 0 0 0 0 0 0 0 0 0 0 26124
0 0 0.00216286 0.200746 0.42823 0.0952211 0.00356503 0.00159896 0.033669 0.223111 0 0 0 0 0 0 0 0 0 0 0 26179
0 0 0.00203849 0.200829 0.429321 0.0960444 0.00352607 0.00160105 0.0378012 0.237704 0 0 0 0 0 0 0 0 0 0 0 26228
0 0 0.0020545 0.20089 0.430774 0.0971578 0.00315427 0.00160558 0.0369908 0.253416 0 0 0 0 0 0 0 0 0 0 0 26279
0 0 0.00206015 0.201544 0.431229 0.0985711 0.00297149 0.00159004 0.038181 0.263732 0 0 0 0 0 0 0 0 0 0 0 26329
0 0 0.00200666 0.200468 0.43105 0.0958758 0.00251848 0.0016269 0.0369306 0.294273 0 0 0 0 0 0 0 0 0 0 0 26380
0 0 0.00195881 0.200635 0.43093 0.0955102 0.00232137 0.00163047 0.038433 0.31527 0 0 0 0 0 0 0 0 0 0 0 26435
0 0 0.00197004 0.201115 0.43421 0.0991702 0.00210962 0.00162597 0.0389081 0.336947 0 0 0 0 0 0 0 0 0 0 0 26486
0 0 0.00204791 0.201034 0.43816 0.102571 0.00182158 0.00164407 0.0362527 0.364111 0 0 0 0 0 0 0 0 0 0 0 26537
0 0 0.0021197 0.20153 0.444724 0.109732 0.00169674 0.00165652 0.0357043 0.386918 0 0 0 0 0 0 0 0 0 0 0 26587
0 0 0.0021197 0.20153 0.444724 0.109732 0.00169674 0.00165652 0.0357043 0.386918 0 0 0 0 0 0 0 0 0 0 0 26637
0 0 0.0020823 0.202036 0.444457 0.110168 0.00152707 0.00163796 0.0378078 0.416871 0 0 0 0 0 0 0 0 0 0 0 26688
0 0 0.00200689 0.201076 0.440352 0.104881 0.00134044 0.00165453 0.0375902 0.451122 0 0 0 0 0 0 0 0 0 0 0 26741
0 0 0.00206741 0.200365 0.438549 0.101999 0.00128815 0.00166685 0.0344214 0.446107 0 0 0 0 0 0 0 0 0 0 0 26792
0 0 0.0020367 0.199886 0.43691 0.0997989 0.00123557 0.00167064 0.0344468 0.456806 0 0 0 0 0 0 0 0 0 0 0 26844
0 0 0.00208513 0.199829 0.434484 0.0978811 0.00102967 0.00165456 0.0333406 0.493737 0 0 0 0 0 0 0 0 0 0 0 26896
0 0 0.00220323 0.201328 0.432598 0.0991067 0.00122949 0.00160271 0.0331918 0.425279 0 0 0 0 0 0 0 0 0 0 0 26947
0 0 0.00231908 0.202576 0.431612 0.100804 0.00139856 0.00156123 0.0329503 0.379597 0 0 0 0 0 0 0 0 0 0 0 26998
0 0 0.00238272 0.203022 0.430075 0.100226 0.00156994 0.00154431 0.0321567 0.344862 0 0 0 0 0 0 0 0 0 0 0 27050
0 0 0.00238272 0.203022 0.430075 0.100226 0.00156994 0.00154431 0.0321567 0.344862 0 0 0 0 0 0 0 0 0 0 0 27113
0 0 0.00235638 0.202914 0.429813 0.099873 0.00175223 0.00154702 0.032545 0.325062 0 0 0 0 0 0 0 0 0 0 0 27164
0 0 0.00249922 0.204867 0.429301 0.102902 0.00232744 0.00149466 0.0328292 0.264564 0 0 0 0 0 0 0 0 0 0 0 27219
0 0 0.00272442 0.207677 0.429915 0.108929 0.00304207 0.00142432 0.0334487 0.215515 0 0 0 0 0 0 0 0 0 0 0 27268
0 0 0.00273459 0.20736 0.430446 0.108529 0.00329033 0.00143254 0.0327179 0.204967 0 0 0 0 0 0 0 0 0 0 0 27321
0 0 0.0029778 0.210791 0.433396 0.117535 0.00375451 0.00135814 0.034488 0.183303 0 0 0 0 0 0 0 0 0 0 0 27373
0 0 0.0029778 0.210791 0.433396 0.117535 0.00375451 0.00135814 0.034488 0.183303 0 0 0 0 0 0 0 0 0 0 0 27426
0 0 0.00296106 0.21018 0.433948 0.117752 0.00390408 0.00137654 0.0338274 0.180795 0 0 0 0 0 0 0 0 0 0 0 27476
0 0 0.00292377 0.209337 0.434808 0.117036 0.0042325 0.00139986 0.0330073 0.174271 0 0 0 0 0 0 0 0 0 0 0 27526
0 0 0.00295401 0.209965 0.434984 0.118566 0.00448851 0.0013867 0.0335426 0.167723 0 0 0 0 0 0 0 0 0 0 0 27580
0 0 0.00283892 0.208011 0.435219 0.1149 0.00442847 0.00143498 0.0322066 0.172691 0 0 0 0 0 0 0 0 0 0 0 27631
0 0 0.00278355 0.20711 0.434499 0.112458 0.00437923 0.00145452 0.0316741 0.174874 0 0 0 0 0 0 0 0 0 0 0 27682
0 0 0.00278113 0.207115 0.433707 0.111673 0.00441261 0.00145204 0.031644 0.173239 0 0 0 0 0 0 0 0 0 0 0 27734
0 0 0.00284872 0.208649 0.432694 0.113673 0.00449685 0.00141197 0.0329313 0.168488 0 0 0 0 0 0 0 0 0 0 0 27786
0 0 0.00292738 0.210257 0.43219 0.116435 0.00461721 0.00137339 0.0341755 0.163539 0 0 0 0 0 0 0 0 0 0 0 27837
0 0 0.00287759 0.20951 0.431278 0.113966 0.00473344 0.00138694 0.0336916 0.161688 0 0 0 0 0 0 0 0 0 0 0 27888
0 0 0.00283938 0.209073 0.430762 0.112479 0.00477113 0.00139519 0.0335897 0.161744 0 0 0 0 0 0 0 0 0 0 0 27941
0 0 0.00283938 0.209073 0.430762 0.112479 0.00477113 0.00139519 0.0335897 0.161744 0 0 0 0 0 0 0 0 0 0 0 27991
0 0 0.00281161 0.209049 0.429513 0.111146 0.00487043 0.00139199 0.0340056 0.159779 0 0 0 0 0 0 0 0 0 0 0 28044
0 0 0.00300182 0.21201 0.42902 0.116846 0.00508866 0.00132221 0.0359355 0.150416 0 0 0 0 0 0 0 0 0 0 0 28098
0 0 0.00316876 0.214396 0.428563 0.12134 0.00524569 0.00127057 0.0372489 0.14344 0 0 0 0 0 0 0 0 0 0 0 28150
0 0 0.00291365 0.21023 0.427812 0.111777 0.00511747 0.00135944 0.0341874 0.150914 0 0 0 0 0 0 0 0 0 0 0 28200
0 0 0.00282108 0.208459 0.426843 0.107598 0.00507141 0.0013978 0.0330692 0.154083 0 0 0 0 0 0 0 0 0 0 0 28250
0 0 0.00264125 0.205021 0.426385 0.101272 0.00492761 0.00148301 0.0307373 0.162257 0 0 0 0 0 0 0 0 0 0 0 28303
0 0 0.00264125 0.205021 0.426385 0.101272 0.00492761 0.00148301 0.0307373 0.162257 0 0 0 0 0 0 0 0 0 0 0 28355
0 0 0.00256049 0.203447 0.425182 0.0993754 0.00489543 0.00152387 0.0295811 0.165293 0 0 0 0 0 0 0 0 0 0 0 28407
0 0 0.00239148 0.200469 0.423487 0.0959682 0.00478437 0.00160411 0.0278245 0.172856 0 0 0 0 0 0 0 0 0 0 0 28460
0 0 0.00229558 0.198586 0.423036 0.0956006 0.00471779 0.00165736 0.0267647 0.177771 0 0 0 0 0 0 0 0 0 0 0 28509
0 0 0.00221541 0.196885 0.418528 0.0970379 0.00465175 0.00170945 0.0256501 0.182722 0 0 0 0 0 0 0 0 0 0 0 28559
0 0 0.00224949 0.195981 0.403723 0.101606 0.00462177 0.00173708 0.0247723 0.185208 0 0 0 0 0 0 0 0 0 0 0 28612
0 0 0.00229543 0.195389 0.392218 0.115123 0.00461195 0.00175887 0.0241119 0.18709 0 0 0 0 0 0 0 0 0 0 0 28663
0 0 0.00229543 0.195389 0.392218 0.115123 0.00461195 0.00175887 0.0241119 0.18709 0 0 0 0 0 0 0 0 0 0 0 28714
0 0 0.00236391 0.195062 0.382283 0.240672 0.00461752 0.00178352 0.0234507 0.189631 0 0 0 0 0 0 0 0 0 0 0 28764
0 0 0.00227701 0.194745 0.394579 0.433256 0.00460826 0.00179422 0.0235438 0.190652 0 0 0 0 0 0 0 0 0 0 0 28816
0 0 0.00228459 0.194687 0.391676 0.977513 0.00460706 0.00179341 0.0235892 0.190422 0 0 0 0 0 0 0 0 0 0 0 28869
0 0 0.00228459 0.194687 0.391676 0.977513 0.00460706 0.00179341 0.0235892 0.190422 0 0 0 0 0 0 0 0 0 0 0 28919
0 0 0.00225103 0.195021 0.399802 2.87425 0.0046198 0.00178355 0.0239063 0.189453 0 0 0 0 0 0 0 0 0 0 0 28970
0 0 0.00221109 0.194967 0.406927 7.94456 0.00461603 0.00178752 0.023948 0.189899 0 0 0 0 0 0 0 0 0 0 0 29021
0 0 0.00223302 0.195603 0.410124 9.3869 0.00464049 0.0017691 0.0243227 0.188096 0 0 0 0 0 0 0 0 0 0 0 29074
0 0 0.00222922 0.195714 0.420605 9.18954 0.00463666 0.00177576 0.024403 0.188939 0 0 0 0 0 0 0 0 0 0 0 29124
0 0 0.00219306 0.195566 0.42142 8.09261 0.00463316 0.0017715 0.0246201 0.188221 0 0 0 0 0 0 0 0 0 0 0 29248
0 0 0.0022167 0.196886 0.42212 4.21941 0.0046949 0.00171674 0.0257365 0.182466 0 0 0 0 0 0 0 0 0 0 0 29300
0 0 0.00226819 0.198043 0.422798 3.31441 0.00474903 0.00167654 0.0265051 0.178398 0 0 0 0 0 0 0 0 0 0 0 29350
0 0 0.00228762 0.198692 0.424031 2.4641 0.00478053 0.00165321 0.0270095 0.176046 0 0 0 0 0 0 0 0 0 0 0 29403
0 0 0.00231854 0.199355 0.423578 1.0068 0.00481277 0.00163214 0.0274702 0.17403 0 0 0 0 0 0 0 0 0 0 0 29456
0 0 0.00257734 0.204173 0.423946 0.731834 0.00503408 0.00149915 0.0303525 0.161093 0 0 0 0 0 0 0 0 0 0 0 29508
0 0 0.00257734 0.204173 0.423946 0.731834 0.00503408 0.00149915 0.0303525 0.161093 0 0 0 0 0 0 0 0 0 0 0 29560
0 0 0.0027516 0.206684 0.424863 0.586197 0.0051458 0.00143466 0.0319262 0.154674 0 0 0 0 0 0 0 0 0 0 0 29611
0 0 0.00341467 0.215671 0.425004 0.674829 0.00555047 0.00123523 0.0379002 0.134844 0 0 0 0 0 0 0 0 0 0 0 29664
0 0 0.00441754 0.227922 0.425105 0.485506 0.006127 0.00101761 0.0474739 0.113014 0 0 0 0 0 0 0 0 0 0 0 29717
0 0 0.00500664 0.234017 0.425371 0.334016 0.00642748 0.000927526 0.0530114 0.103946 0 0 0 0 0 0 0 0 0 0 0 29768
0 0 0.00675962 0.24975 0.425541 0.309766 0.00722143 0.000738577 0.0691179 0.0844949 0 0 0 0 0 0 0 0 0 0 0 29821
0 0 0.0117505 0.282331 0.425696 0.426184 0.00899029 0.000480833 0.113174 0.0570734 0 0 0 0 0 0 0 0 0 0 0 29874
0 0 0.0140974 0.294136 0.425905 0.445888 0.00968042 0.000416641 0.134047 0.050141 0 0 0 0 0 0 0 0 0 0 0 29928
0 0 0.0154264 0.299781 0.426358 0.459835 0.0100209 0.000389967 0.145032 0.0472555 0 0 0 0 0 0 0 0 0 0 0 29980
0 0 0.0208342 0.320962 0.427306 0.581608 0.0113247 0.000307182 0.191276 0.0380439 0 0 0 0 0 0 0 0 0 0 0 30033
0 0 0.0142271 0.296491 0.427409 0.423286 0.00984472 0.000405771 0.140347 0.0492728 0 0 0 0 0 0 0 0 0 0 0 30082
0 0 0.0111445 0.28572 0.428033 0.363573 0.00931232 0.00046261 0.126587 0.0564589 0 0 0 0 0 0 0 0 0 0 0 30134
0 0 0.0111445 0.28572 0.428033 0.363573 0.00931232 0.00046261 0.126587 0.0564589 0 0 0 0 0 0 0 0 0 0 0 30186
0 0 0.0118298 0.290234 0.428977 0.383121 0.00958109 0.000438253 0.136383 0.0540557 0 0 0 0 0 0 0 0 0 0 0 30236
0 0 0.00884249 0.274135 0.430509 0.313688 0.00874726 0.000537562 0.114493 0.0667303 0 0 0 0 0 0 0 0 0 0 0 30286
0 0 0.00754275 0.266085 0.431091 0.282138 0.00831143 0.000597883 0.105687 0.0749698 0 0 0 0 0 0 0 0 0 0 0 30338
0 0 0.00645333 0.25961 0.432494 0.259589 0.00796368 0.00065359 0.103012 0.08429 0 0 0 0 0 0 0 0 0 0 0 30390
0 0 0.00664113 0.264126 0.435143 0.282861 0.00818947 0.00061842 0.120445 0.0840147 0 0 0 0 0 0 0 0 0 0 0 30442
0 0 0.00722816 0.270335 0.43533 0.309734 0.00824697 0.000570434 0.137149 0.0810254 0 0 0 0 0 0 0 0 0 0 0 30492
0 0 0.008693 0.28438 0.435787 0.374605 0.00853293 0.000477596 0.182393 0.0738545 0 0 0 0 0 0 0 0 0 0 0 30545
0 0 0.00667987 0.2744 0.438124 0.332062 0.0074706 0.000543516 0.192925 0.0953406 0 0 0 0 0 0 0 0 0 0 0 30596
0 0 0.00563735 0.267993 0.438629 0.299866 0.00631536 0.000588636 0.200455 0.117025 0 0 0 0 0 0 0 0 0 0 0 30650
0 0 0.00509831 0.269365 0.438281 0.309572 0.00562259 0.000580066 0.260328 0.139247 0 0 0 0 0 0 0 0 0 0 0 30701
0 0 0.00503723 0.275384 0.440083 0.340772 0.00486683 0.000538706 0.352471 0.160582 0 0 0 0 0 0 0 0 0 0 0 30755
0 0 0.00357166 0.264513 0.442559 0.299213 0.00392869 0.000624193 0.411017 0.232509 0 0 0 0 0 0 0 0 0 0 0 30807
0 0 0.00243916 0.244387 0.443499 0.223514 0.00247893 0.000825633 0.316714 0.373502 0 0 0 0 0 0 0 0 0 0 0 30859
0 0 0.00171363 0.234765 0.440864 0.189368 0.00183124 0.000948868 0.383074 0.56755 0 0 0 0 0 0 0 0 0 0 0 30911
0 0 0.00171363 0.234765 0.440864 0.189368 0.00183124 0.000948868 0.383074 0.56755 0 0 0 0 0 0 0 0 0 0 0 30965
0 0 0.00128738 0.220691 0.437353 0.146502 0.00154902 0.00117846 0.304551 0.717196 0 0 0 0 0 0 0 0 0 0 0 31016
0 0 0.00128738 0.220691 0.437353 0.146502 0.00154902 0.00117846 0.304551 0.717196 0 0 0 0 0 0 0 0 0 0 0 31069
0 0 0.00181031 0.228026 0.438282 0.166248 0.00183171 0.00105546 0.230574 0.507991 0 0 0 0 0 0 0 0 0 0 0 31120
0 0 0.00255014 0.224776 0.438036 0.15813 0.00187169 0.00111034 0.0967177 0.359323 0 0 0 0 0 0 0 0 0 0 0 31171
0 0 0.00282412 0.218456 0.434495 0.13834 0.0019297 0.00121662 0.055708 0.302415 0 0 0 0 0 0 0 0 0 0 0 31222
0 0 0.00303025 0.21345 0.430022 0.1292 0.00201552 0.00130479 0.0388585 0.268436 0 0 0 0 0 0 0 0 0 0 0 31271
0 0 0.00278967 0.208158 0.429705 0.123438 0.00226983 0.00142672 0.0332979 0.257741 0 0 0 0 0 0 0 0 0 0 0 31324
0 0 0.00255334 0.202785 0.426197 0.122682 0.00268081 0.00156065 0.0288381 0.241251 0 0 0 0 0 0 0 0 0 0 0 31376
0 0 0.00235241 0.198649 0.417749 0.12683 0.00322147 0.00167534 0.0263141 0.224898 0 0 0 0 0 0 0 0 0 0 0 31430
0 0 0.00225495 0.196633 0.403055 0.152407 0.00350611 0.00173224 0.0249005 0.217941 0 0 0 0 0 0 0 0 0 0 0 31482
0 0 0.00218949 0.195261 0.401597 0.191283 0.00382541 0.00177681 0.0240825 0.209955 0 0 0 0 0 0 0 0 0 0 0 31533
0 0 0.00217267 0.194108 0.396082 0.214023 0.00420173 0.00180751 0.0234065 0.200465 0 0 0 0 0 0 0 0 0 0 0 31587
0 0 0.00227142 0.193793 0.379984 0.20361 0.00428341 0.00181362 0.0229361 0.198529 0 0 0 0 0 0 0 0 0 0 0 31640
0 0 0.00231803 0.193341 0.374165 0.223539 0.0043793 0.00182404 0.0228154 0.196725 0 0 0 0 0 0 0 0 0 0 0 31693
0 0 0.00231803 0.193341 0.374165 0.223539 0.0043793 0.00182404 0.0228154 0.196725 0 0 0 0 0 0 0 0 0 0 0 31744
0 0 0.00228851 0.193098 0.383162 0.197931 0.00447544 0.00182943 0.0229229 0.194639 0 0 0 0 0 0 0 0 0 0 0 31795
0 0 0.00250048 0.192884 0.362649 0.210269 0.00449713 0.001831 0.0224829 0.194103 0 0 0 0 0 0 0 0 0 0 0 31849
0 0 0.00268306 0.192796 0.342399 0.216043 0.00451331 0.00183167 0.0219403 0.193748 0 0 0 0 0 0 0 0 0 0 0 31902
0 0 0.0026899 0.192752 0.347804 0.220949 0.00452318 0.00183453 0.0216923 0.193809 0 0 0 0 0 0 0 0 0 0 0 31958
0 0 0.00291089 0.192714 0.351858 0.316821 0.00452692 0.00183563 0.0216668 0.193849 0 0 0 0 0 0 0 0 0 0 0 32011
0 0 0.00356157 0.192691 0.358341 0.674549 0.00452796 0.00183677 0.0218601 0.193995 0 0 0 0 0 0 0 0 0 0 0 32066
0 0 0.00470987 0.192663 0.383247 1.73284 0.00452755 0.00183951 0.0225104 0.194364 0 0 0 0 0 0 0 0 0 0 0 32120
0 0 0.00585073 0.192669 0.398135 4.04839 0.00452721 0.00183788 0.0228228 0.194113 0 0 0 0 0 0 0 0 0 0 0 32170
0 0 0.00860867 0.192686 0.402407 4.85178 0.00452885 0.00183453 0.0230935 0.193688 -0.597404 0 0 0 0 0 0 0 0 0 0 32221
0 0 0.00860867 0.192686 0.402407 4.85178 0.00452885 0.00183453 0.0230935 0.193688 -0.597404 0 0 0 0 0 0 0 0 0 0 32274
0 0 0.0122235 0.192685 0.416081 4.29183 0.00453098 0.00183334 0.0235996 0.193535 -4.14149 0 0 0 0 0 0 0 0 0 0 32327
0 0 0.00569765 0.192651 0.423706 3.39884 0.00453032 0.00183822 0.0236814 0.194092 0 0 0 0 0 0 0 0 0 0 0 32380
0 0 0.00319669 0.192606 0.428828 2.81899 0.00452948 0.00184219 0.0236919 0.194626 0 0 0 0 0 0 0 0 0 0 0 32430
0 0 0.00236891 0.192511 0.433038 0.996844 0.00452782 0.00184971 0.023589 0.19549 0 0 0 0 0 0 0 0 0 0 0 32485
0 0 0.002345 0.192333 0.439195 0.331872 0.00452515 0.00185582 0.0235379 0.195932 0 0 0 0 0 0 0 0 0 0 0 32539
0 0 0.00239007 0.192212 0.450571 0.167142 0.00452423 0.00186116 0.0234945 0.196185 0 0 0 0 0 0 0 0 0 0 0 32590
0 0 0.00249509 0.192103 0.458609 0.130965 0.00452468 0.00185978 0.0236444 0.195672 0 0 0 0 0 0 0 0 0 0 0 32643
0 0 0.00253358 0.192593 0.500572 0.126862 0.00453777 0.00184574 0.0238587 0.194821 0 0 0 0 0 0 0 0 0 0 0 32699
0 0 0.00259109 0.192989 0.497849 0.118147 0.00454294 0.00184272 0.0238132 0.195375 0 0 0 0 0 0 0 0 0 0 0 32751
0 0 0.00279649 0.193007 0.492403 0.109383 0.00454005 0.00186037 0.0234538 0.198 0 0 0 0 0 0 0 0 0 0 0 32803
0 0 0.00273917 0.194129 0.453494 0.10202 0.00459248 0.00179253 0.0249136 0.190367 0 0 0 0 0 0 0 0 0 0 0 32856
0 0 0.00272228 0.194499 0.443246 0.102715 0.00461664 0.00177122 0.0253919 0.187877 0 0 0 0 0 0 0 0 0 0 0 32909
0 0 0.00272228 0.194499 0.443246 0.102715 0.00461664 0.00177122 0.0253919 0.187877 0 0 0 0 0 0 0 0 0 0 0 32962
0 0 0.00254876 0.195494 0.440091 0.109342 0.00465637 0.00173745 0.0258231 0.184093 0 0 0 0 0 0 0 0 0 0 0 33016
0 0 0.00258012 0.197214 0.441712 0.118651 0.004732 0.00168539 0.0266937 0.178814 0 0 0 0 0 0 0 0 0 0 0 33066
0 0 0.00268557 0.200594 0.444594 0.121586 0.00487696 0.00158951 0.0284184 0.169268 0 0 0 0 0 0 0 0 0 0 0 33121
0 0 0.00277725 0.204081 0.44836 0.131871 0.00502674 0.00149919 0.0302808 0.16052 0 0 0 0 0 0 0 0 0 0 0 33174
0 0 0.00296695 0.207991 0.480533 0.138773 0.00520124 0.00140397 0.032522 0.15115 0 0 0 0 0 0 0 0 0 0 0 33227
0 0 0.00288998 0.208125 0.472458 0.141149 0.00520813 0.0014003 0.0325519 0.150804 0 0 0 0 0 0 0 0 0 0 0 33280
0 0 0.00278796 0.20704 0.459508 0.131557 0.00515699 0.00142589 0.0316318 0.153261 0 0 0 0 0 0 0 0 0 0 0 33331
0 0 0.00307299 0.209516 0.436277 0.134158 0.00525958 0.00137349 0.0319694 0.148375 0 0 0 0 0 0 0 0 0 0 0 33384
0 0 0.00335191 0.210658 0.410467 0.134577 0.00530196 0.00135273 0.0317698 0.146482 0 0 0 0 0 0 0 0 0 0 0 33438
0 0 0.00351102 0.209852 0.381676 0.145475 0.00525736 0.00137394 0.0304521 0.148522 0 0 0 0 0 0 0 0 0 0 0 33488
0 0 0.0035904 0.20757 0.354351 0.154493 0.0051526 0.00142882 0.0287168 0.153896 0 0 0 0 0 0 0 0 0 0 0 33540
0 0 0.0035904 0.20757 0.354351 0.154493 0.0051526 0.00142882 0.0287168 0.153896 0 0 0 0 0 0 0 0 0 0 0 33593
0 0 0.00416658 0.207058 0.30218 0.192341 0.00512671 0.00144207 0.0270674 0.155115 0 0 0 0 0 0 0 0 0 0 0 33644
0 0 0.00457318 0.205693 0.262606 0.22338 0.00506783 0.00147439 0.0254321 0.158241 0 0 0 0 0 0 0 0 0 0 0 33699
0 0 0.00340991 0.203066 0.331873 0.200349 0.00495291 0.00154236 0.0261308 0.164884 0 0 0 0 0 0 0 0 0 0 0 33767
0 0 0.00316327 0.202608 0.343175 0.196823 0.00493216 0.00155522 0.0264411 0.166139 0 0 0 0 0 0 0 0 0 0 0 33875
0 0 0.00264764 0.200702 0.380173 0.153021 0.00482022 0.00162725 0.0261654 0.173168 0 0 0 0 0 0 0 0 0 0 0 33926
0 0 0.00263457 0.202399 0.390785 0.157039 0.00487004 0.00159498 0.0270691 0.170025 0 0 0 0 0 0 0 0 0 0 0 33978
0 0 0.00260419 0.203417 0.404965 0.146021 0.0049176 0.00156561 0.0279934 0.167205 0 0 0 0 0 0 0 0 0 0 0 34029
0 0 0.0024664 0.201511 0.412572 0.137636 0.00485151 0.00160809 0.0273489 0.171378 0 0 0 0 0 0 0 0 0 0 0 34081
0 0 0.00232199 0.199794 0.420498 0.132811 0.00478312 0.00165399 0.0267066 0.175882 0 0 0 0 0 0 0 0 0 0 0 34133
0 0 0.00232199 0.199794 0.420498 0.132811 0.00478312 0.00165399 0.0267066 0.175882 0 0 0 0 0 0 0 0 0 0 0 34183
0 0 0.002279 0.199407 0.425521 0.129273 0.00477223 0.00166284 0.0266633 0.176817 0 0 0 0 0 0 0 0 0 0 0 34236
0 0 0.00226224 0.198571 0.424614 0.12627 0.00475625 0.00167439 0.0264402 0.177977 0 0 0 0 0 0 0 0 0 0 0 34288
0 0 0.00231222 0.199428 0.424833 0.132899 0.00480333 0.00164339 0.0270052 0.175001 0 0 0 0 0 0 0 0 0 0 0 34338
0 0 0.0023543 0.200267 0.426786 0.145399 0.0048477 0.00161529 0.0275911 0.172341 0 0 0 0 0 0 0 0 0 0 0 34391
0 0 0.00242586 0.201725 0.428317 0.162426 0.00491815 0.00157267 0.0285013 0.168312 0 0 0 0 0 0 0 0 0 0 0 34442
0 0 0.00279805 0.208129 0.430078 0.217053 0.00521035 0.00140692 0.0324773 0.152171 0 0 0 0 0 0 0 0 0 0 0 34494
0 0 0.00285814 0.20917 0.43065 0.219592 0.00525997 0.001383 0.0331757 0.149929 0 0 0 0 0 0 0 0 0 0 0 34548
0 0 0.00294299 0.210467 0.430386 0.249039 0.00531995 0.00135339 0.033985 0.147038 0 0 0 0 0 0 0 0 0 0 0 34602
0 0 0.00287786 0.209443 0.42992 0.262857 0.00527818 0.00137537 0.0334238 0.149312 0 0 0 0 0 0 0 0 0 0 0 34652
0 0 0.00302315 0.211783 0.429415 0.334677 0.0053825 0.00132114 0.0349503 0.14381 0 0 0 0 0 0 0 0 0 0 0 34705
0 0 0.00302315 0.211783 0.429415 0.334677 0.0053825 0.00132114 0.0349503 0.14381 0 0 0 0 0 0 0 0 0 0 0 34757
0 0 0.00323468 0.214998 0.429379 0.386905 0.00552984 0.00125271 0.0372074 0.137005 0 0 0 0 0 0 0 0 0 0 0 34809
0 0 0.00346255 0.218518 0.429247 0.472434 0.00570006 0.00118296 0.0401259 0.130253 0 0 0 0 0 0 0 0 0 0 0 34864
0 0 0.00367182 0.221621 0.429074 0.82674 0.00585499 0.00112682 0.0428678 0.124999 0 0 0 0 0 0 0 0 0 0 0 34918
0 0 0.00433146 0.230147 0.429185 1.90769 0.00627113 0.000988053 0.0504364 0.111161 0 0 0 0 0 0 0 0 0 0 0 34969
0 0 0.00462257 0.233616 0.429319 2.08959 0.00643873 0.000938113 0.0539444 0.106199 0 0 0 0 0 0 0 0 0 0 0 35022
0 0 0.00578819 0.245815 0.429326 3.56698 0.00704306 0.000785349 0.066795 0.0904525 0 0 0 0 0 0 0 0 0 0 0 35072
0 0 0.00793702 0.263951 0.429974 4.94621 0.00797683 0.000613313 0.0898029 0.0723717 0 0 0 0 0 0 0 0 0 0 0 35123
0 0 0.0123765 0.291335 0.4323 8.89667 0.0095133 0.000436275 0.134097 0.0532858 0 0 0 0 0 0 0 0 0 0 0 35175
0 0 0.0123765 0.291335 0.4323 8.89667 0.0095133 0.000436275 0.134097 0.0532858 0 0 0 0 0 0 0 0 0 0 0 35226
0 0 0.0177768 0.317078 0.433837 11.7569 0.0111528 0.000325417 0.194496 0.0412842 0 0 0 0 0 0 0 0 0 0 0 35276
0 0 0.0423944 0.386111 0.434214 26.3231 0.0157662 0.000163104 0.440475 0.022083 -0.392914 0 0 0 0 0 0 0 0 0 0 35331
0 0 0.0423944 0.386111 0.434214 26.3231 0.0157662 0.000163104 0.440475 0.022083 -0.392914 0 0 0 0 0 0 0 0 0 0 35383
0 0 0.0711669 0.432825 0.435931 43.4358 0.0191906 0.000109343 0.690796 0.0152901 -2.96736 0 0 0 0 0 0 0 0 0 0 35434
0 0 0.106931 0.473022 0.434132 58.6164 0.0221866 7.96898e-05 0.965378 0.0113198 -4.87576 0 0 0 0 0 0 0 0 0 0 35484
0 0 0.15536 0.513577 0.433898 68.5777 0.0252567 5.95843e-05 1.35163 0.00862052 -6.83996 0 0 0 0 0 0 0 0 0 0 35535
0 0 0.24533 0.568875 0.432507 79.5909 0.0299781 4.15385e-05 2.07501 0.00619151 -9.15495 0 0 0 0 0 0 0 0 0 0 35587
0 0 0.280634 0.584783 0.430174 81.2367 0.0309515 3.76594e-05 2.3497 0.00564329 -10.2088 0 0 0 0 0 0 0 0 0 0 35643
0 0 0.338457 0.611847 0.42851 88.8014 0.0322864 3.20735e-05 3.01606 0.00487716 -12.4854 0 0 0 0 0 0 0 0 0 0 35693
0 0 0.532461 0.677028 0.429181 95.0174 0.0376442 2.24816e-05 4.57378 0.00351534 -15.2842 0 0 0 0 0 0 0 0 0 0 35744
0 0 0.633058 0.705557 0.429845 96.7299 0.0394211 1.94779e-05 5.6395 0.00310113 -17.4418 0 0 0 0 0 0 0 0 0 0 35798
0 0 0.744717 0.732649 0.430771 97.6234 0.0415135 1.70685e-05 6.63835 0.00275558 -18.7648 0 0 0 0 0 0 0 0 0 0 35851
0 0 1.15335 0.809057 0.431279 98.4356 0.0496404 1.20442e-05 9.57211 0.00200503 -20.512 0 0 0 0 0 0 0 0 0 0 35902
0 0 1.15335 0.809057 0.431279 98.4356 0.0496404 1.20442e-05 9.57211 0.00200503 -20.512 0 0 0 0 0 0 0 0 0 0 35955
0 0 1.23125 0.822092 0.431484 98.338 0.0509156 1.13758e-05 10.1969 0.00190541 -20.9005 0 0 0 0 0 0 0 0 0 0 36007
0 0 1.64029 0.877925 0.432486 98.4953 0.0576616 9.0457e-06 12.9594 0.00154794 -22.1545 0 0 0 0 0 0 0 0 0 0 36057
0 0 1.81593 0.899801 0.433065 98.2043 0.0611304 8.29439e-06 14.1097 0.00143221 -22.3568 0 0 0 0 0 0 0 0 0 0 36111
0 0 2.12101 0.934854 0.434073 98.1989 0.0665384 7.25831e-06 16.2154 0.00127758 -22.8887 0 0 0 0 0 0 0 0 0 0 36163
0 0 2.12101 0.934854 0.434073 98.1989 0.0665384 7.25831e-06 16.2154 0.00127758 -22.8887 0 0 0 0 0 0 0 0 0 0 36214
0 0 2.16816 0.94003 0.433107 97.1786 0.0677018 7.1139e-06 16.3377 0.00125534 -23.0362 0 0 0 0 0 0 0 0 0 0 36264
0 0 2.40359 0.964186 0.431926 96.791 0.0689968 6.49133e-06 18.2329 0.00115746 -25.4568 0 0 0 0 0 0 0 0 0 0 36317
0 0 2.46588 0.964533 0.429581 96.5098 0.0704172 6.46854e-06 17.0591 0.00114084 -24.0296 0 0 0 0 0 0 0 0 0 0 36371
0 0 2.61939 0.977085 0.428466 95.7544 0.0741882 6.17282e-06 16.7062 0.0010957 -23.9564 0 0 0 0 0 0 0 0 0 0 36424
0 0 2.64155 0.977056 0.426732 91.6925 0.0755621 6.16896e-06 16.011 0.00109566 -24.0722 0 0 0 0 0 0 0 0 0 0 36477
0 0 2.39507 0.947217 0.424834 84.6319 0.0726087 6.87553e-06 13.512 0.00119476 -22.1943 0 0 0 0 0 0 0 0 0 0 36529
0 0 2.31463 0.939695 0.42167 77.2229 0.0726681 7.0685e-06 12.4746 0.00122162 -21.8605 0 0 0 0 0 0 0 0 0 0 36582
0 0 2.21552 0.929961 0.420701 70.965 0.0719233 7.33253e-06 11.8052 0.00125727 -20.7768 0 0 0 0 0 0 0 0 0 0 36633
0 0 2.21552 0.929961 0.420701 70.965 0.0719233 7.33253e-06 11.8052 0.00125727 -20.7768 0 0 0 0 0 0 0 0 0 0 36684
0 0 3.22387 1.01193 0.417218 65.5834 0.0857075 5.44253e-06 15.2731 0.0009545 -21.1708 0 0 0 0 0 0 0 0 0 0 36736
0 0 3.51956 1.02586 0.416376 60.9229 0.0880543 5.1872e-06 15.6995 0.000908791 -21.1064 0 0 0 0 0 0 0 0 0 0 36790
0 0 3.26775 1.00398 0.416711 49.6546 0.0848715 5.60215e-06 14.3183 0.000967901 -20.1128 0 0 0 0 0 0 0 0 0 0 36843
0 0 2.92392 0.975371 0.415694 37.6361 0.081325 6.20944e-06 12.965 0.0010602 -18.4704 0 0 0 0 0 0 0 0 0 0 36899
0 0 1.65357 0.85919 0.422252 27.4729 0.0649983 9.70536e-06 8.07314 0.00159212 -15.9658 0 0 0 0 0 0 0 0 0 0 36956
0 0 1.00625 0.769565 0.425168 19.6625 0.0534867 1.43036e-05 5.32379 0.00227003 -13.7046 0 0 0 0 0 0 0 0 0 0 37009
0 0 0.699279 0.710689 0.429669 13.6719 0.0464897 1.89514e-05 4.02784 0.00293947 -11.4339 0 0 0 0 0 0 0 0 0 0 37064
0 0 0.337789 0.602439 0.425967 7.5007 0.034648 3.3964e-05 2.12713 0.00502103 -7.84302 0 0 0 0 0 0 0 0 0 0 37117
0 0 0.128216 0.48476 0.41954 3.31863 0.023517 7.28035e-05 0.919757 0.0100948 -3.2414 0 0 0 0 0 0 0 0 0 0 37168
0 0 0.0497208 0.39329 0.421645 1.48762 0.0161938 0.00015119 0.407229 0.0196942 0 0 0 0 0 0 0 0 0 0 0 37219
0 0 0.0321812 0.354712 0.412422 0.982303 0.0134732 0.000216943 0.268471 0.0274074 0 0 0 0 0 0 0 0 0 0 0 37269
0 0 0.0321812 0.354712 0.412422 0.982303 0.0134732 0.000216943 0.268471 0.0274074 0 0 0 0 0 0 0 0 0 0 0 37322
0 0 0.0189306 0.313092 0.403555 0.606244 0.0107921 0.000335398 0.161982 0.0408281 0 0 0 0 0 0 0 0 0 0 0 37373
0 0 0.0141833 0.289925 0.386462 0.465639 0.00941935 0.000438942 0.117015 0.0522466 0 0 0 0 0 0 0 0 0 0 0 37427
0 0 0.00984002 0.259074 0.338598 0.368002 0.00771218 0.000650726 0.0712458 0.0749363 0 0 0 0 0 0 0 0 0 0 0 37482
0 0 0.00696137 0.237854 0.33208 0.279001 0.00662202 0.000877198 0.0500115 0.0984784 0 0 0 0 0 0 0 0 0 0 0 37534
0 0 0.00769502 0.228259 0.252925 0.356763 0.00615063 0.00101251 0.0386093 0.112254 0 0 0 0 0 0 0 0 0 0 0 37586
0 0 0.00705273 0.213287 0.207665 0.374137 0.00545539 0.00128307 0.0273985 0.139426 0 0 0 0 0 0 0 0 0 0 0 37639
0 0 0.00772163 0.208727 0.17534 0.450087 0.00524268 0.00138414 0.0235975 0.149429 0 0 0 0 0 0 0 0 0 0 0 37692
0 0 0.0063455 0.201367 0.177297 0.372792 0.00491793 0.00157137 0.0206297 0.167929 0 0 0 0 0 0 0 0 0 0 0 37745
0 0 0.0063455 0.201367 0.177297 0.372792 0.00491793 0.00157137 0.0206297 0.167929 0 0 0 0 0 0 0 0 0 0 0 37797
0 0 0.00616674 0.199731 0.174566 0.365961 0.00484557 0.00161884 0.0198716 0.172686 0 0 0 0 0 0 0 0 0 0 0 37852
0 0 0.00593607 0.200517 0.18217 0.343442 0.00487979 0.00159906 0.0204866 0.170885 0 0 0 0 0 0 0 0 0 0 0 37902
0 0 0.00443182 0.201454 0.246529 0.223994 0.00492027 0.00157481 0.0230857 0.168598 0 0 0 0 0 0 0 0 0 0 0 37956
0 0 0.00365386 0.204214 0.31531 0.164538 0.00504312 0.00150528 0.0262804 0.162027 0 0 0 0 0 0 0 0 0 0 0 38010
0 0 0.00345701 0.206867 0.354191 0.147295 0.00516319 0.00144535 0.0284027 0.156511 0 0 0 0 0 0 0 0 0 0 0 38060
0 0 0.00345701 0.206867 0.354191 0.147295 0.00516319 0.00144535 0.0284027 0.156511 0 0 0 0 0 0 0 0 0 0 0 38111
0 0 0.00315568 0.208351 0.397052 0.143444 0.00523323 0.00141651 0.0303485 0.154133 0 0 0 0 0 0 0 0 0 0 0 38164
0 0 0.00345276 0.214855 0.417385 0.16394 0.00552293 0.00128219 0.0342867 0.1411 0 0 0 0 0 0 0 0 0 0 0 38213
0 0 0.00327426 0.213084 0.438241 0.167245 0.0054405 0.00132715 0.0333602 0.14597 0 0 0 0 0 0 0 0 0 0 0 38264
0 0 0.00300851 0.209007 0.438113 0.166669 0.00525397 0.0014194 0.0308898 0.155106 0 0 0 0 0 0 0 0 0 0 0 38315
0 0 0.0028827 0.205867 0.447828 0.152833 0.00511276 0.00151209 0.0276403 0.165021 0 0 0 0 0 0 0 0 0 0 0 38367
0 0 0.00274121 0.203247 0.447821 0.140951 0.00499851 0.00158406 0.0255838 0.172321 0 0 0 0 0 0 0 0 0 0 0 38419
0 0 0.00274121 0.203247 0.447821 0.140951 0.00499851 0.00158406 0.0255838 0.172321 0 0 0 0 0 0 0 0 0 0 0 38471
0 0 0.00253382 0.200109 0.440473 0.119465 0.00486212 0.00166358 0.0249114 0.179624 0 0 0 0 0 0 0 0 0 0 0 38522
0 0 0.00253382 0.200109 0.440473 0.119465 0.00486212 0.00166358 0.0249114 0.179624 0 0 0 0 0 0 0 0 0 0 0 38573
0 0 0.00249653 0.199542 0.438295 0.117343 0.00483949 0.0016761 0.0251567 0.180515 0 0 0 0 0 0 0 0 0 0 0 38625
0 0 0.00260832 0.201312 0.436635 0.11533 0.00491831 0.00162531 0.0264628 0.175338 0 0 0 0 0 0 0 0 0 0 0 38677
0 0 0.0025119 0.200017 0.436549 0.117741 0.00486113 0.00165573 0.0261737 0.178137 0 0 0 0 0 0 0 0 0 0 0 38732
0 0 0.00247032 0.199628 0.435328 0.118901 0.00484874 0.00165942 0.0263619 0.178097 0 0 0 0 0 0 0 0 0 0 0 38783
0 0 0.00250075 0.200504 0.43621 0.134527 0.00489122 0.00162801 0.02715 0.174877 0 0 0 0 0 0 0 0 0 0 0 38838
0 0 0.00245142 0.200286 0.435564 0.150058 0.00488479 0.00162082 0.0274685 0.173523 0 0 0 0 0 0 0 0 0 0 0 38890
0 0 0.0023932 0.199259 0.436377 0.171788 0.00484665 0.00164334 0.0270844 0.175139 0 0 0 0 0 0 0 0 0 0 0 38943
0 0 0.0023932 0.199259 0.436377 0.171788 0.00484665 0.00164334 0.0270844 0.175139 0 0 0 0 0 0 0 0 0 0 0 38994
0 0 0.00225429 0.196477 0.450427 0.152087 0.00474135 0.00171748 0.0257976 0.181649 0 0 0 0 0 0 0 0 0 0 0 39048
0 0 0.00218314 0.194949 0.448587 0.139761 0.00467491 0.00175896 0.0250225 0.185113 0 0 0 0 0 0 0 0 0 0 0 39101
0 0 0.00213962 0.194262 0.431797 0.126884 0.00464657 0.00177254 0.0247173 0.185787 0 0 0 0 0 0 0 0 0 0 0 39154
0 0 0.00213086 0.194157 0.428226 0.121013 0.00464065 0.00177186 0.023863 0.185411 0 0 0 0 0 0 0 0 0 0 0 39205
0 0 0.00212081 0.193884 0.426843 0.123027 0.00462527 0.00177969 0.0232575 0.186187 0 0 0 0 0 0 0 0 0 0 0 39255
0 0 0.00222666 0.196388 0.427549 0.129385 0.00471994 0.0017071 0.0252452 0.179878 0 0 0 0 0 0 0 0 0 0 0 39309
0 0 0.00239091 0.199652 0.43683 0.162215 0.00485624 0.00161513 0.0273061 0.17119 0 0 0 0 0 0 0 0 0 0 0 39360
0 0 0.002636 0.203993 0.456011 0.227321 0.00504663 0.00149969 0.0300689 0.160003 0 0 0 0 0 0 0 0 0 0 0 39413
0 0 0.00309871 0.211347 0.46697 0.33616 0.00537293 0.00132688 0.0345875 0.143204 0 0 0 0 0 0 0 0 0 0 0 39464
0 0 0.00309871 0.211347 0.46697 0.33616 0.00537293 0.00132688 0.0345875 0.143204 0 0 0 0 0 0 0 0 0 0 0 39517
0 0 0.00297482 0.208737 0.468279 0.333744 0.0052666 0.00138358 0.0329773 0.148044 0 0 0 0 0 0 0 0 0 0 0 39570
0 0 0.00284057 0.205884 0.451428 0.319217 0.00513923 0.00145791 0.0303288 0.155463 0 0 0 0 0 0 0 0 0 0 0 39621
0 0 0.00275029 0.202907 0.445398 0.292182 0.0050161 0.00154663 0.027637 0.164207 0 0 0 0 0 0 0 0 0 0 0 39672
0 0 0.00286458 0.201938 0.44545 0.220142 0.00500468 0.00158047 0.0263295 0.166152 0 0 0 0 0 0 0 0 0 0 0 39725
0 0 0.00279923 0.199297 0.443145 0.183704 0.00491518 0.00164744 0.0263357 0.170739 0 0 0 0 0 0 0 0 0 0 0 39779
0 0 0.00301613 0.204052 0.441681 0.164245 0.00509631 0.00151669 0.0293859 0.159708 0 0 0 0 0 0 0 0 0 0 0 39828
0 0 0.00344055 0.211517 0.441828 0.162485 0.00540602 0.00133858 0.0340678 0.143634 0 0 0 0 0 0 0 0 0 0 0 39881
0 0 0.00400237 0.219566 0.441481 0.1779 0.00576766 0.00117354 0.0397295 0.127636 0 0 0 0 0 0 0 0 0 0 0 39932
0 0 0.00400237 0.219566 0.441481 0.1779 0.00576766 0.00117354 0.0397295 0.127636 0 0 0 0 0 0 0 0 0 0 0 39986
0 0 0.00543129 0.236034 0.446974 0.219641 0.00654764 0.000910457 0.0530857 0.101451 0 0 0 0 0 0 0 0 0 0 0 40036
0 0 0.00731506 0.250909 0.446059 0.27549 0.00729239 0.000732172 0.0682365 0.0831198 0 0 0 0 0 0 0 0 0 0 0 40089
0 0 0.00896583 0.262111 0.451951 0.319127 0.00788668 0.000626104 0.0818233 0.0718559 0 0 0 0 0 0 0 0 0 0 0 40139
0 0 0.0106783 0.273229 0.456138 0.377314 0.00849064 0.000539589 0.0971438 0.0626477 0 0 0 0 0 0 0 0 0 0 0 40194
0 0 0.00781897 0.255137 0.453038 0.286204 0.00751589 0.000683298 0.0741997 0.0776481 0 0 0 0 0 0 0 0 0 0 0 40250
0 0 0.00743622 0.252023 0.459378 0.255813 0.00735247 0.000712977 0.0706204 0.0807343 0 0 0 0 0 0 0 0 0 0 0 40302
0 0 0.00534655 0.233951 0.456155 0.189617 0.00644317 0.000924471 0.0523376 0.102242 0 0 0 0 0 0 0 0 0 0 0 40354
0 0 0.00433542 0.223121 0.449229 0.155945 0.00592663 0.0010907 0.0431873 0.1188 0 0 0 0 0 0 0 0 0 0 0 40406
0 0 0.0035848 0.212776 0.436541 0.130627 0.00545249 0.00128493 0.0356255 0.137633 0 0 0 0 0 0 0 0 0 0 0 40459
0 0 0.00307021 0.203407 0.433842 0.115582 0.00504449 0.00149851 0.0298988 0.157576 0 0 0 0 0 0 0 0 0 0 0 40513
0 0 0.00323879 0.205686 0.458915 0.13808 0.00513738 0.00144427 0.0312232 0.15284 0 0 0 0 0 0 0 0 0 0 0 40565
0 0 0.00336896 0.204281 0.488574 0.196163 0.0050902 0.00147363 0.0305205 0.154645 0 0 0 0 0 0 0 0 0 0 0 40616
0 0 0.00303691 0.199294 0.520888 0.229491 0.00489956 0.00159981 0.0282099 0.164912 0 0 0 0 0 0 0 0 0 0 0 40667
0 0 0.00272083 0.19517 0.533486 0.235714 0.00475385 0.00170789 0.0267103 0.172534 0 0 0 0 0 0 0 0 0 0 0 40718
0 0 0.00244108 0.188342 0.546542 0.270421 0.00453752 0.00190672 0.0238546 0.184616 0 0 0 0 0 0 0 0 0 0 0 40770
0 0 0.00216486 0.173066 0.553734 0.35403 0.0041588 0.0023597 0.0204108 0.195555 0 0 0 0 0 0 0 0 0 0 0 40824
0 0 0.00178742 0.140999 0.502454 0.463056 0.00344969 0.00375546 0.0166099 0.201725 0 0 0 0 0 0 0 0 0 0 0 40877
0 0 0.00136726 0.107712 0.443436 0.755114 0.00271423 0.00672537 0.0130962 0.200728 1.68969 0 0 0 0 0 0 0 0 0 0 40932
0 0 0.00136726 0.107712 0.443436 0.755114 0.00271423 0.00672537 0.0130962 0.200728 1.68969 0 0 0 0 0 0 0 0 0 0 40985
0 0 0.000829709 0.0613912 0.266929 0.696057 0.00165089 0.0231472 0.00802244 0.203319 10.1748 0 0 0 0 0 0 0 0 0 0 41038
0 0 0.000516817 0.0371357 0.177312 1.79342 0.00105908 0.0693749 0.00515043 0.203598 17.3884 0 0 0 0 0 0 0 0 0 0 41091
0 0 0.000527606 0.0386865 0.192326 1.66079 0.00109998 0.0631065 0.00539717 0.202118 16.7306 0 0 0 0 0 0 0 0 0 0 41144
0 0 0.000749646 0.0597648 0.2585 0.731931 0.00161486 0.0241764 0.00810432 0.199233 10.4998 0 0 0 0 0 0 0 0 0 0 41194
0 0 0.000862707 0.0708703 0.332434 1.14002 0.00188242 0.0164514 0.00965797 0.19573 7.7642 0 0 0 0 0 0 0 0 0 0 41247
0 0 0.00103249 0.0871276 0.389387 1.0633 0.00226716 0.0104233 0.0117204 0.194269 4.86527 0 0 0 0 0 0 0 0 0 0 41303
0 0 0.00119845 0.105151 0.422779 0.759476 0.00270287 0.00688988 0.0139519 0.193319 2.33077 0 0 0 0 0 0 0 0 0 0 41353
0 0 0.00129944 0.116749 0.435202 0.581928 0.00296722 0.00547795 0.015337 0.193096 1.00864 0 0 0 0 0 0 0 0 0 0 41405
0 0 0.00151658 0.13969 0.450593 0.343175 0.00347388 0.00370194 0.0179891 0.193115 0 0 0 0 0 0 0 0 0 0 0 41458
0 0 0.00167231 0.155914 0.459637 0.248016 0.00384798 0.00291069 0.0198533 0.193018 0 0 0 0 0 0 0 0 0 0 0 41509
0 0 0.00176368 0.165718 0.442274 0.168246 0.00406053 0.00254682 0.0209487 0.192928 0 0 0 0 0 0 0 0 0 0 0 41563
0 0 0.00176368 0.165718 0.442274 0.168246 0.00406053 0.00254682 0.0209487 0.192928 0 0 0 0 0 0 0 0 0 0 0 41616
0 0 0.00190899 0.181122 0.450091 0.129481 0.00436639 0.00209628 0.0226755 0.192898 0 0 0 0 0 0 0 0 0 0 0 41667
0 0 0.00198312 0.188701 0.463241 0.126412 0.00450223 0.00191628 0.0235011 0.192934 0 0 0 0 0 0 0 0 0 0 0 41720
0 0 0.00201079 0.191237 0.482928 0.143295 0.00453868 0.00186107 0.0237852 0.192957 0 0 0 0 0 0 0 0 0 0 0 41770
0 0 0.00204589 0.192254 0.477357 0.134063 0.00454343 0.00183993 0.0238665 0.193063 0 0 0 0 0 0 0 0 0 0 0 41821
0 0 0.0020959 0.192498 0.470745 0.125894 0.00453686 0.00183603 0.0238467 0.193291 0 0 0 0 0 0 0 0 0 0 0 41874
0 0 0.00218727 0.192625 0.465641 0.120545 0.00453339 0.00183385 0.0238024 0.193408 0 0 0 0 0 0 0 0 0 0 0 41925
0 0 0.00234584 0.192667 0.464429 0.119185 0.004529 0.00183288 0.0238113 0.193487 0 0 0 0 0 0 0 0 0 0 0 41977
0 0 0.00234584 0.192667 0.464429 0.119185 0.004529 0.00183288 0.0238113 0.193487 0 0 0 0 0 0 0 0 0 0 0 42027
0 0 0.00239097 0.192694 0.459574 0.115868 0.00452455 0.0018333 0.0237537 0.193733 0 0 0 0 0 0 0 0 0 0 0 42078
0 0 0.00248619 0.192707 0.466635 0.126499 0.00451908 0.00183566 0.0236912 0.194255 0 0 0 0 0 0 0 0 0 0 0 42129
0 0 0.0024386 0.192713 0.470036 0.123574 0.00451674 0.00184077 0.0236127 0.195088 0 0 0 0 0 0 0 0 0 0 0 42179
0 0 0.00242728 0.192714 0.488408 0.147703 0.00451946 0.00184051 0.0235669 0.194981 0 0 0 0 0 0 0 0 0 0 0 42230
0 0 0.00263095 0.192715 0.487892 0.148226 0.0045205 0.00184021 0.0235579 0.19492 0 0 0 0 0 0 0 0 0 0 0 42281
0 0 0.00265587 0.192715 0.490419 0.149178 0.00452321 0.00183627 0.0236831 0.194278 0 0 0 0 0 0 0 0 0 0 0 42331
0 0 0.00286796 0.192713 0.498949 0.173568 0.00452566 0.00183613 0.0237015 0.194239 0 0 0 0 0 0 0 0 0 0 0 42382
0 0 0.00331171 0.192709 0.498675 0.236009 0.00452448 0.00183757 0.0237101 0.194503 0 0 0 0 0 0 0 0 0 0 0 42433
0 0 0.00386344 0.192707 0.510297 0.328884 0.00452762 0.00184019 0.0236846 0.194834 0 0 0 0 0 0 0 0 0 0 0 42484
0 0 0.00386344 0.192707 0.510297 0.328884 0.00452762 0.00184019 0.0236846 0.194834 0 0 0 0 0 0 0 0 0 0 0 42536
0 0 0.0088086 0.192706 0.54745 1.86202 0.00452991 0.0018412 0.0235383 0.195001 -0.81266 0 0 0 0 0 0 0 0 0 0 42587
0 0 0.0152346 0.192706 0.531988 5.76307 0.00452929 0.00183972 0.0235086 0.194863 -6.49373 0 0 0 0 0 0 0 0 0 0 42639
0 0 0.0201721 0.1927 0.504378 10.0366 0.00452981 0.0018373 0.0234509 0.194539 -9.48041 0 0 0 0 0 0 0 0 0 0 42691
0 0 0.0201721 0.1927 0.504378 10.0366 0.00452981 0.0018373 0.0234509 0.194539 -9.48041 0 0 0 0 0 0 0 0 0 0 42743
0 0 0.0210563 0.192698 0.470434 10.6524 0.00453062 0.00183532 0.0228174 0.194208 -10.4078 0 0 0 0 0 0 0 0 0 0 42795
0 0 0.0203663 0.192692 0.447895 9.47994 0.00453185 0.00183618 0.0215376 0.194184 -10.9564 0 0 0 0 0 0 0 0 0 0 42847
0 0 0.0124847 0.192683 0.412589 3.23373 0.00453358 0.00184038 0.0183358 0.194724 -8.68961 0 0 0 0 0 0 0 0 0 0 42899
0 0 0.011586 0.192671 0.382055 2.43809 0.00453545 0.00184025 0.012993 0.194637 -14.4077 0 0 0 0 0 0 0 0 0 0 42951
0 0 0.00839899 0.192672 0.378249 4.58667 0.0045389 0.00183679 0.00868198 0.194081 -19.5233 0 0 0 0 0 0 0 0 0 0 43003
0 0 0.00799811 0.192676 0.314758 5.83646 0.0045442 0.00183453 0.00772699 0.193655 -19.6253 0 0 0 0 0 0 0 0 0 0 43054
0 0 0.0092158 0.192678 0.213644 3.22902 0.00454784 0.00183294 0.00785922 0.193451 -16.773 0 0 0 0 0 0 0 0 0 0 43106
0 0 0.00933342 0.192684 0.171802 2.68691 0.00454814 0.00183358 0.00762836 0.193536 -15.2341 0 0 0 0 0 0 0 0 0 0 43157
0 0 0.0225006 0.192692 0.0743784 1.02009 0.00454697 0.00183365 0.00767813 0.193553 -15.3616 0 0 0 0 0 0 0 0 0 0 43209
0 0 0.0482466 0.192706 0.0365251 2.81912 0.00454783 0.00183535 0.00802057 0.193815 -14.8244 0 0 0 0 0 0 0 0 0 0 43261
0 0 0.0539563 0.192727 0.0302914 3.6739 0.00455372 0.00183706 0.00782175 0.19406 -14.4843 0 0 0 0 0 0 0 0 0 0 43313
0 0 0.103479 0.192747 0.018543 7.27673 0.00455938 0.00183777 0.00674523 0.194152 -19.0417 0 0 0 0 0 0 0 0 0 0 43362
0 0 0.124789 0.192803 0.0212955 6.09788 0.00456305 0.00183436 0.00711827 0.193653 -21.3081 0 0 0 0 0 0 0 0 0 0 43413
